KEY_CODE,HYOSYO,CITYNAME,NAME,HTKSYORI,HTKSAKI,GASSAN,T000852001,T000852002,T000852003
,,,,,,,ZɏZވʐ,,c؉
47201,1,ߔes,,0,,,134410,52475,68261
472010010,2,ߔes,,0,,,2020,589,1256
47201001001,3,ߔes,P,0,,,732,178,532
47201001002,3,ߔes,Q,0,,,607,230,362
47201001003,3,ߔes,R,0,,,681,181,362
472010020,2,ߔes,,0,,,76,71,2
472010030,2,ߔes,R[h0030̌v,0,,,3680,1124,2151
47201003000,3,ߔes,,0,,,1671,613,874
47201003001,3,ߔes,ӂP,0,,,777,223,502
47201003002,3,ߔes,ӂQ,0,,,1232,288,775
472010040,2,ߔes,R[h0040̌v,0,,,3177,951,2073
47201004000,3,ߔes,Vv,0,,,1297,440,832
47201004001,3,ߔes,VvP,0,,,779,234,486
47201004002,3,ߔes,VvQ,0,,,1101,277,755
472010050,2,ߔes,,0,,,1490,558,892
47201005001,3,ߔes,P,0,,,636,186,434
47201005002,3,ߔes,Q,0,,,854,372,458
472010060,2,ߔes,R[h0060̌v,0,,,1270,434,611
47201006000,3,ߔes,V,0,,,556,120,239
47201006001,3,ߔes,VP,0,,,714,314,372
472010070,2,ߔes,R,0,,,97,70,22
472010080,2,ߔes,v,0,,,1559,559,914
47201008001,3,ߔes,vĂP,0,,,665,227,394
47201008002,3,ߔes,vĂQ,0,,,894,332,520
472010090,2,ߔes,vΒn,0,,,1011,287,682
47201009001,3,ߔes,vΒnP,0,,,47,31,15
47201009002,3,ߔes,vΒnQ,0,,,655,154,471
47201009003,3,ߔes,vΒnR,0,,,309,102,196
472010100,2,ߔes,^,0,,,2040,976,998
47201010001,3,ߔes,^ӂP,0,,,602,301,286
47201010002,3,ߔes,^ӂQ,0,,,1183,531,602
47201010003,3,ߔes,^ӂR,0,,,255,144,110
472010110,2,ߔes,,0,,,1309,305,874
47201011001,3,ߔes,҂P,0,,,827,188,571
47201011002,3,ߔes,҂Q,0,,,482,117,303
47201011003,3,ߔes,҂R,0,,,-,-,-
472010120,2,ߔes,ِ,0,,,1950,598,634
47201012001,3,ߔes,ِP,0,,,678,251,230
47201012002,3,ߔes,ِQ,0,,,716,342,261
47201012003,3,ߔes,ِR,0,,,556,5,143
472010130,2,ߔes,ى,0,,,1972,680,1224
47201013001,3,ߔes,ىP,0,,,980,357,591
47201013002,3,ߔes,ىQ,0,,,992,323,633
472010140,2,ߔes,,0,,,2676,1169,1393
47201014001,3,ߔes,P,0,,,1197,559,584
47201014002,3,ߔes,Q,0,,,774,297,446
47201014003,3,ߔes,R,0,,,705,313,363
472010150,2,ߔes,ʓ,0,,,-,-,-
472010160,2,ߔes,,0,,,2150,501,1161
47201016001,3,ߔes,P,0,,,788,219,539
47201016002,3,ߔes,Q,0,,,641,185,382
47201016003,3,ߔes,R,0,,,721,97,240
472010180,2,ߔes,,0,,,654,245,376
472010190,2,ߔes,,0,,,1677,764,842
47201019001,3,ߔes,P,0,,,1311,605,647
47201019002,3,ߔes,Q,0,,,366,159,195
472010200,2,ߔes,O,0,,,2093,664,1360
47201020001,3,ߔes,OP,0,,,581,187,367
47201020002,3,ߔes,OQ,0,,,864,267,568
47201020003,3,ߔes,OR,0,,,648,210,425
472010210,2,ߔes,qu,0,,,2879,1205,1573
47201021001,3,ߔes,quP,0,,,677,382,266
47201021002,3,ߔes,quQ,0,,,1011,392,588
47201021003,3,ߔes,quR,0,,,1191,431,719
472010220,2,ߔes,,0,,,2109,1119,928
47201022001,3,ߔes,P,0,,,771,380,366
47201022002,3,ߔes,Q,0,,,1338,739,562
472010230,2,ߔes,R,0,,,1086,391,622
47201023001,3,ߔes,RP,0,,,540,213,266
47201023002,3,ߔes,RQ,0,,,546,178,356
472010240,2,ߔes,`,0,,,78,54,20
47201024001,3,ߔes,`P,0,,,-,-,-
47201024002,3,ߔes,`Q,0,,,78,54,20
47201024003,3,ߔes,`R,0,,,-,-,-
47201024004,3,ߔes,`S,0,,,-,-,-
472010250,2,ߔes,R[h0250̌v,0,,,2773,472,1641
47201025000,3,ߔes,,0,,,464,65,130
47201025001,3,ߔes,P,0,,,928,102,524
47201025002,3,ߔes,Q,0,,,678,154,478
47201025003,3,ߔes,R,0,,,703,151,509
472010260,2,ߔes,R,0,,,822,414,373
472010270,2,ߔes,ዷ,0,,,2086,812,961
47201027001,3,ߔes,ዷP,0,,,446,180,250
47201027002,3,ߔes,ዷQ,0,,,658,236,375
47201027003,3,ߔes,ዷR,0,,,982,396,336
472010280,2,ߔes,_Ԓ,0,,,31,24,6
47201028000,3,ߔes,_Ԓ,0,,,-,-,-
47201028001,3,ߔes,_ԒP,0,,,-,-,-
47201028002,3,ߔes,_ԒQ,0,,,-,-,-
47201028003,3,ߔes,_ԒR,0,,,31,24,6
472010290,2,ߔes,񗢐ԓc,0,,,334,250,76
47201029001,3,ߔes,񗢐ԓcP,0,,,141,105,34
47201029002,3,ߔes,񗢐ԓcQ,0,,,137,106,26
47201029003,3,ߔes,񗢐ԓcR,0,,,56,39,16
472010300,2,ߔes,񗢐ԕ,0,,,428,276,142
47201030001,3,ߔes,񗢐ԕP,0,,,140,109,27
47201030002,3,ߔes,񗢐ԕQ,0,,,288,167,115
472010310,2,ߔes,񗢒r[,0,,,82,54,26
472010320,2,ߔes,񗢐Η䒬,0,,,7693,3646,2688
47201032001,3,ߔes,񗢐Η䒬P,0,,,1037,563,357
47201032002,3,ߔes,񗢐Η䒬Q,0,,,2363,909,665
47201032003,3,ߔes,񗢐Η䒬R,0,,,1367,835,495
47201032004,3,ߔes,񗢐Η䒬S,0,,,2926,1339,1171
472010330,2,ߔes,񗢑喼,0,,,1502,754,305
47201033001,3,ߔes,񗢑喼P,0,,,545,400,133
47201033002,3,ߔes,񗢑喼Q,0,,,277,215,54
47201033003,3,ߔes,񗢑喼R,0,,,680,139,118
472010340,2,ߔes,񗢑咆,0,,,270,226,36
47201034001,3,ߔes,񗢑咆P,0,,,171,148,18
47201034002,3,ߔes,񗢑咆Q,0,,,99,78,18
472010350,2,ߔes,񗢋钬,0,,,835,621,177
47201035001,3,ߔes,񗢋钬P,0,,,233,138,80
47201035002,3,ߔes,񗢋钬Q,0,,,139,102,30
47201035003,3,ߔes,񗢋钬R,0,,,107,82,22
47201035004,3,ߔes,񗢋钬S,0,,,356,299,45
472010360,2,ߔes,񗢋Vے,0,,,524,335,173
47201036001,3,ߔes,񗢋VےP,0,,,128,81,47
47201036002,3,ߔes,񗢋VےQ,0,,,79,39,36
47201036003,3,ߔes,񗢋VےR,0,,,144,75,63
47201036004,3,ߔes,񗢋VےS,0,,,173,140,27
472010370,2,ߔes,񗢋v쒬,0,,,1492,584,405
47201037001,3,ߔes,񗢋v쒬P,0,,,466,273,179
47201037002,3,ߔes,񗢋v쒬Q,0,,,1026,311,226
472010380,2,ߔes,񗢍R,0,,,697,488,182
47201038001,3,ߔes,񗢍RP,0,,,229,137,76
47201038002,3,ߔes,񗢍RQ,0,,,69,51,14
47201038003,3,ߔes,񗢍RR,0,,,166,96,67
47201038004,3,ߔes,񗢍RS,0,,,233,204,25
472010390,2,ߔes,񗢊쒬,0,,,580,359,201
47201039001,3,ߔes,񗢊쒬P,0,,,269,170,90
47201039002,3,ߔes,񗢊쒬Q,0,,,311,189,111
472010400,2,ߔes,񗢖g,0,,,1498,827,574
47201040001,3,ߔes,񗢖gP,0,,,257,201,48
47201040002,3,ߔes,񗢖gQ,0,,,442,279,129
47201040003,3,ߔes,񗢖gR,0,,,632,293,288
47201040004,3,ߔes,񗢖gS,0,,,167,54,109
472010410,2,ߔes,񗢕ǒ,0,,,574,329,229
47201041001,3,ߔes,񗢕ǒP,0,,,386,236,143
47201041002,3,ߔes,񗢕ǒQ,0,,,188,93,86
472010420,2,ߔes,񗢒ǒ,0,,,814,368,293
47201042001,3,ߔes,񗢒ǒP,0,,,150,85,61
47201042002,3,ߔes,񗢒ǒQ,0,,,171,136,32
47201042003,3,ߔes,񗢒ǒR,0,,,493,147,200
472010430,2,ߔes,񗢓,0,,,542,295,184
47201043001,3,ߔes,񗢓P,0,,,221,137,78
47201043002,3,ߔes,񗢓Q,0,,,288,138,93
47201043003,3,ߔes,񗢓R,0,,,33,20,13
472010440,2,ߔes,񗢓,0,,,318,186,120
47201044001,3,ߔes,񗢓P,0,,,154,79,69
47201044002,3,ߔes,񗢓Q,0,,,164,107,51
472010450,2,ߔes,񗢒x,0,,,1683,981,519
47201045001,3,ߔes,񗢒xP,0,,,80,33,47
47201045002,3,ߔes,񗢒xQ,0,,,140,76,62
47201045003,3,ߔes,񗢒xR,0,,,176,107,61
47201045004,3,ߔes,񗢒xS,0,,,899,577,296
47201045005,3,ߔes,񗢒xT,0,,,388,188,53
472010460,2,ߔes,񗢐^au,0,,,153,104,42
47201046001,3,ߔes,񗢐^auP,0,,,87,55,27
47201046002,3,ߔes,񗢐^auQ,0,,,66,49,15
472010470,2,ߔes,񗢎R쒬,0,,,943,693,226
47201047001,3,ߔes,񗢎R쒬P,0,,,497,394,89
47201047002,3,ߔes,񗢎R쒬Q,0,,,199,136,59
47201047003,3,ߔes,񗢎R쒬R,0,,,247,163,78
472010480,2,ߔes,R[h0480̌v,0,,,1213,332,529
47201048000,3,ߔes,ԗ,0,,,-,-,-
47201048001,3,ߔes,ԗP,0,,,494,126,318
47201048002,3,ߔes,ԗQ,0,,,719,206,211
472010491,2,ߔes,Fh,0,,,3836,1409,1520
47201049101,3,ߔes,FhP,0,,,755,272,375
47201049102,3,ߔes,FhQ,0,,,474,302,149
47201049103,3,ߔes,FhR,0,,,1237,498,669
47201049104,3,ߔes,FhS,0,,,990,136,160
47201049105,3,ߔes,FhT,0,,,157,109,42
47201049106,3,ߔes,FhU,0,,,223,92,125
472010492,2,ߔes,Fh,0,,,1182,439,700
472010501,2,ߔes,\,0,,,3195,1035,1985
47201050101,3,ߔes,\P,0,,,1549,443,1012
47201050102,3,ߔes,\Q,0,,,261,70,179
47201050103,3,ߔes,\R,0,,,337,113,210
47201050104,3,ߔes,\S,0,,,598,287,291
47201050105,3,ߔes,\T,0,,,450,122,293
472010502,2,ߔes,\,0,,,3584,1606,1714
472010510,2,ߔes,,0,,,95,9,76
472010520,2,ߔes,,0,,,883,242,598
472010530,2,ߔes,R[h0530̌v,0,,,2343,874,1098
47201053000,3,ߔes,u,0,,,-,-,-
47201053001,3,ߔes,uP,0,,,678,244,308
47201053002,3,ߔes,uQ,0,,,726,348,265
47201053003,3,ߔes,uR,0,,,939,282,525
472010540,2,ߔes,R[h0540̌v,0,,,1224,514,665
47201054000,3,ߔes,,0,,,-,-,-
47201054001,3,ߔes,ǂP,0,,,307,113,185
47201054002,3,ߔes,ǂQ,0,,,696,357,309
47201054003,3,ߔes,ǂR,0,,,221,44,171
472010550,2,ߔes,R[h0550̌v,0,,,2487,678,985
47201055000,3,ߔes,c,0,,,793,416,341
47201055001,3,ߔes,cP,0,,,435,85,304
47201055002,3,ߔes,cQ,0,,,125,32,88
47201055003,3,ߔes,cR,0,,,918,70,140
47201055004,3,ߔes,cS,0,,,216,75,112
472010560,2,ߔes,R[h0560̌v,0,,,390,203,133
47201056000,3,ߔes,{,0,,,-,-,-
47201056001,3,ߔes,{P,0,,,390,203,133
472010570,2,ߔes,,0,,,-,-,-
472010580,2,ߔes,,0,,,2056,685,1226
47201058001,3,ߔes,P,0,,,310,165,132
47201058002,3,ߔes,Q,0,,,742,226,450
47201058003,3,ߔes,R,0,,,167,71,91
47201058004,3,ߔes,S,0,,,191,29,149
47201058005,3,ߔes,T,0,,,646,194,404
472010590,2,ߔes,Ôg,0,,,3981,1296,1987
47201059001,3,ߔes,ÔgP,0,,,1191,506,653
47201059002,3,ߔes,ÔgQ,0,,,946,227,551
47201059003,3,ߔes,ÔgR,0,,,1458,402,572
47201059004,3,ߔes,ÔgS,0,,,386,161,211
472010600,2,ߔes,R[h0600̌v,0,,,2889,964,1855
47201060000,3,ߔes,^V,0,,,1569,498,1029
47201060001,3,ߔes,^VP,0,,,632,260,358
47201060002,3,ߔes,^VQ,0,,,688,206,468
472010610,2,ߔes,R[h0610̌v,0,,,3289,1217,1922
47201061000,3,ߔes,,0,,,1888,733,1097
47201061001,3,ߔes,P,0,,,312,123,166
47201061002,3,ߔes,Q,0,,,579,177,360
47201061003,3,ߔes,R,0,,,510,184,299
472010620,2,ߔes,R[h0620̌v,0,,,1846,632,915
47201062000,3,ߔes,,0,,,1436,428,719
47201062001,3,ߔes,ԂP,0,,,410,204,196
472010630,2,ߔes,,0,,,4821,1300,3319
472010640,2,ߔes,R[h0640̌v,0,,,3021,1386,1477
47201064000,3,ߔes,,0,,,529,227,290
47201064001,3,ߔes,P,0,,,950,423,420
47201064002,3,ߔes,Q,0,,,375,191,177
47201064003,3,ߔes,R,0,,,921,390,508
47201064004,3,ߔes,S,0,,,246,155,82
472010650,2,ߔes,哹,0,,,1483,644,783
472010660,2,ߔes,^,0,,,1649,546,1061
472010670,2,ߔes,c,0,,,3284,968,2249
47201067001,3,ߔes,cP,0,,,942,209,708
47201067002,3,ߔes,cQ,0,,,2342,759,1541
472010680,2,ߔes,ɑ,0,,,3930,1907,1528
47201068001,3,ߔes,ɑP,0,,,1156,505,531
47201068002,3,ߔes,ɑQ,0,,,740,379,216
47201068003,3,ߔes,ɑR,0,,,614,234,200
47201068004,3,ߔes,ɑS,0,,,636,428,187
47201068005,3,ߔes,ɑT,0,,,784,361,394
472010690,2,ߔes,R[h0690̌v,0,,,1471,567,868
47201069000,3,ߔes,Ó,0,,,111,29,81
47201069001,3,ߔes,ÓP,0,,,611,214,378
47201069002,3,ߔes,ÓQ,0,,,749,324,409
472010700,2,ߔes,^n,0,,,1484,464,611
472010710,2,ߔes,^Ô,0,,,2344,554,1697
47201071001,3,ߔes,^ÔP,0,,,673,134,502
47201071002,3,ߔes,^ÔQ,0,,,1112,266,804
47201071003,3,ߔes,^ÔR,0,,,559,154,391
472010720,2,ߔes,R[h0720̌v,0,,,3513,1497,1824
47201072000,3,ߔes,,0,,,1229,551,654
47201072001,3,ߔes,P,0,,,625,321,292
47201072002,3,ߔes,Q,0,,,690,274,288
47201072003,3,ߔes,R,0,,,969,351,590
472010730,2,ߔes,O,0,,,2925,1317,1524
47201073001,3,ߔes,OP,0,,,955,298,636
47201073002,3,ߔes,OQ,0,,,1255,609,603
47201073003,3,ߔes,OR,0,,,715,410,285
472010740,2,ߔes,R[h0740̌v,0,,,2765,1352,1349
47201074000,3,ߔes,{,0,,,264,79,180
47201074001,3,ߔes,{P,0,,,734,404,306
47201074002,3,ߔes,{Q,0,,,1054,518,518
47201074003,3,ߔes,{R,0,,,713,351,345
472010750,2,ߔes,ߔe`,0,,,-,-,-
472010760,2,ߔes,Zg,0,,,-,-,-
47201076001,3,ߔes,ZgP,0,,,-,-,-
47201076002,3,ߔes,ZgQ,0,,,-,-,-
47201076003,3,ߔes,ZgR,0,,,-,-,-
472010770,2,ߔes,,0,,,-,-,-
472010780,2,ߔes,,0,,,-,-,-
472010790,2,ߔes,,0,,,820,334,465
47201079001,3,ߔes,P,0,,,461,136,310
47201079002,3,ߔes,Q,0,,,359,198,155
472010800,2,ߔes,܂,0,,,2680,1092,1411
47201080001,3,ߔes,܂P,0,,,475,346,105
47201080002,3,ߔes,܂Q,0,,,572,399,145
47201080003,3,ߔes,܂R,0,,,449,129,290
47201080004,3,ߔes,܂S,0,,,1184,218,871
47205,1,Xps,,0,,,39056,15641,21460
472050010,2,Xps,F,0,,,1268,511,729
47205001001,3,Xps,FP,0,,,734,293,429
47205001002,3,Xps,FQ,0,,,534,218,300
472050020,2,Xps,ɍ,0,,,1737,487,1036
47205002001,3,Xps,ɍP,0,,,146,62,79
47205002002,3,Xps,ɍQ,0,,,583,140,436
47205002003,3,Xps,ɍR,0,,,682,278,384
47205002004,3,Xps,ɍS,0,,,326,7,137
472050030,2,Xps,V,0,,,1687,678,946
47205003001,3,Xps,VP,0,,,591,278,294
47205003002,3,Xps,VQ,0,,,1096,400,652
472050040,2,Xps,V,0,,,1576,740,798
47205004001,3,Xps,VԂP,0,,,743,370,357
47205004002,3,Xps,VԂQ,0,,,833,370,441
472050050,2,Xps,쐓,0,,,2893,1434,1391
47205005001,3,Xps,쐓P,0,,,1144,446,680
47205005002,3,Xps,쐓Q,0,,,761,344,405
47205005003,3,Xps,쐓R,0,,,546,337,193
47205005004,3,Xps,쐓S,0,,,442,307,113
472050060,2,Xps,㌴,0,,,948,433,498
47205006001,3,Xps,㌴P,0,,,450,192,248
47205006002,3,Xps,㌴Q,0,,,498,241,250
472050071,2,Xps,ԓ,0,,,853,356,478
47205007101,3,Xps,ԓP,0,,,397,139,250
47205007102,3,Xps,ԓQ,0,,,456,217,228
472050080,2,Xps,m,0,,,1913,785,768
47205008001,3,Xps,mP,0,,,292,140,146
47205008002,3,Xps,mQ,0,,,861,299,227
47205008003,3,Xps,mR,0,,,760,346,395
472050091,2,Xps,_R,0,,,473,232,231
472050100,2,Xps,Xp,0,,,2781,916,1819
47205010001,3,Xps,XpP,0,,,843,320,502
47205010002,3,Xps,XpQ,0,,,890,213,666
47205010003,3,Xps,XpR,0,,,1048,383,651
472050111,2,Xps,c,0,,,1678,751,902
47205011101,3,Xps,cP,0,,,486,210,270
47205011102,3,Xps,cQ,0,,,281,123,152
47205011103,3,Xps,cR,0,,,480,243,231
47205011104,3,Xps,cS,0,,,431,175,249
472050120,2,Xps,u^u,0,,,2711,759,1755
47205012001,3,Xps,u^uP,0,,,853,152,520
47205012002,3,Xps,u^uQ,0,,,524,200,319
47205012003,3,Xps,u^uR,0,,,752,99,646
47205012004,3,Xps,u^uS,0,,,582,308,270
472050131,2,Xps,@,0,,,3766,1068,2490
47205013101,3,Xps,@ÂP,0,,,1088,342,731
47205013102,3,Xps,@ÂQ,0,,,1643,324,1159
47205013103,3,Xps,@ÂR,0,,,492,145,326
47205013104,3,Xps,@ÂS,0,,,543,257,274
472050132,2,Xps,@,0,,,196,74,117
472050140,2,Xps,^,0,,,634,312,310
472050150,2,Xps,^h,0,,,2679,1124,1512
47205015001,3,Xps,^hP,0,,,1019,456,552
47205015002,3,Xps,^hQ,0,,,813,378,419
47205015003,3,Xps,^hR,0,,,847,290,541
472050160,2,Xps,Ð,0,,,1806,1020,754
47205016001,3,Xps,ÐP,0,,,267,169,91
47205016002,3,Xps,ÐQ,0,,,466,213,249
47205016003,3,Xps,ÐR,0,,,555,297,245
47205016004,3,Xps,ÐS,0,,,518,341,169
472050171,2,Xps,Ӗ,0,,,2298,1089,970
47205017101,3,Xps,ӖP,0,,,510,218,286
47205017102,3,Xps,ӖQ,0,,,520,274,236
47205017103,3,Xps,ӖR,0,,,195,118,73
47205017104,3,Xps,ӖS,0,,,444,247,187
47205017105,3,Xps,ӖT,0,,,629,232,188
472050172,2,Xps,Ӗ,0,,,367,119,238
472050180,2,Xps,Fn,0,,,1490,607,847
472050191,2,Xps,^u,0,,,2134,851,1199
47205019101,3,Xps,^uP,0,,,439,195,234
47205019102,3,Xps,^uQ,0,,,818,264,504
47205019103,3,Xps,^uR,0,,,877,392,461
47205019104,3,Xps,^uS,0,,,-,-,-
472050192,2,Xps,^u,0,,,218,80,132
472050200,2,Xps,R,0,,,2950,1215,1540
47205020001,3,Xps,RP,0,,,249,123,120
47205020002,3,Xps,RQ,0,,,629,236,375
47205020003,3,Xps,RR,0,,,730,248,454
47205020004,3,Xps,RS,0,,,327,180,126
47205020005,3,Xps,RT,0,,,275,156,113
47205020006,3,Xps,RU,0,,,627,177,336
47205020007,3,Xps,RV,0,,,113,95,16
47207,1,Ί_s,,0,,,20057,8975,8421
472070010,2,Ί_s,o,0,,,3955,1656,1626
47207001000,3,Ί_s,o,0,,,3597,1604,1562
47207001001,3,Ί_s,o,0,,,358,52,64
47207001002,3,Ί_s,ot,0,,,-,-,-
472070020,2,Ί_s,,0,,,1503,681,749
472070030,2,Ί_s,Ί_,0,,,1659,768,791
472070040,2,Ί_s,V,0,,,3423,1452,1307
472070050,2,Ί_s,蒬,0,,,300,49,233
472070060,2,Ί_s,Vh,0,,,1087,416,613
472070070,2,Ί_s,,0,,,146,118,13
472070080,2,Ί_s,},0,,,68,45,17
472070090,2,Ί_s,약,0,,,404,237,131
472070100,2,Ί_s,C,0,,,112,73,24
472070110,2,Ί_s,,0,,,1148,473,528
472070120,2,Ί_s,^h,0,,,2280,675,1225
472070130,2,Ί_s,l,0,,,1581,857,491
472070140,2,Ί_s,{,0,,,664,421,168
472070150,2,Ί_s,,0,,,621,479,102
472070160,2,Ί_s,,0,,,147,128,7
472070170,2,Ί_s,Ɍ,0,,,133,101,10
472070180,2,Ί_s,v,0,,,64,50,9
472070190,2,Ί_s,,0,,,140,102,34
472070200,2,Ί_s,l蒬,0,,,516,143,304
472070210,2,Ί_s,,0,,,106,51,39
472070220,2,Ί_s,,0,,,-,-,-
47208,1,YYs,,0,,,43763,18531,22415
472080011,2,YYs,,0,,,1520,794,685
47208001101,3,YYs,ԂP,0,,,468,225,233
47208001102,3,YYs,ԂQ,0,,,661,321,318
47208001103,3,YYs,ԂR,0,,,391,248,134
472080012,2,YYs,,0,,,14,-,14
472080020,2,YYs,g,0,,,1740,922,707
47208002001,3,YYs,gP,0,,,971,629,316
47208002002,3,YYs,gQ,0,,,362,93,240
47208002003,3,YYs,gR,0,,,407,200,151
472080031,2,YYs,ɑc,0,,,3297,1248,1967
47208003101,3,YYs,ɑcP,0,,,920,346,549
47208003102,3,YYs,ɑcQ,0,,,986,313,654
47208003103,3,YYs,ɑcR,0,,,766,368,380
47208003104,3,YYs,ɑcS,0,,,390,106,269
47208003105,3,YYs,ɑcT,0,,,235,115,115
472080032,2,YYs,ɑc,0,,,-,-,-
472080041,2,YYs,q`,0,,,3206,1468,1218
47208004101,3,YYs,q`P,0,,,1219,534,482
47208004102,3,YYs,q`Q,0,,,745,319,406
47208004103,3,YYs,q`R,0,,,340,238,98
47208004104,3,YYs,q`S,0,,,548,169,95
47208004105,3,YYs,q`T,1,,0042,354,208,137
472080042,2,YYs,q`,2,004105,,X,X,X
472080051,2,YYs,`,0,,,2045,1262,739
47208005101,3,YYs,`P,0,,,969,569,382
47208005102,3,YYs,`Q,0,,,1076,693,357
472080052,2,YYs,`,0,,,605,260,106
472080061,2,YYs,,0,,,3926,1519,1937
47208006101,3,YYs,ԂP,0,,,535,279,236
47208006102,3,YYs,ԂQ,0,,,726,239,463
47208006103,3,YYs,ԂR,0,,,757,256,490
47208006104,3,YYs,ԂS,0,,,1908,745,748
472080062,2,YYs,,0,,,108,96,11
472080071,2,YYs,xc,0,,,1938,827,1065
47208007101,3,YYs,xcP,0,,,356,88,263
47208007102,3,YYs,xcQ,0,,,842,418,407
47208007103,3,YYs,xcR,0,,,519,243,265
47208007104,3,YYs,xcS,0,,,221,78,130
472080080,2,YYs,{,0,,,4828,1640,3040
47208008001,3,YYs,{P,0,,,889,279,583
47208008002,3,YYs,{Q,0,,,865,282,556
47208008003,3,YYs,{R,0,,,905,256,634
47208008004,3,YYs,{S,0,,,955,261,649
47208008005,3,YYs,{T,0,,,439,190,241
47208008006,3,YYs,{U,0,,,775,372,377
472080091,2,YYs,,0,,,1605,659,823
47208009101,3,YYs,P,0,,,715,331,368
47208009102,3,YYs,Q,0,,,387,115,267
47208009103,3,YYs,R,0,,,503,213,188
472080111,2,YYs,q,0,,,1841,802,985
47208011101,3,YYs,qP,0,,,718,292,414
47208011102,3,YYs,qQ,0,,,778,375,373
47208011103,3,YYs,qR,0,,,317,115,190
47208011104,3,YYs,qS,1,,0113,28,20,8
472080112,2,YYs,p,0,,,-,-,-
472080113,2,YYs,ɓޕ,2,011104,,X,X,X
472080121,2,YYs,,0,,,3869,1192,2383
47208012101,3,YYs,ԂP,0,,,486,123,321
47208012102,3,YYs,ԂQ,0,,,993,238,577
47208012103,3,YYs,ԂR,0,,,795,233,546
47208012104,3,YYs,ԂS,0,,,925,381,515
47208012105,3,YYs,ԂT,0,,,670,217,424
472080131,2,YYs,,0,,,1370,568,665
47208013101,3,YYs,򛬂P,0,,,857,403,428
47208013102,3,YYs,򛬂Q,0,,,513,165,237
472080132,2,YYs,,0,,,320,144,166
472080141,2,YYs,o,0,,,351,199,144
472080142,2,YYs,o,0,,,1505,573,780
472080151,2,YYs,Oc,0,,,1587,750,676
47208015101,3,YYs,OcP,0,,,846,423,329
47208015102,3,YYs,OcQ,0,,,260,98,109
47208015103,3,YYs,OcR,0,,,230,102,123
47208015104,3,YYs,OcS,0,,,251,127,115
472080152,2,YYs,Oc,0,,,839,499,320
472080161,2,YYs,,0,,,3865,1651,2141
47208016101,3,YYs,P,0,,,873,326,526
47208016102,3,YYs,Q,0,,,513,173,327
47208016103,3,YYs,R,0,,,249,107,135
47208016104,3,YYs,S,0,,,699,259,427
47208016105,3,YYs,T,0,,,979,500,471
47208016106,3,YYs,U,0,,,552,286,255
472080171,2,YYs,R,0,,,1255,496,730
47208017101,3,YYs,RP,0,,,300,160,134
47208017102,3,YYs,RQ,0,,,929,334,572
47208017103,3,YYs,RR,0,,,26,2,24
472080181,2,YYs,啽,0,,,1824,789,988
47208018101,3,YYs,啽P,0,,,857,371,470
47208018102,3,YYs,啽Q,0,,,629,255,356
47208018103,3,YYs,啽R,0,,,338,163,162
472080182,2,YYs,啽,0,,,305,173,125
472080190,2,YYs,F,0,,,-,-,-
47208019000,3,YYs,F,0,,,-,-,-
47208019001,3,YYs,FP,0,,,-,-,-
47208019002,3,YYs,FQ,0,,,-,-,-
47209,1,s,,0,,,25700,11132,11873
472090012,2,s,`,0,,,215,142,65
47209001201,3,s,`P,0,,,125,82,37
47209001202,3,s,`Q,0,,,90,60,28
472090013,2,s,,0,,,468,199,252
47209001301,3,s,P,0,,,242,124,110
47209001302,3,s,Q,0,,,226,75,142
47209001303,3,s,R,0,,,-,-,-
472090014,2,s,k,0,,,2306,596,968
47209001401,3,s,kP,0,,,339,166,155
47209001402,3,s,kQ,0,,,223,73,131
47209001403,3,s,kR,0,,,951,174,356
47209001404,3,s,kS,0,,,403,99,189
47209001405,3,s,kT,0,,,390,84,137
472090020,2,s,],0,,,1413,463,728
47209002001,3,s,]P,0,,,267,94,160
47209002002,3,s,]Q,0,,,84,56,17
47209002003,3,s,]R,0,,,230,135,72
47209002004,3,s,]S,0,,,431,115,238
47209002005,3,s,]T,0,,,401,63,241
472090031,2,s,{,0,,,2087,875,1072
47209003101,3,s,{P,0,,,466,185,266
47209003102,3,s,{Q,0,,,-,-,-
47209003103,3,s,{R,0,,,411,157,243
47209003104,3,s,{S,0,,,189,115,71
47209003105,3,s,{T,0,,,461,151,217
47209003106,3,s,{U,0,,,248,95,139
47209003107,3,s,{V,0,,,312,172,136
472090032,2,s,{,0,,,787,139,625
472090041,2,s,F΍̐X,0,,,1722,340,1311
47209004101,3,s,F΍̐XP,0,,,417,50,347
47209004102,3,s,F΍̐XQ,0,,,474,137,317
47209004103,3,s,F΍̐XR,0,,,218,86,128
47209004104,3,s,F΍̐XS,0,,,531,58,448
47209004105,3,s,F΍̐XT,0,,,82,9,71
472090042,2,s,F΍,0,,,1952,414,1067
472090050,2,s,ז,0,,,2092,546,1491
472090060,2,s,yc,0,,,305,131,167
472090070,2,s,vc,0,,,320,278,35
472090080,2,s,,0,,,577,396,172
472090090,2,s,,0,,,109,82,2
472090100,2,s,R,0,,,176,63,87
472090110,2,s,Ém,0,,,123,108,6
47209011001,3,s,Ém,0,,,107,94,5
47209011002,3,s,Ém,0,,,16,14,1
472090120,2,s,,0,,,217,145,63
472090130,2,s,䕔c,0,,,362,234,104
472090140,2,s,ɍ,0,,,685,298,265
472090150,2,s,c䓙,0,,,385,223,109
47209015001,3,s,c䓙Rc,0,,,121,64,5
47209015002,3,s,c䓙,0,,,264,159,104
472090160,2,s,Uc,0,,,116,110,5
472090170,2,s,e,0,,,302,177,108
472090180,2,s,,0,,,178,145,30
472090190,2,s,,0,,,237,195,23
472090200,2,s,Vm,0,,,70,57,3
47209020001,3,s,Vm,0,,,45,37,2
47209020002,3,s,Vmm,0,,,25,20,1
472090210,2,s,,0,,,28,22,-
472090220,2,s,Y,0,,,35,24,4
472090230,2,s,,0,,,37,31,-
472090240,2,s,,0,,,98,67,16
472090250,2,s,Ӗ,0,,,580,309,241
472090260,2,s,쐣,0,,,147,111,23
472090270,2,s,L,0,,,171,125,42
472090280,2,s,vu,0,,,219,192,16
472090290,2,s,c,0,,,218,190,23
472090300,2,s,K,0,,,115,78,20
472090310,2,s,a,0,,,237,192,6
472090320,2,s,R[,0,,,85,73,4
472090330,2,s,R,0,,,48,27,1
472090340,2,s,,0,,,51,50,1
472090350,2,s,,0,,,278,220,43
472090360,2,s,^쉮,0,,,213,177,10
472090370,2,s,,0,,,104,89,6
472090380,2,s,O,0,,,106,82,2
472090390,2,s,×z,0,,,39,32,1
472090400,2,s,,0,,,82,65,4
472090410,2,s,,0,,,68,60,-
472090420,2,s,^V,0,,,105,89,4
472090430,2,s,ψo,0,,,194,133,30
472090440,2,s,䕔,0,,,68,61,1
472090450,2,s,`,0,,,115,100,-
472090460,2,s,,0,,,64,48,-
472090470,2,s,^쉮,0,,,-,-,-
472090510,2,s,哌,0,,,1458,483,830
47209051001,3,s,哌P,0,,,219,68,82
47209051002,3,s,哌Q,0,,,559,197,342
47209051003,3,s,哌R,0,,,559,137,370
47209051004,3,s,哌S,0,,,121,81,36
472090520,2,s,,0,,,1012,439,544
47209052001,3,s,P,0,,,247,88,153
47209052002,3,s,Q,0,,,387,162,212
47209052003,3,s,R,0,,,140,84,55
47209052004,3,s,S,0,,,238,105,124
472090530,2,s,咆,0,,,1171,572,565
47209053001,3,s,咆P,0,,,242,88,144
47209053002,3,s,咆Q,0,,,154,79,70
47209053003,3,s,咆R,0,,,372,196,163
47209053004,3,s,咆S,0,,,297,168,125
47209053005,3,s,咆T,0,,,106,41,63
472090540,2,s,吼,0,,,1312,615,661
47209054001,3,s,吼P,0,,,215,90,114
47209054002,3,s,吼Q,0,,,129,85,39
47209054003,3,s,吼R,0,,,306,159,139
47209054004,3,s,吼S,0,,,310,145,155
47209054005,3,s,吼T,0,,,352,136,214
472090550,2,s,,0,,,38,20,17
47210,1,s,,0,,,20468,10510,7453
472100010,2,s,,0,,,3784,1928,1684
47210001001,3,s,,0,,,586,376,200
47210001002,3,s,O[,0,,,544,269,267
47210001003,3,s,V,0,,,778,236,456
47210001004,3,s,V,0,,,359,170,185
47210001005,3,s,V~,0,,,654,391,250
47210001006,3,s,V,0,,,244,157,85
47210001007,3,s,,0,,,200,111,80
47210001009,3,s,[,0,,,419,218,161
472100020,2,s,,0,,,3738,1212,1845
47210002001,3,s,P,0,,,657,213,411
47210002002,3,s,Q,0,,,1203,304,569
47210002003,3,s,R,0,,,1516,646,573
47210002004,3,s,S,0,,,31,19,1
47210002005,3,s,T,0,,,12,10,1
47210002006,3,s,U,0,,,319,20,290
472100030,2,s,Ɖ,0,,,758,378,375
472100040,2,s,,1,,0360,2025,812,916
472100050,2,s,g,0,,,572,433,134
472100060,2,s,ꐔ,0,,,547,173,49
472100080,2,s,x,0,,,704,559,126
472100090,2,s,g,0,,,1053,531,283
472100100,2,s,,0,,,1715,535,958
47210010000,3,s,,0,,,1592,535,958
47210010001,3,s,ccn,0,,,123,-,-
472100110,2,s,L,0,,,70,69,-
472100120,2,s,^,0,,,230,212,13
472100130,2,s,嗢,0,,,599,433,36
472100140,2,s,g,0,,,178,125,2
472100150,2,s,^h,0,,,1012,383,426
472100160,2,s,^,0,,,328,300,15
472100170,2,s,F],0,,,37,37,-
472100180,2,s,^h,0,,,185,163,2
472100190,2,s,V_,0,,,113,105,-
472100200,2,s,ɕ~,0,,,22,22,-
472100210,2,s,,0,,,147,134,5
472100220,2,s,g,0,,,67,66,-
472100230,2,s,F,0,,,79,78,1
472100240,2,s,g,0,,,63,63,-
472100250,2,s,쉮,0,,,382,366,13
472100260,2,s,,0,,,33,33,-
47210026000,3,s,Ӗ,0,,,14,14,-
47210026001,3,s,㗢,0,,,19,19,-
472100280,2,s,n,0,,,66,42,-
472100290,2,s,R,0,,,37,37,-
472100300,2,s,Ɍ,0,,,77,71,6
472100310,2,s,Đ{,0,,,363,299,10
472100320,2,s,x,0,,,199,191,5
472100330,2,s,m,0,,,92,89,3
472100340,2,s,蒬,0,,,230,196,31
47210034001,3,s,蒬꒚,0,,,-,-,-
47210034002,3,s,蒬񒚖,0,,,77,59,18
47210034003,3,s,蒬O,0,,,86,71,13
47210034004,3,s,蒬l,0,,,67,66,-
472100350,2,s,kg,0,,,192,163,29
472100360,2,s,蒬,2,0040,,X,X,X
472100370,2,s,쒬,0,,,771,272,486
47211,1,s,,0,,,52841,25485,23183
472110010,2,s,z,0,,,805,443,332
47211001001,3,s,zP,0,,,300,150,141
47211001002,3,s,zQ,0,,,284,157,119
47211001003,3,s,zR,0,,,221,136,72
472110020,2,s,O,0,,,299,199,87
472110030,2,s,Ɖ,0,,,2011,1023,919
47211003001,3,s,ƉP,0,,,571,281,262
47211003002,3,s,ƉQ,0,,,344,179,161
47211003003,3,s,ƉR,0,,,393,219,157
47211003004,3,s,ƉS,0,,,361,172,176
47211003005,3,s,ƉT,0,,,342,172,163
472110041,2,s,cc,0,,,1775,825,791
47211004101,3,s,ccP,0,,,667,297,239
47211004102,3,s,ccQ,0,,,416,245,159
47211004103,3,s,ccR,0,,,214,67,143
47211004104,3,s,ccS,0,,,343,141,195
47211004105,3,s,ccT,0,,,135,75,55
472110050,2,s,,0,,,1046,390,355
47211005001,3,s,P,0,,,546,167,97
47211005002,3,s,Q,0,,,500,223,258
472110060,2,s,Zg,0,,,821,498,295
47211006001,3,s,ZgP,0,,,330,209,110
47211006002,3,s,ZgQ,0,,,491,289,185
472110070,2,s,Êԗ,0,,,600,366,214
47211007001,3,s,ÊԗǂP,0,,,382,209,157
47211007002,3,s,ÊԗǂQ,0,,,168,113,53
47211007003,3,s,ÊԗǂR,0,,,50,44,4
472110080,2,s,d,0,,,268,81,59
47211008001,3,s,dP,0,,,33,23,9
47211008002,3,s,dQ,0,,,206,37,43
47211008003,3,s,dR,0,,,29,21,7
472110090,2,s,,0,,,1346,585,720
47211009001,3,s,P,0,,,398,182,200
47211009002,3,s,Q,0,,,287,164,112
47211009003,3,s,R,0,,,468,128,331
47211009004,3,s,S,0,,,193,111,77
472110100,2,s,@,0,,,403,152,237
472110111,2,s,Ӊ,0,,,2316,1218,911
47211011101,3,s,ӉP,0,,,260,125,129
47211011102,3,s,ӉQ,0,,,265,153,103
47211011103,3,s,ӉR,0,,,502,261,229
47211011104,3,s,ӉS,0,,,498,311,162
47211011105,3,s,ӉT,0,,,271,168,97
47211011106,3,s,ӉU,0,,,287,141,144
47211011107,3,s,ӉV,0,,,233,59,47
472110120,2,s,n,0,,,1764,837,869
47211012001,3,s,nP,0,,,553,295,242
47211012002,3,s,nQ,0,,,367,169,190
47211012003,3,s,nR,0,,,389,177,198
47211012004,3,s,nS,0,,,455,196,239
472110130,2,s,c,0,,,1207,745,434
47211013001,3,s,cP,0,,,367,225,131
47211013002,3,s,cQ,0,,,363,237,119
47211013003,3,s,cR,0,,,477,283,184
472110141,2,s,,0,,,1582,828,703
47211014101,3,s,P,0,,,629,344,264
47211014102,3,s,Q,0,,,251,131,110
47211014103,3,s,R,0,,,702,353,329
472110151,2,s,R,0,,,1619,721,779
47211015101,3,s,RP,0,,,128,69,53
47211015102,3,s,RQ,0,,,814,397,404
47211015103,3,s,RR,0,,,336,152,175
47211015104,3,s,RS,0,,,341,103,147
472110152,2,s,R,0,,,-,-,-
472110161,2,s,R,0,,,975,444,364
47211016101,3,s,RP,0,,,402,224,171
47211016102,3,s,RQ,0,,,407,103,149
47211016103,3,s,RR,0,,,166,117,44
472110162,2,s,R,0,,,-,-,-
472110170,2,s,vۓc,0,,,944,493,409
47211017001,3,s,vۓcP,0,,,407,213,186
47211017002,3,s,vۓcQ,0,,,396,247,122
47211017003,3,s,vۓcR,0,,,141,33,101
472110180,2,s,쓍,0,,,1521,742,750
47211018001,3,s,쓍P,0,,,268,132,132
47211018002,3,s,쓍Q,0,,,236,136,95
47211018003,3,s,쓍R,0,,,550,296,243
47211018004,3,s,쓍S,0,,,467,178,280
472110191,2,s,,0,,,2090,937,842
47211019101,3,s,P,0,,,470,234,224
47211019102,3,s,Q,0,,,239,156,75
47211019103,3,s,R,0,,,265,126,132
47211019104,3,s,S,0,,,227,113,78
47211019105,3,s,T,0,,,535,170,231
47211019106,3,s,U,0,,,354,138,102
472110192,2,s,,0,,,49,23,23
472110193,2,s,,0,,,1796,547,1221
47211019301,3,s,P,0,,,503,177,320
47211019302,3,s,Q,0,,,514,147,360
47211019303,3,s,R,0,,,319,84,230
47211019304,3,s,S,0,,,460,139,311
472110201,2,s,{,0,,,2207,1157,1000
47211020101,3,s,{P,0,,,430,228,187
47211020102,3,s,{Q,0,,,400,237,154
47211020103,3,s,{R,0,,,809,393,400
47211020104,3,s,{S,0,,,568,299,259
472110211,2,s,{,0,,,1604,1018,465
47211021101,3,s,{P,0,,,447,239,117
47211021102,3,s,{Q,0,,,242,220,18
47211021103,3,s,{R,0,,,250,178,65
47211021104,3,s,{S,0,,,210,159,49
47211021105,3,s,{T,0,,,248,106,136
47211021106,3,s,{U,0,,,136,61,67
47211021107,3,s,{V,0,,,71,55,13
472110212,2,s,{,0,,,368,113,252
472110221,2,s,m,0,,,1720,896,779
47211022101,3,s,mԂP,0,,,369,206,150
47211022102,3,s,mԂQ,0,,,204,121,81
47211022103,3,s,mԂR,0,,,47,31,16
47211022104,3,s,mԂS,1,,0340,253,145,104
47211022105,3,s,mԂT,0,,,357,139,205
47211022106,3,s,mԂU,0,,,490,254,223
472110222,2,s,m,2,0232,,X,X,X
472110231,2,s,o,0,,,1409,714,497
47211023101,3,s,oP,0,,,486,267,204
47211023102,3,s,oQ,0,,,533,183,182
47211023103,3,s,oR,0,,,390,264,111
472110232,2,s,o,1,,0222,546,232,305
472110240,2,s,r,0,,,5,5,-
472110241,2,s,r,0,,,903,501,204
47211024101,3,s,rP,0,,,243,193,37
47211024102,3,s,rQ,0,,,223,160,59
47211024103,3,s,rR,0,,,232,56,49
47211024104,3,s,rS,0,,,74,51,22
47211024105,3,s,rT,0,,,131,41,37
472110250,2,s,Î,0,,,2279,1022,1070
472110271,2,s,嗢,0,,,858,552,272
47211027101,3,s,嗢P,0,,,482,318,142
47211027102,3,s,嗢Q,0,,,376,234,130
472110272,2,s,嗢,0,,,476,131,326
472110281,2,s,R[h0281̌v,0,,,809,591,205
47211028101,3,s,P,0,,,283,187,89
47211028102,3,s,Q,0,,,197,162,32
47211028103,3,s,R,0,,,329,242,84
472110282,2,s,,0,,,678,174,323
472110291,2,s,䉮,0,,,2399,989,1166
47211029101,3,s,䉮P,0,,,306,125,177
47211029102,3,s,䉮Q,0,,,513,163,150
47211029103,3,s,䉮R,0,,,396,156,237
47211029104,3,s,䉮S,0,,,364,120,236
47211029105,3,s,䉮T,0,,,12,11,-
47211029106,3,s,䉮U,0,,,633,331,277
47211029107,3,s,䉮V,0,,,175,83,89
472110292,2,s,䉮,0,,,-,-,-
472110300,2,s,^V,0,,,1231,493,475
47211030001,3,s,^VP,0,,,503,265,225
47211030002,3,s,^VQ,0,,,123,80,31
47211030003,3,s,^VR,0,,,605,148,219
472110311,2,s,A,0,,,4302,2325,1598
47211031101,3,s,AP,0,,,615,296,307
47211031102,3,s,AQ,0,,,931,489,427
47211031103,3,s,AR,0,,,853,462,365
47211031104,3,s,AS,0,,,900,363,354
47211031105,3,s,AT,0,,,544,440,88
47211031106,3,s,AU,0,,,459,275,57
472110312,2,s,A,0,,,-,-,-
472110320,2,s,,0,,,930,275,615
47211032001,3,s,P,0,,,591,213,362
47211032002,3,s,Q,0,,,339,62,253
472110330,2,s,,0,,,309,107,180
472110340,2,s,,2,022104,,X,X,X
472110350,2,s,q~,0,,,-,-,-
472110380,2,s,ʒAp`p,0,,,-,-,-
472110391,2,s,CM,0,,,918,530,363
47211039101,3,s,CMP,0,,,451,226,216
47211039102,3,s,CMQ,0,,,467,304,147
472110392,2,s,CM,0,,,-,-,-
472110400,2,s,,0,,,3028,1323,1397
47211040001,3,s,P,0,,,445,155,49
47211040002,3,s,Q,0,,,312,105,205
47211040003,3,s,R,0,,,274,145,116
47211040004,3,s,S,0,,,522,349,166
47211040005,3,s,T,0,,,330,132,192
47211040006,3,s,U,0,,,365,119,224
47211040007,3,s,V,0,,,780,318,445
472110410,2,s,,0,,,625,240,377
47212,1,Ls,,0,,,21672,10586,8492
472120010,2,Ls,L,0,,,2349,928,1235
472120020,2,Ls,X,0,,,1902,377,1352
472120030,2,Ls,ߔe,0,,,1244,783,431
472120040,2,Ls,Òn,0,,,654,171,278
472120050,2,Ls,c,0,,,85,63,18
472120060,2,Ls,,0,,,73,72,-
472120070,2,Ls,^,0,,,559,472,73
472120080,2,Ls,ɗǔg,0,,,316,214,100
472120090,2,Ls,,0,,,328,195,125
472120100,2,Ls,n,0,,,517,141,136
472120110,2,Ls,c,0,,,1662,726,731
472120120,2,Ls,nÕ~,0,,,204,177,26
472120130,2,Ls,,0,,,898,451,295
472120140,2,Ls,ۉh,0,,,346,306,37
472120150,2,Ls,,0,,,1127,510,197
472120160,2,Ls,,0,,,1040,240,297
472120170,2,Ls,,0,,,1604,693,852
472120180,2,Ls,`g,0,,,378,340,33
472120190,2,Ls,,0,,,348,274,69
472120200,2,Ls,,0,,,395,255,130
472120210,2,Ls,Ð,0,,,1085,765,295
472120220,2,Ls,^ʋ,0,,,1942,708,929
472120230,2,Ls,,0,,,1096,743,335
472120240,2,Ls,L,0,,,1520,982,518
47213,1,܎s,,0,,,41854,24464,14429
472130010,2,܎s,u,0,,,1588,1040,219
472130020,2,܎s,c,0,,,1815,910,679
472130030,2,܎s,Ԗ,0,,,578,388,165
472130040,2,܎s,F,0,,,408,339,51
472130050,2,܎s,V,0,,,394,316,66
472130060,2,܎s,z,0,,,517,386,123
472130070,2,܎s,h,0,,,599,393,188
472130080,2,܎s,,0,,,713,401,290
472130090,2,܎s,,0,,,869,562,285
472130100,2,܎s,c,0,,,1111,589,382
472130110,2,܎s,ǐ,0,,,548,307,232
472130120,2,܎s,쉮,0,,,1125,631,457
472130130,2,܎s,,0,,,380,240,133
472130140,2,܎s,Ӓi,0,,,1226,597,427
472130150,2,܎s,ԓ,0,,,2715,1186,1202
472130160,2,܎s,]F,0,,,1412,700,682
472130170,2,܎s,{,0,,,1362,592,745
472130180,2,܎s,]F,0,,,644,428,186
472130190,2,܎s,c,0,,,468,302,148
472130200,2,܎s,c,0,,,296,237,53
472130210,2,܎s,,0,,,531,270,219
472130220,2,܎s,L,0,,,351,285,48
472130230,2,܎s,]F,0,,,1440,699,712
472130240,2,܎s,O,0,,,591,219,342
472130250,2,܎s,pidv`pj,0,,,-,-,-
472130260,2,܎s,B,0,,,-,-,-
472130270,2,܎s,݂ǂ蒬,0,,,2416,900,1446
47213027001,3,܎s,݂ǂ蒬P,0,,,236,88,132
47213027002,3,܎s,݂ǂ蒬Q,0,,,510,249,254
47213027003,3,܎s,݂ǂ蒬R,0,,,507,176,317
47213027004,3,܎s,݂ǂ蒬S,0,,,391,103,267
47213027005,3,܎s,݂ǂ蒬T,0,,,547,179,359
47213027006,3,܎s,݂ǂ蒬U,0,,,225,105,117
472130280,2,܎s,pidv`pj,0,,,-,-,-
472130290,2,܎s,쒇,0,,,929,555,359
47213029001,3,܎s,쒇꒚,0,,,194,84,106
47213029002,3,܎s,쒇񒚖,0,,,371,220,143
47213029003,3,܎s,쒇O,0,,,242,146,95
47213029004,3,܎s,쒇l,0,,,122,105,15
472130301,2,܎s,ΐ΍,0,,,-,-,-
47213030101,3,܎s,ΐ΍P,0,,,-,-,-
47213030102,3,܎s,ΐ΍Q,0,,,-,-,-
472130302,2,܎s,ΐ씒l,0,,,343,194,143
47213030201,3,܎s,ΐ씒lP,0,,,207,121,85
47213030202,3,܎s,ΐ씒lQ,0,,,136,73,58
472130303,2,܎s,ΐ쓌R{,0,,,511,294,190
47213030301,3,܎s,ΐ쓌R{P,0,,,246,139,85
47213030302,3,܎s,ΐ쓌R{Q,0,,,265,155,105
472130304,2,܎s,ΐ쏌,0,,,984,471,494
47213030401,3,܎s,ΐ쏌P,0,,,62,36,26
47213030402,3,܎s,ΐ쏌Q,0,,,536,271,255
47213030403,3,܎s,ΐ쏌R,0,,,386,164,213
472130305,2,܎s,ΐ,0,,,1017,512,475
47213030500,3,܎s,ΐ,0,,,84,28,55
47213030501,3,܎s,ΐ쏌,0,,,166,67,89
47213030502,3,܎s,ΐh,0,,,131,75,50
47213030503,3,܎s,ΐk,0,,,504,289,205
47213030506,3,܎s,ΐ{O,0,,,116,40,73
47213030507,3,܎s,ΐ쓌R,0,,,16,13,3
472130306,2,܎s,ΐ,0,,,1240,760,412
47213030601,3,܎s,ΐP,0,,,680,423,239
47213030602,3,܎s,ΐQ,0,,,560,337,173
472130310,2,܎s,ΐɔg,0,,,1171,572,247
47213031000,3,܎s,ΐɔgÎ芡,0,,,109,1,-
47213031001,3,܎s,ΐɔgk,0,,,56,40,15
47213031002,3,܎s,ΐɔgɔg,0,,,620,320,106
47213031003,3,܎s,ΐɔgO,0,,,374,200,126
47213031004,3,܎s,ΐɔgR,0,,,12,11,-
472130320,2,܎s,ΐ쓌[,0,,,1543,812,651
47213032001,3,܎s,ΐ쓌[,0,,,103,52,50
47213032002,3,܎s,ΐ쓌[O,0,,,764,295,406
47213032003,3,܎s,ΐ쓌[[,0,,,456,275,168
47213032004,3,܎s,ΐ쓌[,0,,,220,190,27
472130330,2,܎s,ΐR,0,,,560,404,147
47213033001,3,܎s,ΐRɔg,0,,,179,78,97
47213033002,3,܎s,ΐRR,0,,,293,262,27
47213033003,3,܎s,ΐRO,0,,,88,64,23
472130340,2,܎s,ΐÎ芡,0,,,193,127,57
472130350,2,܎s,ΐ쓌R,0,,,728,416,91
47213035001,3,܎s,ΐ쓌RP,0,,,395,189,56
47213035002,3,܎s,ΐ쓌RQ,0,,,333,227,35
472130360,2,܎s,ΐԍ,0,,,343,164,147
47213036001,3,܎s,ΐԍP,0,,,116,13,100
47213036002,3,܎s,ΐԍQ,0,,,227,151,47
47213036003,3,܎s,ΐԍR,0,,,-,-,-
472130370,2,܎s,ΐ^,0,,,35,6,29
472130380,2,܎s,^ߏƊ,0,,,390,307,74
472130390,2,܎s,^ߏ鐼,0,,,497,300,113
472130400,2,܎s,^ߏ,0,,,513,352,147
472130410,2,܎s,^ߏ`,0,,,436,346,53
472130411,2,܎s,^ߏ,0,,,37,36,1
472130420,2,܎s,^ߏ鉮c,0,,,1331,1052,253
472130430,2,܎s,^ߏ镽,0,,,446,399,28
472130440,2,܎s,^ߏ铍,0,,,90,88,-
472130450,2,܎s,^ߏ㌴,0,,,82,78,4
472130460,2,܎s,^ߏ{,0,,,67,61,2
472130470,2,܎s,^ߏr,0,,,34,34,-
472130480,2,܎s,^ߏɌv,0,,,109,98,5
472130500,2,܎s,^ߏ钆,0,,,-,-,-
472130510,2,܎s,A앗,0,,,1088,705,286
472130520,2,܎s,A,0,,,1348,966,348
472130530,2,܎s,A,0,,,326,266,52
472130540,2,܎s,A~,0,,,1010,839,125
472130550,2,܎s,AÌ,0,,,188,176,7
472130560,2,܎s,Al,0,,,90,85,3
472130570,2,܎s,A,0,,,78,72,6
47214,1,{Ós,,0,,,21608,11956,6586
472140010,2,{Ós,,0,,,4356,1772,1909
472140020,2,{Ós,,0,,,2772,1054,1473
472140030,2,{Ós,@,0,,,2676,1057,1302
472140040,2,{Ós,@,0,,,1324,613,388
472140050,2,{Ós,א,0,,,470,277,147
472140060,2,{Ós,vL,0,,,1410,539,614
472140070,2,{Ós,,0,,,531,243,252
472140080,2,{Ós,@Y,0,,,265,247,5
472140090,2,{Ós,,0,,,327,315,4
472140100,2,{Ós,Y,0,,,64,62,1
472140110,2,{Ós,K,0,,,135,107,4
472140120,2,{Ós,떓,0,,,229,182,20
472140140,2,{Ós,r,0,,,138,117,15
472140150,2,{Ós,O,0,,,185,165,19
472140160,2,{Ós,,0,,,-,-,-
472140170,2,{Ós,_,0,,,16,16,-
472140180,2,{Ós,,0,,,448,335,24
472140190,2,{Ós,Y,0,,,340,250,24
472140200,2,{Ós,ۗ,0,,,233,214,11
472140210,2,{Ós,F,0,,,245,220,11
472140220,2,{Ós,,0,,,212,168,8
472140230,2,{Ós,Y,0,,,201,182,6
472140240,2,{Ós,,0,,,280,239,10
472140250,2,{Ós,,0,,,213,174,29
472140260,2,{Ós,V,0,,,187,147,16
472140270,2,{Ós,^ߔe,0,,,288,222,18
472140280,2,{Ós,n,0,,,312,177,22
472140290,2,{Ós,F,0,,,132,101,17
472140300,2,{Ós,Î芡,0,,,103,84,4
472140310,2,{Ós,얞,0,,,262,184,10
472140320,2,{Ós,,0,,,81,63,7
472140330,2,{Ós,,0,,,160,76,4
472140340,2,{Ós,쌴,0,,,309,211,12
472140350,2,{Ós,V,0,,,313,207,4
472140360,2,{Ós,{,0,,,333,264,24
472140370,2,{Ós,ɗǕ,0,,,159,132,18
472140380,2,{Ós,n,0,,,163,121,17
472140390,2,{Ós,,0,,,211,136,29
472140400,2,{Ós,l,0,,,273,231,28
472140410,2,{Ós,ac,0,,,180,138,20
472140420,2,{Ós,rԓY,0,,,401,335,17
472140430,2,{Ós,OY,0,,,671,579,43
47215,1,s,,0,,,14150,10244,2797
472150010,2,s,ec,0,,,415,288,62
472150020,2,s,_,0,,,131,113,15
472150030,2,s,,0,,,119,100,18
472150040,2,s,S,0,,,405,281,62
472150050,2,s,ʏ,0,,,84,80,-
472150060,2,s,R,0,,,75,72,2
472150070,2,s,,0,,,287,264,13
472150080,2,s,u,0,,,171,129,41
472150090,2,s,x,0,,,153,104,46
472150100,2,s,cR,0,,,136,103,30
472150110,2,s,Õ,0,,,159,81,75
472150120,2,s,,0,,,154,152,1
472150130,2,s,ǌ,0,,,92,74,17
472150140,2,s,Dz,0,,,622,374,236
472150150,2,s,n,0,,,333,175,156
472150160,2,s,O,0,,,352,289,61
472150170,2,s,x,0,,,224,159,65
472150180,2,s,u쉮,0,,,217,210,5
472150190,2,s,R,0,,,98,74,13
472150200,2,s,u,0,,,111,63,2
472150210,2,s,mO,0,,,273,204,1
472150220,2,s,gx,0,,,52,45,2
472150230,2,s,v茘,0,,,122,91,5
472150240,2,s,^,0,,,209,157,47
472150250,2,s,m,0,,,254,235,17
472150260,2,s,C,0,,,132,125,4
472150270,2,s,v,0,,,183,150,27
472150280,2,s,v,0,,,110,74,11
472150290,2,s,`p,0,,,-,-,-
472150300,2,s,Ôg,0,,,1206,738,428
472150310,2,s,J,0,,,109,94,3
472150320,2,s,V,0,,,296,237,51
472150330,2,s,v,0,,,166,117,46
472150340,2,s,~,0,,,246,207,35
472150350,2,s,o,0,,,283,240,35
472150360,2,s,Ɍ,0,,,81,79,-
472150370,2,s,v,0,,,175,156,16
472150380,2,s,ɕ,0,,,224,162,2
472150390,2,s,yc,0,,,126,122,3
472150400,2,s,VJ,0,,,729,286,183
472150410,2,s,`p,0,,,-,-,-
472150420,2,s,嗢,0,,,346,274,65
47215042001,3,s,嗢,0,,,47,46,-
47215042002,3,s,嗢앗,0,,,104,100,3
47215042003,3,s,嗢,0,,,195,128,62
472150430,2,s,,0,,,327,207,29
47215043001,3,s,,0,,,171,147,23
47215043002,3,s,cn,0,,,156,60,6
472150440,2,s,Ì,0,,,457,370,76
47215044001,3,s,ÌÌ,0,,,101,93,4
47215044002,3,s,Ì,0,,,156,144,10
47215044003,3,s,Ì,0,,,200,133,62
472150450,2,s,,0,,,805,467,239
47215045001,3,s,ԓ,0,,,206,170,28
47215045002,3,s,ԑ嗢cn,0,,,116,33,-
47215045003,3,s,Ԓ,0,,,315,138,172
47215045004,3,s,ԑK,0,,,22,17,5
47215045005,3,s,ԃO[^E,0,,,55,53,-
47215045006,3,s,ԑ嗢j[^E,0,,,91,56,34
472150460,2,s,,0,,,328,248,76
47215046001,3,s,{,1,,046004,113,67,43
47215046002,3,s,K,0,,,29,29,-
47215046003,3,s,,0,,,151,119,31
47215046004,3,s,,2,046001,,X,X,X
47215046005,3,s,O[^E,0,,,35,33,2
472150470,2,s,,0,,,1450,1173,244
47215047001,3,s,,0,,,346,207,131
47215047002,3,s,O[^E,0,,,713,654,51
47215047003,3,s,ڎ^,0,,,222,172,38
47215047004,3,s,N,0,,,159,138,16
47215047005,3,s,䕽,0,,,10,2,8
472150480,2,s,,0,,,710,474,156
47215048001,3,s,,0,,,326,222,93
47215048002,3,s,,1,,048003;048004,146,107,37
47215048003,3,s,铌_̋u,2,048002,,X,X,X
47215048004,3,s,邱̂ނ,2,048002,,X,X,X
47215048005,3,s,^,0,,,173,145,26
47215048006,3,s,嗢Qcn,0,,,65,-,-
472150490,2,s,,0,,,413,327,76
47301,1,S,,0,,,2003,1568,245
473010010,2,S,l,0,,,133,115,2
473010020,2,S,n,0,,,60,46,1
473010030,2,S,n,0,,,53,47,5
473010040,2,S,n,0,,,143,111,20
473010050,2,S,,0,,,174,149,15
473010060,2,S,,0,,,104,98,4
473010070,2,S,ӓy,0,,,582,381,147
473010080,2,S,F,0,,,54,41,6
473010090,2,S,ɒn,0,,,74,63,3
473010100,2,S,^,0,,,85,73,1
473010110,2,S,ӕ~,0,,,17,17,-
473010120,2,S,,0,,,39,27,2
473010130,2,S,Ӗ,0,,,81,77,2
473010140,2,S,F,0,,,21,21,-
473010150,2,S,X^,0,,,60,50,3
473010160,2,S,ӌ,0,,,42,42,-
473010170,2,S,,0,,,94,75,8
473010180,2,S,^F,0,,,36,25,8
473010190,2,S,c,0,,,75,57,9
473010200,2,S,g,0,,,76,53,9
47302,1,SX,,0,,,1250,979,75
473020010,2,SX,c×,0,,,110,83,6
473020020,2,SX,Ӗ,0,,,79,76,2
473020030,2,SX,@,0,,,211,174,13
473020040,2,SX,`g,0,,,42,29,2
473020050,2,SX,匓v,0,,,49,43,3
473020060,2,SX,X,0,,,49,32,-
473020070,2,SX,H,0,,,53,47,3
473020080,2,SX,H,0,,,41,28,2
473020090,2,SX,,0,,,207,164,10
473020100,2,SX,,0,,,43,22,2
473020110,2,SX,c`,0,,,35,34,-
473020120,2,SX,c`,0,,,24,24,-
473020130,2,SX,,0,,,38,35,3
473020140,2,SX,l,0,,,7,6,1
473020150,2,SX,{,0,,,45,25,-
473020160,2,SX,Ôg,0,,,164,112,21
473020170,2,SX,]F,0,,,53,45,7
47303,1,S,,0,,,718,529,37
473030010,2,S,,0,,,178,140,10
473030020,2,S,c,0,,,105,66,9
473030030,2,S,L,0,,,134,105,3
473030040,2,S,],0,,,61,43,3
473030050,2,S,{,0,,,128,86,10
473030060,2,S,c,0,,,112,89,2
47306,1,SAm,,0,,,3448,2745,529
473060010,2,SAm,,0,,,363,301,55
473060020,2,SAm,,0,,,116,102,7
473060030,2,SAm,u,0,,,131,119,11
473060040,2,SAm,^ߗ,0,,,132,111,16
473060050,2,SAm,,0,,,121,87,32
473060060,2,SAm,R,0,,,138,111,26
473060070,2,SAm,~,0,,,187,158,15
473060080,2,SAm,Ӗ,0,,,220,150,49
473060090,2,SAm,zn,0,,,122,100,19
473060100,2,SAm,@,0,,,369,265,85
473060110,2,SAm,ʏ,0,,,286,172,94
473060120,2,SAm,R,0,,,78,72,6
473060130,2,SAm,N,0,,,279,254,16
473060140,2,SAm,V,0,,,297,189,63
473060150,2,SAm,q,0,,,96,69,15
473060160,2,SAm,nm,0,,,122,120,2
473060170,2,SAm,^V,0,,,104,93,11
473060180,2,SAm,^V,0,,,124,118,4
473060190,2,SAm,ÉF,0,,,163,154,3
47308,1,S{,,0,,,5168,3517,1313
473080010,2,S{,,0,,,322,266,20
473080020,2,S{,{,0,,,255,206,23
473080030,2,S{,,0,,,269,210,40
473080040,2,S{,Ӗn,0,,,169,111,35
473080050,2,S{,l,0,,,507,251,223
473080060,2,S{,J,0,,,297,178,94
473080070,2,S{,nvn,0,,,454,263,185
473080080,2,S{,,0,,,433,262,154
473080090,2,S{,×z,0,,,38,34,2
473080100,2,S{,ɓ,0,,,313,260,26
473080110,2,S{,,0,,,100,91,4
473080120,2,S{,ɖg,0,,,206,143,49
473080130,2,S{,R,0,,,79,54,20
473080140,2,S{,쌴,0,,,100,80,17
473080150,2,S{,l,0,,,240,127,107
473080160,2,S{,Y,0,,,113,94,14
473080170,2,S{,Ó,0,,,38,33,3
473080180,2,S{,哰,0,,,17,16,1
473080190,2,S{,Ӊ,0,,,117,74,21
473080200,2,S{,k,0,,,100,85,7
473080210,2,S{,ÒÉF,0,,,42,40,2
473080220,2,S{,u,0,,,185,163,21
473080230,2,S{,V,0,,,131,93,12
473080240,2,S{,,0,,,212,175,34
473080250,2,S{,ΐ,0,,,65,56,9
473080260,2,S{,R,0,,,285,105,157
473080270,2,S{,L,0,,,81,47,33
47311,1,S[,,0,,,3830,2345,1184
473110010,2,S[,Ð^,0,,,350,241,81
473110020,2,S[,쐣,0,,,107,85,8
473110030,2,S[,xc,0,,,241,183,39
473110040,2,S[,Ǌ_,0,,,256,155,91
473110050,2,S[,[,0,,,807,495,246
473110060,2,S[,J,0,,,309,100,139
473110070,2,S[,y,0,,,255,101,149
473110080,2,S[,Ov,0,,,269,141,110
473110090,2,S[,,0,,,438,270,144
473110100,2,S[,Rc,0,,,383,268,94
473110110,2,S[,^hc,0,,,415,306,83
47313,1,SX,,0,,,1972,1288,555
473130010,2,SX,,0,,,530,332,164
473130020,2,SX,yc,0,,,546,329,180
473130030,2,SX,X,0,,,378,290,56
473130040,2,SX,c,0,,,518,337,155
473130050,2,SX,p`,0,,,-,-,-
47314,1,S,,0,,,4575,2777,1521
473140010,2,S,,0,,,3432,1999,1208
47314001000,3,S,쐣,0,,,20,17,2
47314001001,3,S,,0,,,331,211,62
47314001002,3,S,,0,,,1032,734,255
47314001003,3,S,,0,,,2049,1037,889
473140020,2,S,Ɍ|,0,,,380,279,95
473140030,2,S,,0,,,763,499,218
473140040,2,S,p,0,,,-,-,-
47315,1,Sɍ],,0,,,1879,1412,266
473150010,2,Sɍ],],0,,,352,286,34
473150020,2,Sɍ],]O,0,,,557,372,127
473150030,2,Sɍ],],0,,,240,187,13
473150040,2,Sɍ],]O,0,,,291,256,16
473150050,2,Sɍ],약,0,,,439,311,76
47324,1,SǒJ,,0,,,13537,8804,4202
473240010,2,SǒJ,얼,0,,,1175,773,381
473240030,2,SǒJ,얡,0,,,1138,814,288
473240040,2,SǒJ,ɗǊF,0,,,943,513,401
473240050,2,SǒJ,n,0,,,197,146,48
473240060,2,SǒJ,g,0,,,1168,757,270
473240070,2,SǒJ,s,0,,,451,273,173
473240080,2,SǒJ,u,0,,,938,631,300
473240090,2,SǒJ,nc,0,,,559,410,139
473240100,2,SǒJ,V,0,,,180,118,61
473240110,2,SǒJ,F,0,,,175,125,48
473240120,2,SǒJ,g,0,,,529,332,158
473240130,2,SǒJ,l,0,,,1122,719,371
473240140,2,SǒJ,^,0,,,1555,1116,413
473240150,2,SǒJ,nm,0,,,308,265,41
473240160,2,SǒJ,,0,,,614,362,147
473240170,2,SǒJ,p,0,,,671,447,211
473240180,2,SǒJ,Ì,0,,,1004,506,458
473240190,2,SǒJ,,0,,,775,482,276
473240200,2,SǒJ,,0,,,35,15,18
47325,1,SÎ[,,0,,,5035,2772,1525
473250010,2,SÎ[,,0,,,481,339,113
473250020,2,SÎ[,Î[,0,,,1841,1176,510
473250031,2,SÎ[,,0,,,598,284,200
473250032,2,SÎ[,,0,,,1667,777,544
473250033,2,SÎ[,v,0,,,53,16,37
473250050,2,SÎ[,엢,0,,,-,-,-
473250060,2,SÎ[,v,0,,,-,-,-
473250070,2,SÎ[,,0,,,395,180,121
47326,1,SkJ,,0,,,10609,5624,3867
473260011,2,SkJ,kO,0,,,370,107,249
473260012,2,SkJ,kO,0,,,293,149,142
473260021,2,SkJ,kJ,0,,,686,242,420
47326002101,3,SkJ,kJ꒚,0,,,284,69,202
47326002102,3,SkJ,kJ񒚖,0,,,402,173,218
473260023,2,SkJ,kJ,0,,,-,-,-
473260040,2,SkJ,ʏ,0,,,166,111,52
473260050,2,SkJ,g,0,,,2801,1718,855
47326005001,3,SkJ,g,0,,,90,36,54
47326005002,3,SkJ,g,0,,,433,287,123
47326005003,3,SkJ,g,0,,,906,531,290
47326005004,3,SkJ,g,0,,,415,290,121
47326005005,3,SkJ,g,0,,,763,412,240
47326005006,3,SkJ,g,1,,0160,194,162,27
473260060,2,SkJ,,0,,,234,99,131
473260070,2,SkJ,R[h0070̌v,0,,,1918,978,719
47326007001,3,SkJ,K],0,,,500,195,136
47326007002,3,SkJ,K],0,,,4,4,-
47326007003,3,SkJ,K],0,,,86,54,29
47326007004,3,SkJ,K],0,,,1028,678,311
47326007005,3,SkJ,ɕ,0,,,300,47,243
473260080,2,SkJ,ɕ,0,,,69,48,21
47326008001,3,SkJ,ɕ,0,,,69,48,21
47326008003,3,SkJ,ɕ,0,,,-,-,-
473260090,2,SkJ,㐨,0,,,798,464,313
473260110,2,SkJ,l,0,,,452,203,240
47326011001,3,SkJ,l,0,,,19,13,5
47326011002,3,SkJ,l,0,,,433,190,235
473260120,2,SkJ,,0,,,441,249,182
473260130,2,SkJ,{,0,,,1520,835,337
47326013001,3,SkJ,{,0,,,1448,835,337
47326013002,3,SkJ,{,0,,,72,-,-
473260140,2,SkJ,`,0,,,181,99,72
473260151,2,SkJ,l,0,,,362,210,133
47326015101,3,SkJ,lP,0,,,92,59,32
47326015102,3,SkJ,lQ,0,,,171,70,91
47326015103,3,SkJ,lR,0,,,99,81,10
473260154,2,SkJ,l,0,,,318,112,1
47326015401,3,SkJ,l,0,,,48,48,-
47326015402,3,SkJ,l,0,,,270,64,1
47326015403,3,SkJ,l,0,,,-,-,-
473260160,2,SkJ,呺,2,005006,,X,X,X
47327,1,Sk鑺,,0,,,5497,3293,1958
473270010,2,Sk鑺,ɏ,0,,,551,322,210
473270020,2,Sk鑺,,0,,,439,252,181
473270030,2,Sk鑺,Mc,0,,,549,369,49
473270040,2,Sk鑺,am,0,,,248,171,74
473270050,2,Sk鑺,n,0,,,260,190,67
473270060,2,Sk鑺,,0,,,1690,885,759
473270070,2,Sk鑺,X,0,,,264,149,110
473270080,2,Sk鑺,c,0,,,104,77,26
473270100,2,Sk鑺,J,0,,,778,502,257
47327010000,3,Sk鑺,J,0,,,623,412,195
47327010001,3,Sk鑺,JΕs,0,,,155,90,62
473270110,2,Sk鑺,,0,,,173,144,26
473270120,2,Sk鑺,,0,,,118,98,13
473270130,2,Sk鑺,ʒ,0,,,-,-,-
473270140,2,Sk鑺,,0,,,229,97,130
473270150,2,Sk鑺,,0,,,94,37,56
47328,1,S鑺,,0,,,7136,4054,2774
473280010,2,S鑺,ɏW,0,,,241,195,42
473280020,2,S鑺,aFc,0,,,258,226,26
473280030,2,S鑺,l,0,,,63,58,4
473280040,2,S鑺,kl,0,,,139,131,7
473280050,2,S鑺,Ôe,0,,,434,298,38
473280060,2,S鑺,,0,,,260,221,32
473280070,2,S鑺,l,0,,,150,137,5
473280080,2,S鑺,,0,,,132,110,20
473280090,2,S鑺,,0,,,285,204,75
473280100,2,S鑺,X,0,,,251,186,60
473280110,2,S鑺,Y,0,,,123,116,6
473280120,2,S鑺,Ɏɓ,0,,,262,186,15
473280130,2,S鑺,,0,,,113,108,3
473280140,2,S鑺,v,0,,,510,371,126
473280150,2,S鑺,o,0,,,296,227,59
473280160,2,S鑺,V_,0,,,243,226,15
473280170,2,S鑺,k㌴,0,,,282,241,32
473280180,2,S鑺,㌴,0,,,3094,813,2209
473280190,2,S鑺,p`,0,,,-,-,-
47329,1,S,,0,,,12434,6498,4936
473290010,2,S,Kn,0,,,1066,636,150
473290021,2,S,I,0,,,353,138,212
473290022,2,S,I,0,,,679,212,458
473290030,2,S,c,0,,,77,58,15
473290040,2,S,X,0,,,253,67,178
473290050,2,S,猴,0,,,439,32,402
473290061,2,S,㌴,0,,,1443,481,928
47329006101,3,S,㌴,0,,,499,193,299
47329006102,3,S,㌴,0,,,944,288,629
473290062,2,S,㌴,0,,,143,37,64
473290070,2,S,,0,,,1474,762,649
473290080,2,S,,0,,,217,140,55
473290090,2,S,ÉԔg,0,,,196,172,18
473290100,2,S,,0,,,426,249,170
473290110,2,S,,0,,,407,117,33
473290120,2,S,|ۋv,0,,,118,108,10
473290130,2,S,Î芡,0,,,203,114,80
473290140,2,S,ߔe,0,,,738,470,242
473290150,2,S,v,0,,,728,426,280
473290160,2,S,^ߏ,0,,,899,550,327
473290170,2,S,,0,,,1113,625,455
473290180,2,S,,0,,,119,112,4
473290190,2,S,,0,,,82,72,9
473290200,2,S,rc,0,,,210,203,2
473290210,2,S,g,0,,,978,645,194
473290220,2,S,,0,,,73,72,1
473290230,2,S,p`,0,,,-,-,-
47348,1,KS^ߌ,,0,,,6930,3163,3340
473480010,2,KS^ߌ,^ߌ,0,,,606,376,219
473480020,2,KS^ߌ,^ߌ,0,,,3553,1681,1550
473480030,2,KS^ߌ,Ǖ~,0,,,1386,646,673
473480040,2,KS^ߌ,p`,0,,,-,-,-
473480050,2,KS^ߌ,l,0,,,1385,460,898
47350,1,KS앗,,0,,,12635,5950,5930
473500010,2,KS앗,^ߔe,0,,,850,364,459
473500020,2,KS앗,{,0,,,326,285,30
473500030,2,KS앗,喼,0,,,294,221,67
473500040,2,KS앗,V,0,,,937,452,456
473500050,2,KS앗,{,0,,,2452,1316,1062
473500060,2,KS앗,,0,,,2151,884,1039
473500070,2,KS앗,{,0,,,697,352,222
473500080,2,KS앗,쉮,0,,,402,274,123
473500090,2,KS앗,Ɖ,0,,,517,218,285
473500100,2,KS앗,ÉÎR,0,,,3401,1092,2102
473500110,2,KS앗,R,0,,,333,235,76
473500120,2,KS앗,_,0,,,275,257,9
47353,1,KSnÕ~,,0,,,337,151,36
473530010,2,KSnÕ~,nÕ~,0,,,234,101,30
473530020,2,KSnÕ~,gA,1,,0030,103,50,6
473530030,2,KSnÕ~,O,2,0020,,X,X,X
47354,1,KSԖ,,0,,,423,214,56
473540010,2,KSԖ,Ԗ,0,,,192,103,36
473540020,2,KSԖ,,0,,,127,64,10
473540030,2,KSԖ,c,0,,,32,11,1
473540040,2,KSԖ,,0,,,32,18,2
473540050,2,KSԖ,^,0,,,40,18,7
47355,1,KS,,0,,,424,277,55
473550010,2,KS,,0,,,175,103,24
473550020,2,KS,,0,,,109,75,14
473550030,2,KS,l,0,,,140,99,17
47356,1,KSn쑺,,0,,,226,176,22
473560010,2,KSn쑺,,0,,,226,176,22
47357,1,KS哌,,0,,,605,300,90
473570010,2,KS哌,ݏ,0,,,311,119,64
473570020,2,KS哌,rV,0,,,93,45,18
473570030,2,KS哌,k,0,,,53,47,3
473570040,2,KS哌,V,0,,,25,25,-
473570050,2,KS哌,,0,,,56,20,2
473570060,2,KS哌,,0,,,67,44,3
47358,1,KSk哌,,0,,,221,105,20
473580010,2,KSk哌,`,0,,,51,13,1
473580020,2,KSk哌,,0,,,87,45,1
473580030,2,KSk哌,,0,,,83,47,18
473580040,2,KSk哌,T,0,,,-,-,-
47359,1,KSɕ,,0,,,512,315,37
473590010,2,KSɕ,c,0,,,106,72,12
473590020,2,KSɕ,O,0,,,103,53,9
473590030,2,KSɕ,쉮,0,,,142,81,13
473590040,2,KSɕ,K,0,,,117,87,2
473590050,2,KSɕ,,0,,,44,22,1
47360,1,KSɐ,,0,,,658,469,85
473600010,2,KSɐ,c,0,,,182,129,31
473600020,2,KSɐ,ɐ,0,,,138,101,19
473600030,2,KSɐ,q,0,,,81,51,9
473600040,2,KSɐ,,0,,,72,48,5
473600050,2,KSɐ,,0,,,185,140,21
47361,1,KSvē,,0,,,3281,2122,888
473610010,2,KSvē,F],0,,,86,68,6
473610020,2,KSvē,䉮,0,,,30,23,2
473610030,2,KSvē,,0,,,34,34,-
473610050,2,KSvē,^,0,,,206,191,12
473610060,2,KSvē,F,0,,,213,144,50
473610090,2,KSvē,,0,,,15,10,4
473610110,2,KSvē,Ӗ,0,,,230,150,68
473610120,2,KSvē,,0,,,395,176,190
473610130,2,KSvē,^䗢,0,,,82,48,33
473610140,2,KSvē,Kc,0,,,60,48,11
473610150,2,KSvē,K,0,,,53,51,2
473610160,2,KSvē,R,0,,,58,45,7
473610170,2,KSvē,V,0,,,301,205,84
473610190,2,KSvē,,0,,,47,41,-
473610200,2,KSvē,u,0,,,56,52,2
473610210,2,KSvē,n,0,,,78,68,10
473610220,2,KSvē,R,0,,,43,34,7
473610230,2,KSvē,]F,0,,,47,29,6
473610240,2,KSvē,,0,,,113,83,20
473610250,2,KSvē,k,0,,,53,47,6
473610260,2,KSvē,匴,0,,,92,79,8
473610270,2,KSvē,,0,,,162,98,54
47361027000,3,KSvē,,0,,,162,98,54
47361027001,3,KSvē,,0,,,-,-,-
473610280,2,KSvē,,0,,,446,161,219
473610290,2,KSvē,c,0,,,127,58,53
473610300,2,KSvē,,0,,,88,55,17
473610310,2,KSvē,Î芡,0,,,166,124,17
47362,1,KSd,,0,,,9552,6160,2772
473620010,2,KSd,,0,,,1735,886,818
473620020,2,KSd,ɔe,0,,,817,295,508
473620030,2,KSd,c,0,,,84,73,10
473620040,2,KSd,X,0,,,890,373,453
473620050,2,KSd,x,0,,,514,420,72
473620060,2,KSd,,0,,,348,336,8
473620070,2,KSd,,0,,,78,66,9
473620080,2,KSd,u,0,,,305,265,23
473620090,2,KSd,,0,,,164,156,7
473620100,2,KSd,,0,,,179,175,3
473620110,2,KSd,X,0,,,551,356,89
473620120,2,KSd,O,0,,,267,78,54
473620130,2,KSd,F,0,,,798,616,153
473620140,2,KSd,u,0,,,571,390,176
473620150,2,KSd,V,0,,,369,333,32
473620160,2,KSd,㌴,0,,,414,305,107
473620170,2,KSd,,0,,,168,60,33
473620180,2,KSd,ޖ,0,,,213,155,56
473620190,2,KSd,,0,,,281,237,27
473620200,2,KSd,^,0,,,37,37,-
473620210,2,KSd,,0,,,144,141,3
473620220,2,KSd,`,0,,,261,233,25
473620230,2,KSd,,0,,,364,174,106
47375,1,{ÌSǊԑ,,0,,,469,328,20
473750010,2,{ÌSǊԑ,,0,,,137,82,6
473750020,2,{ÌSǊԑ,,1,,0030,332,246,14
473750030,2,{ÌSǊԑ,[,2,0020,,X,X,X
47381,1,dRS|x,,0,,,1872,976,233
473810010,2,dRS|x,㌴,0,,,388,209,84
473810020,2,dRS|x,,0,,,20,15,2
473810030,2,dRS|x,Ì,0,,,28,16,2
473810040,2,dRS|x,앗,0,,,143,63,32
473810050,2,dRS|x,앗,0,,,202,106,35
473810060,2,dRS|x,\,0,,,193,101,22
473810070,2,dRS|x,R,0,,,-,-,-
473810080,2,dRS|x,,0,,,30,16,-
473810090,2,dRS|x,l,0,,,395,103,22
473810100,2,dRS|x,|x,0,,,165,110,16
473810110,2,dRS|x,,1,,0120,90,69,4
473810120,2,dRS|x,V,2,0110,,X,X,X
473810130,2,dRS|x,gƊ,0,,,218,168,14
47382,1,dRS^ߍ,,0,,,649,347,143
473820010,2,dRS^ߍ,^ߍ,0,,,649,347,143
