KEY_CODE,HYOSYO,CITYNAME,NAME,HTKSYORI,HTKSAKI,GASSAN,T000852001,T000852002,T000852003
,,,,,,,ZɏZވʐ,,c؉
45201,1,{s,,0,,,173075,99064,59237
452010010,2,{s,kʐ,0,,,683,220,431
45201001001,3,{s,kʐP,0,,,168,86,82
45201001002,3,{s,kʐQ,0,,,160,25,128
45201001003,3,{s,kʐR,0,,,6,6,-
45201001004,3,{s,kʐS,0,,,24,7,17
45201001005,3,{s,kʐT,0,,,325,96,204
452010020,2,{s,kʓ,0,,,1457,576,807
45201002001,3,{s,kʓP,0,,,385,154,212
45201002002,3,{s,kʓQ,0,,,119,36,75
45201002003,3,{s,kʓR,0,,,121,40,76
45201002004,3,{s,kʓS,0,,,256,150,99
45201002005,3,{s,kʓT,0,,,576,196,345
452010030,2,{s,,0,,,720,212,477
45201003001,3,{s,P,0,,,393,117,269
45201003002,3,{s,Q,0,,,327,95,208
452010040,2,{s,L,0,,,673,115,443
45201004001,3,{s,LP,0,,,427,57,277
45201004002,3,{s,LQ,0,,,246,58,166
452010050,2,{s,,0,,,23,6,16
452010060,2,{s,ߓ,0,,,1389,506,576
45201006001,3,{s,ߓP,0,,,260,115,141
45201006002,3,{s,ߓQ,0,,,295,118,138
45201006003,3,{s,ߓR,0,,,834,273,297
452010070,2,{s,{,0,,,260,56,187
452010080,2,{s,,0,,,129,32,92
452010090,2,{s,k,0,,,146,21,122
452010100,2,{s,썂,0,,,204,57,142
452010110,2,{s,,0,,,133,50,80
452010120,2,{s,L,0,,,687,285,372
45201012001,3,{s,LP,0,,,340,159,174
45201012002,3,{s,LQ,0,,,347,126,198
452010130,2,{s,瑐,0,,,381,117,252
452010140,2,{s,,0,,,1303,422,781
45201014001,3,{s,P,0,,,489,137,314
45201014002,3,{s,Q,0,,,384,156,211
45201014003,3,{s,R,0,,,430,129,256
452010150,2,{s,,0,,,224,83,135
452010160,2,{s,r,0,,,319,149,143
452010170,2,{s,H,0,,,2102,651,1319
45201017001,3,{s,HP,0,,,433,117,263
45201017002,3,{s,HQ,0,,,664,278,331
45201017003,3,{s,HR,0,,,1005,256,725
452010180,2,{s,Ð,0,,,518,332,156
452010190,2,{s,勴,0,,,1822,786,959
45201019001,3,{s,勴P,0,,,539,212,299
45201019002,3,{s,勴Q,0,,,325,152,157
45201019003,3,{s,勴R,0,,,958,422,503
452010200,2,{s,am쌴,0,,,992,482,473
45201020001,3,{s,am쌴P,0,,,434,242,180
45201020002,3,{s,am쌴Q,0,,,286,106,161
45201020003,3,{s,am쌴R,0,,,272,134,132
452010210,2,{s,ʕ{,0,,,41,11,22
452010220,2,{s,V,0,,,545,273,176
45201022001,3,{s,VP,0,,,363,214,123
45201022002,3,{s,VQ,0,,,182,59,53
452010230,2,{s,{c,0,,,224,45,170
452010240,2,{s,,0,,,269,84,178
45201024001,3,{s,P,0,,,144,47,93
45201024002,3,{s,Q,0,,,125,37,85
452010250,2,{s,쌴,0,,,331,199,116
452010260,2,{s,,0,,,17,9,8
452010270,2,{s,,0,,,485,189,278
45201027001,3,{s,P,0,,,207,98,97
45201027002,3,{s,Q,0,,,278,91,181
452010280,2,{s,R,0,,,688,143,525
45201028001,3,{s,RP,0,,,514,111,386
45201028002,3,{s,RQ,0,,,174,32,139
452010290,2,{s,Ȓ,0,,,764,374,350
452010300,2,{s,iy,0,,,572,159,371
452010310,2,{s,x쒬,0,,,693,202,474
452010320,2,{s,쒬,0,,,270,98,164
452010330,2,{s,a,0,,,505,241,213
452010340,2,{s,g,0,,,6797,3395,2854
45201034001,3,{s,g,0,,,1102,570,506
45201034002,3,{s,g,0,,,1360,798,513
45201034003,3,{s,g,0,,,1777,837,864
45201034004,3,{s,g,0,,,1232,491,396
45201034005,3,{s,gk,0,,,1326,699,575
452010350,2,{s,]t,0,,,536,282,244
452010360,2,{s,剤,0,,,222,107,95
452010370,2,{s,,0,,,788,468,302
452010380,2,{s,,0,,,755,342,306
452010390,2,{s,̋{,0,,,279,72,149
452010400,2,{s,o,0,,,530,314,178
452010410,2,{s,F,0,,,852,444,355
452010420,2,{s,c㒬,0,,,828,385,397
452010430,2,{s,˒,0,,,398,183,203
452010440,2,{s,V钬,0,,,409,41,342
452010450,2,{s,Vh,0,,,102,9,82
452010460,2,{s,h,0,,,198,15,175
452010470,2,{s,mo,0,,,324,94,221
452010480,2,{s,B,0,,,206,38,149
452010490,2,{s,O,0,,,28,13,15
452010500,2,{s,g򌴒,0,,,1401,995,264
452010510,2,{s,R蒬,0,,,409,153,5
452010520,2,{s,Vʕ{,0,,,1137,678,429
452010530,2,{s,p,0,,,1146,894,101
452010540,2,{s,哇,0,,,2450,1217,826
452010550,2,{s,g,0,,,990,656,313
45201055001,3,{s,gP,0,,,514,331,170
45201055002,3,{s,gQ,0,,,476,325,143
452010560,2,{s,і{,0,,,160,58,91
452010570,2,{s,ђ,0,,,299,165,107
452010580,2,{s,ۓ,0,,,270,30,209
452010590,2,{s,ے,0,,,1114,545,479
452010600,2,{s,a,0,,,197,65,126
452010610,2,{s,t,0,,,325,67,232
452010620,2,{s,{e,0,,,165,63,50
452010630,2,{s,y],0,,,-,-,-
452010640,2,{s,c,0,,,748,385,352
45201064001,3,{s,cP,0,,,221,151,64
45201064002,3,{s,cQ,0,,,178,56,121
45201064003,3,{s,cR,0,,,161,86,73
45201064004,3,{s,cS,0,,,188,92,94
452010650,2,{s,嗄,0,,,709,205,424
45201065001,3,{s,嗄P,0,,,227,48,114
45201065002,3,{s,嗄Q,0,,,154,72,74
45201065003,3,{s,嗄R,0,,,163,54,106
45201065004,3,{s,嗄S,0,,,165,31,130
452010660,2,{s,,0,,,717,232,469
45201066001,3,{s,P,0,,,217,83,129
45201066002,3,{s,Q,0,,,334,90,235
45201066003,3,{s,R,0,,,166,59,105
452010670,2,{s,,0,,,613,161,417
45201067001,3,{s,P,0,,,269,73,172
45201067002,3,{s,Q,0,,,188,65,119
45201067003,3,{s,R,0,,,156,23,126
452010680,2,{s,嗄,0,,,374,124,227
45201068001,3,{s,嗄P,0,,,230,69,158
45201068002,3,{s,嗄Q,0,,,144,55,69
452010690,2,{s,V,0,,,494,230,254
45201069001,3,{s,VP,0,,,146,38,104
45201069002,3,{s,VQ,0,,,113,56,54
45201069003,3,{s,VR,0,,,235,136,96
452010700,2,{s,V,0,,,130,37,91
452010710,2,{s,쒬,0,,,10,9,1
452010720,2,{s,ˑ䐼,0,,,2538,1129,61
45201072001,3,{s,ˑ䐼P,0,,,844,355,20
45201072002,3,{s,ˑ䐼Q,0,,,557,371,21
45201072003,3,{s,ˑ䐼R,0,,,1137,403,20
452010730,2,{s,ˑ䓌,0,,,477,399,39
45201073001,3,{s,ˑ䓌P,0,,,330,267,26
45201073002,3,{s,ˑ䓌Q,0,,,147,132,13
452010740,2,{s,J,0,,,428,216,197
45201074001,3,{s,JP,0,,,143,69,68
45201074002,3,{s,JQ,0,,,228,97,122
45201074003,3,{s,JR,0,,,57,50,7
452010750,2,{s,J쒬,2,076002,,X,X,X
452010760,2,{s,,0,,,182,99,80
45201076001,3,{s,P,2,076002,,X,X,X
45201076002,3,{s,Q,1,,0750;076001,43,26,17
45201076003,3,{s,R,0,,,139,73,63
452010770,2,{s,,0,,,211,90,111
452010780,2,{s,,0,,,507,264,232
45201078001,3,{s,P,0,,,183,135,44
45201078002,3,{s,Q,0,,,160,64,94
45201078003,3,{s,R,0,,,164,65,94
452010790,2,{s,˒,0,,,7391,3747,3062
45201079001,3,{s,˒,0,,,1356,757,536
45201079002,3,{s,˒k,0,,,816,378,414
45201079003,3,{s,˒,0,,,1776,1065,675
45201079004,3,{s,˒,0,,,1554,564,717
45201079005,3,{s,˒,0,,,1889,983,720
452010800,2,{s,Ï钬,0,,,336,307,25
452010810,2,{s,,0,,,1164,482,539
452010820,2,{s,k,0,,,219,202,2
452010830,2,{s,˒,0,,,134,29,68
452010840,2,{s,,0,,,147,80,65
45201084001,3,{s,˂P,0,,,77,41,35
45201084002,3,{s,˂Q,0,,,70,39,30
452010850,2,{s,ؐ,0,,,560,247,42
45201085001,3,{s,ؐP,0,,,274,92,24
45201085002,3,{s,ؐQ,0,,,286,155,18
452010860,2,{s,ؓ,0,,,765,567,176
45201086001,3,{s,ؓP,0,,,240,184,40
45201086002,3,{s,ؓQ,0,,,217,200,13
45201086003,3,{s,ؓR,0,,,308,183,123
452010872,2,{s,ؒ,0,,,201,78,112
452010873,2,{s,ԎR萼,0,,,651,493,143
45201087301,3,{s,ԎR萼P,0,,,291,195,89
45201087302,3,{s,ԎR萼Q,0,,,360,298,54
452010874,2,{s,ԎR蓌,0,,,918,606,301
45201087401,3,{s,ԎR蓌P,0,,,323,109,209
45201087402,3,{s,ԎR蓌Q,0,,,302,215,84
45201087403,3,{s,ԎR蓌R,0,,,293,282,8
452010880,2,{s,Pu,0,,,431,375,55
452010890,2,{s,],0,,,1197,1095,91
45201089001,3,{s,]P,0,,,351,328,21
45201089002,3,{s,]Q,0,,,401,372,26
45201089003,3,{s,]R,0,,,184,149,34
45201089004,3,{s,]S,0,,,261,246,10
452010900,2,{s,,0,,,510,244,231
45201090001,3,{s,ʂP,0,,,252,73,155
45201090002,3,{s,ʂQ,0,,,258,171,76
452010910,2,{s,ێR,0,,,896,402,463
45201091001,3,{s,ێRP,0,,,307,128,168
45201091002,3,{s,ێRQ,0,,,589,274,295
452010920,2,{s,D,0,,,921,457,388
45201092001,3,{s,D˂P,0,,,242,112,125
45201092002,3,{s,D˂Q,0,,,362,171,167
45201092003,3,{s,D˂R,0,,,317,174,96
452010930,2,{s,ԓa,0,,,202,107,91
452010940,2,{s,,0,,,1518,752,724
45201094001,3,{s,P,0,,,225,131,91
45201094002,3,{s,Q,0,,,472,221,243
45201094003,3,{s,R,0,,,324,149,157
45201094004,3,{s,S,0,,,351,164,180
45201094005,3,{s,T,0,,,146,87,53
452010950,2,{s,_,0,,,1326,533,744
45201095001,3,{s,_P,0,,,238,126,107
45201095002,3,{s,_Q,0,,,301,111,175
45201095003,3,{s,_R,0,,,419,186,218
45201095004,3,{s,_S,0,,,368,110,244
452010960,2,{s,r,0,,,679,324,23
452010970,2,{s,k,0,,,3262,2269,911
452010980,2,{s,auk,0,,,267,253,14
452010990,2,{s,au,0,,,247,215,30
452011000,2,{s,au,0,,,485,227,9
452011010,2,{s,,0,,,205,180,22
452011020,2,{s,̐撬,0,,,243,83,137
452011030,2,{s,_{,0,,,1385,554,730
45201103001,3,{s,_{P,0,,,502,223,209
45201103002,3,{s,_{Q,0,,,428,182,228
45201103003,3,{s,_{R,0,,,455,149,293
452011040,2,{s,,0,,,461,169,278
452011050,2,{s,_{,0,,,967,478,378
45201105001,3,{s,_{P,0,,,473,289,107
45201105002,3,{s,_{Q,0,,,494,189,271
452011060,2,{s,_{,0,,,661,350,277
45201106001,3,{s,_{P,0,,,440,258,164
45201106002,3,{s,_{Q,0,,,221,92,113
452011070,2,{s,厚Pv,0,,,3848,1846,1898
45201107001,3,{s,厚Pvk,0,,,1135,600,523
45201107002,3,{s,厚Pv,0,,,1071,562,482
45201107003,3,{s,厚Pv,0,,,1642,684,893
452011080,2,{s,_{,0,,,26,16,10
452011090,2,{s,],0,,,16,6,10
452011100,2,{s,],0,,,234,22,206
452011110,2,{s,ԃP,0,,,2067,982,877
452011120,2,{s,ԃP,0,,,433,145,267
452011130,2,{s,{,0,,,1160,887,262
45201113001,3,{s,{P,0,,,227,182,45
45201113002,3,{s,{Q,0,,,390,299,90
45201113003,3,{s,{R,0,,,182,157,23
45201113004,3,{s,{S,0,,,361,249,104
452011140,2,{s,],0,,,814,243,333
45201114001,3,{s,]P,0,,,589,166,221
45201114002,3,{s,]Q,0,,,225,77,112
452011150,2,{s,],0,,,489,201,213
45201115001,3,{s,]P,0,,,312,107,136
45201115002,3,{s,]Q,0,,,177,94,77
452011160,2,{s,],0,,,420,247,155
452011170,2,{s,,0,,,449,238,186
452011180,2,{s,k,0,,,281,174,103
452011190,2,{s,钬,0,,,85,67,13
452011200,2,{s,ڑ䓌,0,,,1760,1012,31
45201120001,3,{s,ڑ䓌P,0,,,223,199,4
45201120002,3,{s,ڑ䓌Q,0,,,250,242,7
45201120003,3,{s,ڑ䓌R,0,,,528,231,11
45201120004,3,{s,ڑ䓌S,0,,,625,208,7
45201120005,3,{s,ڑ䓌T,0,,,134,132,2
452011210,2,{s,ڑ䐼,0,,,1262,689,12
45201121001,3,{s,ڑ䐼P,0,,,146,140,6
45201121002,3,{s,ڑ䐼Q,0,,,557,-,3
45201121003,3,{s,ڑ䐼R,0,,,128,126,-
45201121004,3,{s,ڑ䐼S,0,,,234,228,2
45201121005,3,{s,ڑ䐼T,0,,,197,195,1
452011220,2,{s,䓌,0,,,661,610,40
45201122001,3,{s,䓌P,0,,,232,207,21
45201122002,3,{s,䓌Q,0,,,230,212,14
45201122003,3,{s,䓌R,0,,,199,191,5
452011230,2,{s,䐼,0,,,413,373,34
45201123001,3,{s,䐼P,0,,,75,69,4
45201123002,3,{s,䐼Q,0,,,126,117,7
45201123003,3,{s,䐼R,0,,,212,187,23
452011240,2,{s,厚cg,0,,,1227,664,521
452011250,2,{s,厚ԍ],0,,,2020,1047,586
452011261,2,{s,厚{k,0,,,329,250,65
452011262,2,{s,厚{k,0,,,290,107,180
452011263,2,{s,厚{k,0,,,1580,929,622
452011270,2,{s,厚{,0,,,2329,1300,399
452011280,2,{s,厚Si,0,,,883,699,174
452011290,2,{s,Pu,0,,,2719,1886,763
45201129001,3,{s,PuP,0,,,321,250,66
45201129002,3,{s,PuQ,0,,,629,417,191
45201129003,3,{s,PuR,0,,,222,185,33
45201129004,3,{s,PuS,0,,,402,284,93
45201129005,3,{s,PuT,0,,,525,365,158
45201129006,3,{s,PuU,0,,,428,232,185
45201129007,3,{s,PuV,0,,,192,153,37
452011300,2,{s,{,0,,,527,435,89
45201130001,3,{s,{P,0,,,209,155,53
45201130002,3,{s,{Q,0,,,144,126,16
45201130003,3,{s,{R,0,,,174,154,20
452011310,2,{s,]Pu,0,,,1319,1017,182
45201131001,3,{s,]PuP,0,,,286,155,19
45201131002,3,{s,]PuQ,0,,,236,214,22
45201131003,3,{s,]PuR,0,,,452,373,74
45201131004,3,{s,]PuS,0,,,345,275,67
452011320,2,{s,Pv,0,,,2202,1130,959
45201132001,3,{s,PvP,0,,,331,155,170
45201132002,3,{s,PvQ,0,,,314,161,109
45201132003,3,{s,PvR,0,,,447,226,195
45201132004,3,{s,PvS,0,,,348,150,171
45201132005,3,{s,PvT,0,,,393,250,136
45201132006,3,{s,PvU,0,,,369,188,178
452011330,2,{s,Pv,0,,,1430,552,831
45201133001,3,{s,PvP,0,,,392,119,244
45201133002,3,{s,PvQ,0,,,485,199,275
45201133003,3,{s,PvR,0,,,404,138,263
45201133004,3,{s,PvS,0,,,149,96,49
452011340,2,{s,{̌,0,,,64,56,8
452011352,2,{s,厚F,0,,,1992,1107,856
452011362,2,{s,厚]c,0,,,431,384,42
452011370,2,{s,厚F,0,,,280,253,24
452011380,2,{s,w؉ԑ䐼,0,,,323,15,305
45201138001,3,{s,w؉ԑ䐼P,0,,,272,14,257
45201138002,3,{s,w؉ԑ䐼Q,0,,,51,1,48
452011390,2,{s,w؉ԑk,0,,,919,408,101
45201139001,3,{s,w؉ԑkP,0,,,111,107,3
45201139002,3,{s,w؉ԑkQ,0,,,227,218,6
45201139003,3,{s,w؉ԑkR,0,,,581,83,92
452011400,2,{s,w؉ԑ,0,,,722,673,37
45201140001,3,{s,w؉ԑP,0,,,131,126,5
45201140002,3,{s,w؉ԑQ,0,,,215,202,8
45201140003,3,{s,w؉ԑR,0,,,376,345,24
452011411,2,{s,,0,,,231,103,125
45201141101,3,{s,P,0,,,89,46,42
45201141102,3,{s,Q,0,,,142,57,83
452011412,2,{s,厚ܐ,0,,,98,94,3
452011420,2,{s,厚C,0,,,439,405,27
452011430,2,{s,,0,,,812,623,174
45201143001,3,{s,P,0,,,125,69,54
45201143002,3,{s,Q,0,,,147,69,72
45201143003,3,{s,R,0,,,198,182,15
45201143004,3,{s,S,0,,,150,136,11
45201143005,3,{s,T,0,,,92,87,5
45201143006,3,{s,U,0,,,100,80,17
452011440,2,{s,厚V,0,,,4057,2649,1230
452011450,2,{s,厚H,0,,,367,313,35
452011460,2,{s,厚V,0,,,1126,782,315
452011470,2,{s,厚Fm,0,,,2192,1174,563
452011480,2,{s,厚L,0,,,403,383,15
452011490,2,{s,厚c,0,,,685,657,23
452011500,2,{s,厚,0,,,191,185,4
452011510,2,{s,厚xg,0,,,481,461,8
452011520,2,{s,厚׍],0,,,441,430,9
452011530,2,{s,厚,0,,,195,186,7
452011540,2,{s,厚Ս],0,,,677,630,39
452011550,2,{s,厚,0,,,1995,1077,819
452011560,2,{s,厚,0,,,102,100,1
452011570,2,{s,厚Lc,0,,,208,198,6
452011580,2,{s,k,0,,,393,377,15
452011590,2,{s,厚k,0,,,139,133,4
452011600,2,{s,厚Z,0,,,758,696,49
452011610,2,{s,厚吣,0,,,561,533,21
452011620,2,{s,厚,0,,,45,44,1
452011630,2,{s,厚,0,,,165,163,2
452011640,2,{s,厚,0,,,633,561,11
452011650,2,{s,厚g,0,,,85,84,1
452011660,2,{s,郖,0,,,1360,598,737
45201166001,3,{s,郖P,0,,,186,78,105
45201166002,3,{s,郖Q,0,,,424,246,166
45201166003,3,{s,郖R,0,,,400,87,306
45201166004,3,{s,郖S,0,,,350,187,160
452011670,2,{s,`,0,,,-,-,-
45201167001,3,{s,`P,0,,,-,-,-
45201167002,3,{s,`Q,0,,,-,-,-
45201167003,3,{s,`R,0,,,-,-,-
452011680,2,{s,`,0,,,-,-,-
45201168001,3,{s,`P,0,,,-,-,-
45201168002,3,{s,`Q,0,,,-,-,-
45201168003,3,{s,`R,0,,,-,-,-
452011690,2,{s,w؉ԑ,0,,,2151,296,1829
45201169001,3,{s,w؉ԑP,0,,,1259,158,1085
45201169002,3,{s,w؉ԑQ,0,,,892,138,744
452011700,2,{s,܂Ȃі,0,,,658,586,9
45201170001,3,{s,܂ȂіP,0,,,227,178,3
45201170002,3,{s,܂ȂіQ,0,,,366,359,6
45201170003,3,{s,܂ȂіR,0,,,65,49,-
452011710,2,{s,{,0,,,808,716,79
45201171001,3,{s,{P,0,,,429,344,76
45201171002,3,{s,{Q,0,,,379,372,3
452011720,2,{s,쒬,0,,,178,172,4
452011730,2,{s,{w,0,,,684,301,344
45201173001,3,{s,{wP,0,,,162,72,75
45201173002,3,{s,{wQ,0,,,67,15,48
45201173003,3,{s,{wR,0,,,455,214,221
452011740,2,{s,R[h1740̌v,0,,,5968,3950,1340
45201174001,3,{s,cij,0,,,3222,1864,739
45201174002,3,{s,cij,0,,,2746,2086,601
452011750,2,{s,߉,0,,,3008,2544,333
452011760,2,{s,߉,0,,,1007,919,38
452011770,2,{s,߉,0,,,431,421,8
452011780,2,{s,c,0,,,1892,1541,205
452011900,2,{s,,0,,,428,296,113
452011910,2,{s,O,0,,,369,363,3
45201191001,3,{s,OP,0,,,143,140,1
45201191002,3,{s,OQ,0,,,226,223,2
452011920,2,{s,΍,0,,,255,174,79
45201192001,3,{s,΍P,0,,,46,45,1
45201192002,3,{s,΍Q,0,,,127,71,54
45201192003,3,{s,΍R,0,,,82,58,24
452011930,2,{s,H,0,,,25,25,-
452011940,2,{s,xc,0,,,10,10,-
452011950,2,{s,,0,,,2088,1764,289
45201195001,3,{s,,0,,,183,181,2
45201195002,3,{s,B|,0,,,592,552,26
45201195003,3,{s,v,0,,,133,115,13
45201195004,3,{s,򉺑v,0,,,55,52,1
45201195005,3,{s,Jm,0,,,83,81,2
45201195006,3,{s,򏼃mؓc,0,,,177,89,83
45201195007,3,{s,,0,,,157,56,95
45201195008,3,{s,򉺍,0,,,120,70,49
45201195009,3,{s,㍡,0,,,221,219,2
45201195010,3,{s,ۖ,0,,,68,68,-
45201195011,3,{s,΍,0,,,12,11,1
45201195012,3,{s,򏼊,0,,,124,121,3
45201195013,3,{s,iR,0,,,163,149,12
452011960,2,{s,D,0,,,1240,710,449
45201196001,3,{s,Dk,0,,,161,153,6
45201196002,3,{s,D,0,,,92,89,3
45201196003,3,{s,DD,0,,,172,168,3
45201196004,3,{s,D,0,,,258,165,90
45201196005,3,{s,DV,0,,,557,135,347
452011970,2,{s,،,0,,,1643,664,776
45201197001,3,{s,،,0,,,129,98,14
45201197002,3,{s,،ic,0,,,144,68,74
45201197003,3,{s,،،,0,,,273,120,7
45201197004,3,{s,،،,0,,,171,93,75
45201197005,3,{s,،،,0,,,142,124,17
45201197006,3,{s,،V,0,,,784,161,589
452011980,2,{s,厚[,0,,,3748,2240,1453
45201198001,3,{s,厚[[,0,,,202,137,64
45201198002,3,{s,厚[㒆,0,,,138,42,96
45201198003,3,{s,厚[,0,,,93,81,12
45201198004,3,{s,厚[[,0,,,458,235,211
45201198005,3,{s,厚[[,0,,,1036,431,589
45201198006,3,{s,厚[j[^E,0,,,245,225,17
45201198007,3,{s,厚[rcQ,0,,,229,173,51
45201198008,3,{s,厚[[Pu,0,,,853,448,391
45201198009,3,{s,厚[̂,0,,,244,222,18
45201198010,3,{s,厚[j[rc,0,,,250,246,4
452011990,2,{s,,0,,,865,238,612
45201199001,3,{s,P,0,,,314,97,211
45201199002,3,{s,Q,0,,,350,103,245
45201199003,3,{s,R,0,,,201,38,156
452012000,2,{s,[,0,,,720,68,643
45201200001,3,{s,[P,0,,,217,18,194
45201200002,3,{s,[Q,0,,,195,12,183
45201200003,3,{s,[R,0,,,123,27,96
45201200004,3,{s,[S,0,,,72,2,70
45201200005,3,{s,[T,0,,,113,9,100
452012010,2,{s,rc,0,,,568,548,17
452012020,2,{s,V,0,,,260,62,195
45201202001,3,{s,VP,0,,,71,13,57
45201202002,3,{s,VQ,0,,,189,49,138
452012030,2,{s,rck,0,,,418,407,7
452012040,2,{s,,0,,,210,51,154
45201204001,3,{s,ЂP,0,,,92,45,44
45201204002,3,{s,ЂQ,0,,,118,6,110
452012050,2,{s,b,0,,,2229,1813,296
45201205001,3,{s,b؍ޒikcj,0,,,83,58,21
45201205002,3,{s,bikcj,0,,,51,45,5
45201205003,3,{s,bikcj,0,,,14,14,-
45201205004,3,{s,bicj,0,,,30,27,3
45201205005,3,{s,bicj,0,,,38,27,9
45201205006,3,{s,bicj,0,,,60,38,20
45201205007,3,{s,bicj,0,,,179,122,54
45201205008,3,{s,b_icj,0,,,51,51,-
45201205009,3,{s,bki앪cj,0,,,41,25,15
45201205010,3,{s,b쎛i앪cj,0,,,173,129,42
45201205011,3,{s,bni앪cj,0,,,68,61,6
45201205012,3,{s,bzni앪cj,0,,,104,100,1
45201205013,3,{s,bi앪cj,0,,,51,45,5
45201205014,3,{s,bVi앪cj,0,,,78,77,-
45201205015,3,{s,bei앪cj,0,,,45,43,1
45201205016,3,{s,bjJi앪cj,0,,,4,4,-
45201205017,3,{s,bci앪cj,0,,,7,7,-
45201205018,3,{s,bi앪cj,0,,,36,35,1
45201205019,3,{s,bi앪cj,0,,,38,36,1
45201205020,3,{s,b팴i앪cj,0,,,17,16,1
45201205021,3,{s,bqJi앪cj,0,,,11,10,1
45201205022,3,{s,bi앪cj,0,,,-,-,-
45201205024,3,{s,bqicj,0,,,190,145,25
45201205025,3,{s,bqicj,0,,,153,74,31
45201205026,3,{s,b~Jicj,0,,,106,101,2
45201205027,3,{s,bicj,0,,,213,173,36
45201205028,3,{s,bDPRicj,0,,,44,43,-
45201205029,3,{s,bcRicj,0,,,183,166,2
45201205030,3,{s,bicj,0,,,90,75,12
45201205031,3,{s,b΋vہicj,0,,,56,51,2
45201205032,3,{s,bOV_icj,0,,,15,15,-
452012060,2,{s,,0,,,1781,1428,115
45201206001,3,{s,~ikcj,0,,,86,82,3
45201206002,3,{s,ikcj,0,,,89,63,26
45201206003,3,{s,ikcj,0,,,41,39,2
45201206004,3,{s,ikcj,1,,206005,58,55,3
45201206005,3,{s,wikcj,2,206004,,X,X,X
45201206006,3,{s,cnikcj,0,,,65,-,-
45201206007,3,{s,cnikcj,0,,,130,-,-
45201206008,3,{s,ikcj,0,,,30,27,3
45201206009,3,{s,kikcj,0,,,34,33,1
45201206010,3,{s,ikcj,0,,,14,13,-
45201206011,3,{s,cnikcj,0,,,24,23,-
45201206012,3,{s,㉮~ikcj,0,,,43,41,1
45201206013,3,{s,ikcj,0,,,46,45,1
45201206014,3,{s,Pikcj,0,,,4,4,-
45201206015,3,{s,xikcj,0,,,30,29,-
45201206016,3,{s,DPikcj,0,,,21,21,-
45201206017,3,{s,ikcj,0,,,31,31,-
45201206018,3,{s,㉺됣ikcj,0,,,70,68,2
45201206019,3,{s,@Vikcj,0,,,119,114,4
45201206020,3,{s,Opikcj,0,,,46,43,1
45201206021,3,{s,icj,0,,,82,75,4
45201206022,3,{s,icj,0,,,38,30,8
45201206023,3,{s,icj,0,,,45,42,3
45201206024,3,{s,{icj,0,,,25,24,-
45201206025,3,{s,גicj,0,,,29,25,2
45201206026,3,{s,wm؁icj,0,,,30,28,2
45201206027,3,{s,wm؁icj,0,,,56,40,15
45201206028,3,{s,icj,0,,,73,68,5
45201206029,3,{s,쌴cnicj,0,,,71,23,24
45201206030,3,{s,_icj,0,,,43,38,4
45201206031,3,{s,i앪cj,0,,,18,18,-
45201206032,3,{s,icj,0,,,91,89,-
45201206033,3,{s,Јicj,0,,,62,60,1
45201206034,3,{s,icj,1,,206035;206040,17,17,-
45201206035,3,{s,mcicj,2,206034,,X,X,X
45201206036,3,{s,icj,0,,,21,21,-
45201206037,3,{s,dicj,0,,,40,40,-
45201206038,3,{s,Ricj,0,,,25,25,-
45201206039,3,{s,micj,0,,,34,34,-
45201206040,3,{s,V_icj,2,206034,,X,X,X
452012070,2,{s,ڂ,0,,,173,98,70
45201207001,3,{s,ڂ̂Pځi앪cj,0,,,30,13,14
45201207002,3,{s,ڂ̂Qځi앪cj,0,,,43,28,15
45201207003,3,{s,ڂ̂Rځi앪cj,0,,,83,40,41
45201207004,3,{s,ڂ̂Sځi앪cj,0,,,17,17,-
452012080,2,{s,ѓc,0,,,518,363,56
45201208001,3,{s,ѓcij,0,,,15,15,-
45201208002,3,{s,ѓcij,1,,208003,134,94,40
45201208003,3,{s,ѓcij,2,208002,,X,X,X
45201208004,3,{s,ѓcѓcij,0,,,246,198,15
45201208005,3,{s,ѓcێRij,0,,,93,28,-
45201208006,3,{s,ѓcPdi厚Rj,0,,,30,28,1
452012090,2,{s,R,0,,,658,548,50
45201209001,3,{s,Rij,0,,,93,72,18
45201209002,3,{s,Rij,0,,,7,6,-
45201209003,3,{s,Rij,0,,,81,73,8
45201209004,3,{s,RTij,0,,,180,119,19
45201209005,3,{s,Rij,0,,,42,39,3
45201209006,3,{s,Rѓcij,0,,,20,19,-
45201209007,3,{s,RPdi厚Rj,0,,,9,9,-
45201209008,3,{s,RVci厚Rj,0,,,80,68,1
45201209009,3,{s,R鎛i厚Rj,0,,,51,50,-
45201209010,3,{s,Rij,0,,,63,61,1
45201209011,3,{s,Ra΁ij,0,,,32,32,-
452012100,2,{s,YV,0,,,588,550,21
45201210001,3,{s,YVij,0,,,15,15,-
45201210002,3,{s,YV쌴cij,0,,,96,86,8
45201210003,3,{s,YVԒJij,0,,,137,127,5
45201210004,3,{s,YVci厚Rj,0,,,-,-,-
45201210005,3,{s,YVCi厚YVj,0,,,55,54,1
45201210006,3,{s,YV[i厚YVj,0,,,67,63,4
45201210007,3,{s,YVcVi厚YVj,0,,,87,75,3
45201210008,3,{s,YVvؖi厚YVj,0,,,29,29,-
45201210009,3,{s,YVci厚YVj,0,,,59,59,-
45201210010,3,{s,YVБOij,0,,,28,27,-
45201210011,3,{s,YVij,0,,,15,15,-
452012110,2,{s,Rc,0,,,287,261,4
45201211001,3,{s,RcRcisj,0,,,159,155,3
45201211002,3,{s,Rc[isj,0,,,124,102,1
45201211003,3,{s,Rcqisj,0,,,4,4,-
452012120,2,{s,qi,0,,,256,249,3
45201212001,3,{s,qi[isj,0,,,-,-,-
45201212002,3,{s,qiqisj,0,,,108,105,2
45201212003,3,{s,qiIisj,0,,,97,95,1
45201212004,3,{s,qio؋isj,0,,,30,28,-
45201212005,3,{s,qiVdisj,0,,,21,21,-
452012130,2,{s,,0,,,40,39,-
452012140,2,{s,ܒ,0,,,500,421,57
45201214001,3,{s,ܒij,0,,,40,36,2
45201214002,3,{s,ܒij,0,,,16,7,9
45201214003,3,{s,ܒij,0,,,74,53,14
45201214004,3,{s,ܒij,0,,,62,59,1
45201214005,3,{s,ܒTij,0,,,94,74,11
45201214006,3,{s,ܒij,0,,,60,40,19
45201214007,3,{s,ܒ鎛i厚Rj,2,214008,,X,X,X
45201214008,3,{s,ܒci厚Rj,1,,214007,59,58,-
45201214009,3,{s,ܒci厚Rj,0,,,34,34,-
45201214010,3,{s,ܒci厚Rj,0,,,42,41,1
45201214011,3,{s,ܒБOij,0,,,13,13,-
45201214012,3,{s,ܒij,0,,,6,6,-
452012150,2,{s,qi,0,,,606,569,18
45201215001,3,{s,qiqisj,0,,,27,26,-
45201215002,3,{s,qiqisj,0,,,107,103,3
45201215003,3,{s,qiIisj,0,,,-,-,-
45201215004,3,{s,qi{isj,0,,,133,123,10
45201215005,3,{s,qi_isj,0,,,339,317,5
452012160,2,{s,l,0,,,299,261,22
45201216001,3,{s,llij,0,,,180,168,10
45201216002,3,{s,l팩ij,0,,,26,24,1
45201216003,3,{s,lԌij,2,216004,,X,X,X
45201216004,3,{s,lij,1,,216003,73,69,4
45201216005,3,{s,lIij,0,,,20,-,7
45201216006,3,{s,lRcisj,0,,,-,-,-
452012170,2,{s,Ԍ,0,,,437,419,15
45201217001,3,{s,ԌRij,0,,,145,143,2
45201217002,3,{s,ԌԌij,0,,,186,174,10
45201217003,3,{s,ԌPij,0,,,56,56,-
45201217004,3,{s,Ԍij,0,,,30,28,2
45201217005,3,{s,ԌRcisj,0,,,17,16,1
45201217006,3,{s,Ԍ{isj,0,,,3,2,-
452012180,2,{s,V,0,,,167,24,50
452012190,2,{s,,0,,,690,188,450
45201219001,3,{s,P,0,,,382,123,254
45201219002,3,{s,Q,0,,,172,27,99
45201219003,3,{s,R,0,,,136,38,97
45202,1,ss,,0,,,68907,47583,16307
452020011,2,ss,钬,0,,,1037,575,380
452020020,2,ss,P钬,0,,,749,425,261
452020030,2,ss,b㌳,0,,,526,312,198
452020040,2,ss,,0,,,150,116,31
452020050,2,ss,,0,,,333,168,161
45202005001,3,ss,,0,,,124,57,64
45202005002,3,ss,,0,,,209,111,97
452020060,2,ss,c,0,,,174,73,94
452020070,2,ss,㓌,0,,,320,170,141
452020080,2,ss,,0,,,332,197,125
452020090,2,ss,,0,,,330,191,121
452020100,2,ss,V_,0,,,278,136,111
452020110,2,ss,,0,,,278,163,100
452020120,2,ss,㒬,0,,,207,95,102
452020130,2,ss,,0,,,88,54,32
452020140,2,ss,Oc,0,,,260,106,140
452020150,2,ss,],0,,,585,302,253
452020160,2,ss,,0,,,145,102,33
452020170,2,ss,k,0,,,520,155,197
452020180,2,ss,,0,,,132,71,60
452020190,2,ss,㒷ђ,0,,,2015,1242,435
45202019000,3,ss,㒷ђ,0,,,1047,731,295
45202019001,3,ss,㒷ђ,0,,,648,507,135
45202019002,3,ss,㒷ђꖜ,0,,,320,4,5
452020200,2,ss,ꖜ钬,0,,,1867,962,590
45202020000,3,ss,ꖜ钬,0,,,1415,799,559
45202020001,3,ss,ꖜ钬쓌,0,,,452,163,31
452020210,2,ss,Ҋ,0,,,814,451,320
45202021001,3,ss,Ҋ,0,,,386,186,166
45202021002,3,ss,Ҋ,0,,,428,265,154
452020220,2,ss,ђ,0,,,1026,805,170
452020230,2,ss,剤,0,,,679,381,283
452020240,2,ss,{ے,0,,,511,168,335
452020250,2,ss,uc,0,,,2078,1394,633
452020260,2,ss,h,0,,,215,77,131
452020270,2,ss,璬,0,,,378,239,113
452020280,2,ss,쒬,0,,,1193,227,927
452020290,2,ss,,0,,,1179,563,566
452020300,2,ss,S,0,,,1358,916,411
452020310,2,ss,,0,,,609,547,41
452020320,2,ss,c,0,,,389,289,23
452020330,2,ss,s,0,,,582,445,131
452020340,2,ss,,0,,,831,501,278
452020350,2,ss,܏\,0,,,873,717,150
452020360,2,ss,˒,0,,,660,621,37
452020370,2,ss,s,0,,,346,336,8
452020380,2,ss,쉡s,0,,,1350,1043,289
452020390,2,ss,,0,,,1860,1370,405
452020400,2,ss,N,0,,,842,362,394
452020410,2,ss,ȃPu,0,,,466,284,170
452020420,2,ss,ԌJ,0,,,435,198,173
452020430,2,ss,L,0,,,939,395,526
452020440,2,ss,vی,0,,,1328,779,528
452020450,2,ss,,0,,,2347,1224,603
45202045001,3,ss,P,0,,,679,305,96
45202045002,3,ss,Q,0,,,210,114,92
45202045003,3,ss,R,0,,,805,530,248
45202045004,3,ss,S,0,,,398,166,79
45202045005,3,ss,T,0,,,255,109,88
452020500,2,ss,s,0,,,1675,956,391
452020510,2,ss,_VR,0,,,125,88,36
452020530,2,ss,쓌,0,,,886,463,412
45202053001,3,ss,쓌P,0,,,426,197,225
45202053002,3,ss,쓌Q,0,,,269,166,98
45202053003,3,ss,쓌R,0,,,89,55,33
45202053004,3,ss,쓌S,0,,,102,45,56
452020570,2,ss,쓌,0,,,1430,830,439
45202057001,3,ss,쓌P,0,,,180,94,82
45202057002,3,ss,쓌Q,0,,,543,236,162
45202057003,3,ss,쓌R,0,,,293,178,113
45202057004,3,ss,쓌S,0,,,414,322,82
452020610,2,ss,t,0,,,988,531,368
452020620,2,ss,g,0,,,972,341,575
452020630,2,ss,c,0,,,1026,839,169
452020640,2,ss,YV,0,,,1097,825,235
452020650,2,ss,ؒ,0,,,926,769,144
452020660,2,ss,sk,0,,,1773,780,723
452020670,2,ss,㐅,0,,,764,659,49
452020680,2,ss,,0,,,468,460,5
452020690,2,ss,▞,0,,,154,149,4
452020700,2,ss,ےJ,0,,,582,563,16
452020710,2,ss,XJ,0,,,584,540,27
452020720,2,ss,[,0,,,1053,906,119
452020730,2,ss,֔V,0,,,376,335,13
452020740,2,ss,,0,,,859,749,59
452020750,2,ss,َq쒬,0,,,706,659,35
452020760,2,ss,쒬,0,,,210,204,5
452020770,2,ss,쒬,0,,,232,212,6
452020780,2,ss,gV,0,,,239,220,16
452020790,2,ss,r,0,,,68,64,-
452020800,2,ss,Ĕ,0,,,190,178,5
452020810,2,ss,~k,0,,,1572,1459,84
452020820,2,ss,v,0,,,1576,1392,110
452020830,2,ss,L,0,,,323,302,14
452020841,2,ss,jg,0,,,520,315,192
45202084101,3,ss,jgP,0,,,231,132,91
45202084102,3,ss,jgQ,0,,,117,58,58
45202084103,3,ss,jgR,0,,,172,125,43
452020842,2,ss,jg,0,,,32,8,23
452020850,2,ss,S,0,,,697,481,200
45202085001,3,ss,SP,0,,,113,62,47
45202085002,3,ss,SQ,0,,,181,126,49
45202085003,3,ss,SR,0,,,120,90,28
45202085004,3,ss,SS,0,,,283,203,76
452020860,2,ss,RVRV,0,,,620,546,27
452020890,2,ss,RVԖ,0,,,1018,778,85
452020920,2,ss,RVxg,0,,,854,693,35
452020940,2,ss,钬,0,,,939,842,52
45202094001,3,ss,钬藧,0,,,71,63,4
45202094002,3,ss,钬t,0,,,106,66,7
45202094003,3,ss,钬v,0,,,86,83,3
45202094004,3,ss,钬tO,0,,,77,75,2
45202094005,3,ss,钬艡,0,,,88,84,-
45202094006,3,ss,钬,0,,,-,-,-
45202094007,3,ss,钬ԗ,0,,,112,103,9
45202094008,3,ss,钬qm,0,,,-,-,-
45202094009,3,ss,钬؍,0,,,51,50,1
45202094010,3,ss,钬莵s,0,,,55,54,1
45202094011,3,ss,钬,0,,,179,161,17
45202094012,3,ss,钬荂錴,0,,,114,103,8
452020950,2,ss,钬,0,,,605,540,55
45202095001,3,ss,钬؋|׍H,0,,,190,159,28
45202095002,3,ss,钬؉|,0,,,219,198,16
45202095003,3,ss,钬؎s,0,,,45,43,1
45202095004,3,ss,钬ؒ|c,0,,,77,70,6
45202095005,3,ss,钬ؔ,0,,,74,70,4
452020960,2,ss,钬,0,,,106,92,13
45202096001,3,ss,钬㒬,0,,,55,48,6
45202096002,3,ss,钬铯I,0,,,26,25,1
45202096003,3,ss,钬钆,0,,,25,19,6
452020970,2,ss,钬䖞V,0,,,953,656,84
45202097001,3,ss,钬䖞Vn,0,,,31,29,1
45202097002,3,ss,钬䖞Vac,0,,,120,105,14
45202097003,3,ss,钬䖞Vn,0,,,288,257,28
45202097004,3,ss,钬䖞VR_,0,,,142,8,1
45202097006,3,ss,钬䖞V,0,,,49,48,1
45202097007,3,ss,钬䖞VK؊,0,,,101,72,7
45202097008,3,ss,钬䖞VO,0,,,166,93,20
45202097010,3,ss,钬䖞V,0,,,30,23,7
45202097011,3,ss,钬䖞V㔗,0,,,-,-,-
45202097012,3,ss,钬䖞VI,0,,,26,21,5
452020980,2,ss,钬ΎR,0,,,632,573,13
45202098001,3,ss,钬ΎRБO,0,,,220,178,8
45202098003,3,ss,钬ΎR,1,,098005,170,158,2
45202098004,3,ss,钬ΎRVn,0,,,129,126,2
45202098005,3,ss,钬ΎRR,2,098003,,X,X,X
45202098006,3,ss,钬ΎRT,0,,,113,111,1
452020990,2,ss,钬L,0,,,781,708,25
45202099001,3,ss,钬LLL,0,,,101,100,1
45202099002,3,ss,钬L㐼v,0,,,34,30,4
45202099003,3,ss,钬LOv,0,,,28,28,-
45202099004,3,ss,钬L,0,,,16,15,1
45202099005,3,ss,钬LY,0,,,14,14,-
45202099006,3,ss,钬Lc,0,,,44,44,-
45202099007,3,ss,钬L厛,0,,,24,24,-
45202099008,3,ss,钬Lv,0,,,37,37,-
45202099009,3,ss,钬Lc,0,,,188,144,8
45202099010,3,ss,钬L{,0,,,40,25,5
45202099012,3,ss,钬LA؃m,0,,,48,45,2
45202099013,3,ss,钬L,0,,,32,32,-
45202099014,3,ss,钬L㐯,0,,,71,68,2
45202099015,3,ss,钬LsX,0,,,49,48,1
45202099016,3,ss,钬LJ,0,,,32,31,1
45202099017,3,ss,钬L≮,0,,,23,23,-
452021000,2,ss,钬l,0,,,171,162,4
45202100001,3,ss,钬lƗlP,0,,,15,15,-
45202100002,3,ss,钬lƂ݂̂,0,,,44,41,3
45202100003,3,ss,钬lƊx,0,,,7,7,-
45202100004,3,ss,钬lƐ,2,100005,,X,X,X
45202100005,3,ss,钬lƒ,1,,100004,9,9,-
45202100006,3,ss,钬lƑJ,0,,,28,22,1
45202100007,3,ss,钬lƘnP,0,,,13,13,-
45202100008,3,ss,钬lƐP,0,,,42,42,-
45202100009,3,ss,钬lƖ{d,0,,,13,13,-
452021010,2,ss,RcRc,0,,,1643,1446,51
45202101001,3,ss,RcRcJ,0,,,50,49,-
45202101002,3,ss,RcRc,0,,,130,118,3
45202101003,3,ss,RcRc,0,,,110,106,4
45202101004,3,ss,RcRcP,0,,,168,105,13
45202101005,3,ss,RcRcc,0,,,87,85,2
45202101006,3,ss,RcRcac,0,,,46,46,-
45202101007,3,ss,RcRcq,0,,,16,15,1
45202101008,3,ss,RcRcCs,0,,,48,47,1
45202101010,3,ss,RcRcV,0,,,31,31,-
45202101011,3,ss,RcRc,0,,,152,77,3
45202101012,3,ss,RcRcΕC,0,,,32,32,-
45202101013,3,ss,RcRc,0,,,54,53,-
45202101014,3,ss,RcRcJ,0,,,131,123,7
45202101015,3,ss,RcRcS,0,,,8,7,1
45202101016,3,ss,RcRcR,0,,,67,67,-
45202101017,3,ss,RcRceVn,0,,,56,53,-
45202101018,3,ss,RcRcʐ,0,,,55,55,-
45202101019,3,ss,RcRc㐥ʐ,0,,,63,61,2
45202101020,3,ss,RcRcÐ,0,,,93,78,9
45202101021,3,ss,RcRc|e,0,,,158,153,4
45202101022,3,ss,RcRclVi,0,,,63,60,1
45202101023,3,ss,RcRcŉ,0,,,25,25,-
452021030,2,ss,Rc,0,,,1187,1004,69
45202103001,3,ss,RcrV,0,,,23,21,2
45202103002,3,ss,Rckc,0,,,106,105,1
45202103003,3,ss,RcÍ],0,,,81,80,-
45202103004,3,ss,RcR,0,,,43,40,2
45202103005,3,ss,RcR,0,,,86,85,1
45202103006,3,ss,RcJ,0,,,130,111,14
45202103007,3,ss,RcJ,0,,,92,83,8
45202103008,3,ss,RcJO,0,,,28,26,2
45202103009,3,ss,RcJ,0,,,425,308,28
45202103010,3,ss,RcJZ,0,,,46,40,2
45202103011,3,ss,RcJ,0,,,32,30,2
45202103012,3,ss,RcJ,0,,,35,22,1
45202103013,3,ss,RcJ,0,,,60,53,6
452021050,2,ss,蒬Oc,0,,,537,497,12
45202105001,3,ss,蒬OcJ,0,,,91,86,4
45202105002,3,ss,蒬Ocq,0,,,96,95,-
45202105003,3,ss,蒬Oct,0,,,129,111,3
45202105004,3,ss,蒬Ocq,0,,,6,5,1
45202105005,3,ss,蒬OcI,0,,,81,78,1
45202105006,3,ss,蒬Oc,0,,,64,61,2
45202105007,3,ss,蒬OcR_,0,,,32,30,1
45202105008,3,ss,蒬Oc약,0,,,38,31,-
45202105009,3,ss,蒬Oc,0,,,-,-,-
45202105010,3,ss,蒬OcR,0,,,-,-,-
45202105011,3,ss,蒬OcPq,0,,,-,-,-
452021060,2,ss,蒬喴c,0,,,1505,1264,76
45202106001,3,ss,蒬喴c,0,,,76,75,1
45202106002,3,ss,蒬喴cc,0,,,89,85,2
45202106003,3,ss,蒬喴cVc,0,,,237,167,9
45202106004,3,ss,蒬喴cVc,0,,,295,267,23
45202106005,3,ss,蒬喴ccn,0,,,94,5,-
45202106006,3,ss,蒬喴c,0,,,98,86,12
45202106007,3,ss,蒬喴cr,0,,,85,83,2
45202106008,3,ss,蒬喴c㐨,0,,,84,82,1
45202106009,3,ss,蒬喴c琅,0,,,35,31,3
45202106010,3,ss,蒬喴c,0,,,161,151,10
45202106011,3,ss,蒬喴c,0,,,183,166,11
45202106012,3,ss,蒬喴c,0,,,68,66,2
45202106013,3,ss,蒬喴c,0,,,-,-,-
45202106014,3,ss,蒬喴cR,0,,,-,-,-
452021070,2,ss,蒬,0,,,240,232,5
45202107001,3,ss,蒬c,0,,,84,80,3
45202107002,3,ss,蒬P,0,,,91,89,1
45202107003,3,ss,蒬,0,,,46,45,1
45202107004,3,ss,蒬x,0,,,19,18,-
45202107005,3,ss,蒬,0,,,-,-,-
452021080,2,ss,蒬ꐣ,0,,,565,522,12
45202108001,3,ss,蒬ꐣJ,0,,,157,150,3
45202108002,3,ss,蒬ꐣa,0,,,144,141,2
45202108003,3,ss,蒬ꐣOa,0,,,154,125,3
45202108004,3,ss,蒬ꐣU,0,,,110,106,4
452021090,2,ss,蒬],0,,,682,664,5
45202109001,3,ss,蒬]ˌ,0,,,46,46,-
45202109002,3,ss,蒬]q,0,,,88,88,-
45202109003,3,ss,蒬],0,,,44,43,-
45202109004,3,ss,蒬]L,0,,,35,35,-
45202109005,3,ss,蒬]؉,0,,,85,85,-
45202109006,3,ss,蒬],0,,,108,95,1
45202109007,3,ss,蒬]g,0,,,178,175,3
45202109008,3,ss,蒬]Y,0,,,98,97,1
45202109009,3,ss,蒬]R,0,,,-,-,-
45202109010,3,ss,蒬]R,0,,,-,-,-
452021100,2,ss,蒬J,0,,,152,140,-
45202110001,3,ss,蒬Jŉ,0,,,45,33,-
45202110002,3,ss,蒬J㕽,0,,,34,34,-
45202110003,3,ss,蒬J|,0,,,66,66,-
45202110005,3,ss,蒬JR,0,,,7,7,-
45203,1,s,,0,,,50939,33452,12467
452030010,2,s,{H,0,,,55,39,14
452030020,2,s,{H,0,,,184,128,44
452030030,2,s,H,0,,,246,88,131
452030040,2,s,V_H,0,,,121,63,25
452030050,2,s,k,0,,,109,93,14
45203005001,3,s,kP,0,,,98,84,12
45203005002,3,s,kQ,0,,,11,9,2
452030060,2,s,,0,,,26,20,5
45203006001,3,s,P,0,,,13,9,4
45203006002,3,s,Q,0,,,13,11,1
452030070,2,s,쒬,0,,,65,31,26
45203007001,3,s,쒬P,0,,,21,5,13
45203007002,3,s,쒬Q,0,,,44,26,13
452030080,2,s,{,0,,,76,36,38
45203008001,3,s,{P,0,,,39,22,16
45203008002,3,s,{Q,0,,,37,14,22
452030090,2,s,,0,,,111,59,47
45203009001,3,s,򒬂P,0,,,76,35,38
45203009002,3,s,򒬂Q,0,,,35,24,9
452030100,2,s,,0,,,32,20,11
45203010001,3,s,ʂP,2,010002,,X,X,X
45203010002,3,s,ʂQ,1,,010001,11,9,2
45203010003,3,s,ʂR,0,,,21,11,9
452030110,2,s,V,0,,,20,15,4
452030120,2,s,Dq,0,,,85,63,16
45203012001,3,s,DqP,0,,,61,45,12
45203012002,3,s,DqQ,0,,,24,18,4
452030130,2,s,{蒬,0,,,57,27,30
452030140,2,s,_,0,,,81,33,33
45203014001,3,s,_P,0,,,54,14,27
45203014002,3,s,_Q,0,,,27,19,6
452030150,2,s,b{,0,,,11,9,-
452030160,2,s,J,0,,,71,32,37
452030170,2,s,,0,,,112,38,64
45203017001,3,s,P,0,,,39,16,22
45203017002,3,s,Q,0,,,73,22,42
452030180,2,s,V,0,,,153,73,72
45203018001,3,s,VP,0,,,102,34,60
45203018002,3,s,VQ,0,,,51,39,12
452030190,2,s,a,0,,,823,287,290
45203019001,3,s,aP,0,,,246,102,128
45203019002,3,s,aQ,0,,,371,89,97
45203019003,3,s,aR,0,,,206,96,65
452030200,2,s,̏o,0,,,653,197,437
45203020001,3,s,̏oP,0,,,451,109,325
45203020002,3,s,̏oQ,0,,,202,88,112
452030210,2,s,쌴蒬,0,,,495,256,224
452030220,2,s,,0,,,418,167,103
452030230,2,s,̐,0,,,102,79,22
45203023001,3,s,̐P,0,,,102,79,22
45203023002,3,s,̐Q,0,,,-,-,-
452030240,2,s,kH,0,,,333,123,182
452030250,2,s,,0,,,254,115,131
452030270,2,s,x,0,,,381,231,141
452030280,2,s,Ð쒬,0,,,333,254,71
452030290,2,s,R,0,,,555,328,196
45203029001,3,s,RP,0,,,42,33,6
45203029002,3,s,RQ,0,,,255,109,121
45203029003,3,s,RR,0,,,258,186,69
452030300,2,s,K,0,,,144,98,42
45203030001,3,s,KP,0,,,80,61,17
45203030002,3,s,KQ,0,,,53,27,24
45203030003,3,s,KR,0,,,11,10,1
452030310,2,s,h,0,,,85,29,54
452030320,2,s,쌴,0,,,192,153,38
45203032001,3,s,쌴P,0,,,23,20,2
45203032002,3,s,쌴Q,0,,,32,31,1
45203032003,3,s,쌴R,0,,,102,76,26
45203032004,3,s,쌴S,0,,,35,26,9
45203032005,3,s,쌴T,0,,,-,-,-
452030330,2,s,R,0,,,306,222,77
45203033001,3,s,RP,0,,,72,58,12
45203033002,3,s,RQ,0,,,63,42,17
45203033003,3,s,RR,0,,,83,50,33
45203033004,3,s,RS,0,,,28,19,8
45203033005,3,s,RT,0,,,60,53,7
452030340,2,s,xR,0,,,1671,1408,242
452030350,2,s,Mؒ,0,,,30,22,8
452030360,2,s,Fac,0,,,24,23,1
452030370,2,s,됣,0,,,68,63,4
452030380,2,s,,0,,,306,276,26
452030390,2,s,ꑽ,0,,,125,62,58
45203039001,3,s,ꑽP,0,,,33,8,22
45203039002,3,s,ꑽQ,0,,,29,18,11
45203039003,3,s,ꑽR,0,,,30,12,17
45203039004,3,s,ꑽS,0,,,13,12,1
45203039005,3,s,ꑽT,0,,,20,12,7
452030400,2,s,,0,,,57,32,19
45203040001,3,s,P,0,,,49,24,19
45203040002,3,s,Q,0,,,-,-,-
45203040003,3,s,R,0,,,8,8,-
45203040004,3,s,S,0,,,-,-,-
45203040007,3,s,V,0,,,-,-,-
452030410,2,s,,0,,,472,210,242
45203041001,3,s,P,0,,,9,8,1
45203041002,3,s,Q,0,,,192,81,104
45203041003,3,s,R,0,,,148,65,71
45203041004,3,s,S,0,,,123,56,66
452030420,2,s,t,0,,,207,101,101
45203042001,3,s,tP,0,,,80,35,41
45203042002,3,s,tQ,0,,,44,32,12
45203042003,3,s,tR,0,,,83,34,48
452030430,2,s,Oc,0,,,184,74,79
45203043001,3,s,OcP,0,,,77,42,34
45203043002,3,s,OcQ,0,,,107,32,45
452030440,2,s,ir,0,,,183,106,74
45203044001,3,s,irP,0,,,136,74,59
45203044002,3,s,irQ,0,,,47,32,15
452030450,2,s,吣,0,,,145,75,65
45203045001,3,s,吣P,0,,,76,31,40
45203045002,3,s,吣Q,0,,,25,15,10
45203045003,3,s,吣R,0,,,44,29,15
452030460,2,s,VH,0,,,223,128,87
45203046001,3,s,VHP,0,,,152,107,39
45203046002,3,s,VHQ,0,,,71,21,48
452030470,2,s,H,0,,,160,105,49
452030480,2,s,kVH,0,,,102,59,40
452030490,2,s,吣,0,,,87,68,17
452030500,2,s,o,0,,,93,64,28
452030510,2,s,Px,0,,,663,345,307
45203051001,3,s,PxP,0,,,122,53,66
45203051002,3,s,PxQ,0,,,112,75,35
45203051003,3,s,PxR,0,,,154,85,69
45203051004,3,s,PxS,0,,,275,132,137
452030520,2,s,Ï钬,0,,,839,610,207
45203052001,3,s,Ï钬P,0,,,193,150,41
45203052002,3,s,Ï钬Q,0,,,172,127,43
45203052003,3,s,Ï钬R,0,,,64,45,19
45203052004,3,s,Ï钬S,0,,,284,208,61
45203052005,3,s,Ï钬T,0,,,126,80,43
452030530,2,s,,0,,,354,144,151
45203053001,3,s,P,0,,,63,19,35
45203053002,3,s,Q,0,,,99,28,37
45203053003,3,s,R,0,,,192,97,79
452030540,2,s,h,0,,,62,-,-
452030550,2,s,ɒB,0,,,440,213,225
45203055001,3,s,ɒBP,0,,,239,99,139
45203055002,3,s,ɒBQ,0,,,90,54,36
45203055003,3,s,ɒBR,0,,,111,60,50
452030560,2,s,\,0,,,192,114,48
45203056001,3,s,\P,0,,,62,40,20
45203056002,3,s,\Q,0,,,130,74,28
452030570,2,s,,0,,,1565,1005,506
45203057001,3,s,P,0,,,459,259,167
45203057002,3,s,Q,0,,,414,293,113
45203057003,3,s,R,0,,,480,304,170
45203057004,3,s,S,0,,,67,59,7
45203057005,3,s,T,0,,,145,90,49
452030580,2,s,O{,0,,,233,222,9
452030590,2,s,쒬,0,,,200,195,4
452030600,2,s,Гc,0,,,280,233,43
452030610,2,s,t,0,,,599,511,82
45203061001,3,s,tP,0,,,356,289,64
45203061002,3,s,tQ,0,,,243,222,18
452030620,2,s,c,0,,,415,262,92
452030630,2,s,߃Pu,0,,,490,438,50
45203063001,3,s,߃PuP,0,,,286,246,38
45203063002,3,s,߃PuQ,0,,,204,192,12
452030640,2,s,l,0,,,1036,723,129
45203064001,3,s,lP,0,,,128,108,19
45203064002,3,s,lQ,0,,,295,111,29
45203064003,3,s,lR,0,,,321,273,45
45203064004,3,s,lS,0,,,292,231,36
452030650,2,s,ok,0,,,1685,853,786
45203065001,3,s,okP,0,,,494,247,231
45203065002,3,s,okQ,0,,,377,187,175
45203065003,3,s,okR,0,,,369,212,148
45203065004,3,s,okS,0,,,160,45,113
45203065005,3,s,okT,0,,,170,96,70
45203065006,3,s,okU,0,,,115,66,49
452030660,2,s,{,0,,,26,11,15
452030670,2,s,y̒,0,,,468,236,219
452030680,2,s,l,0,,,408,161,228
45203068001,3,s,lP,0,,,73,37,35
45203068002,3,s,lQ,0,,,324,114,192
45203068003,3,s,lR,0,,,11,10,1
452030690,2,s,l,0,,,81,58,22
452030700,2,s,l,0,,,657,512,138
45203070001,3,s,lP,0,,,50,46,3
45203070002,3,s,lQ,0,,,314,226,87
45203070003,3,s,lR,0,,,293,240,48
45203070004,3,s,lS,0,,,-,-,-
452030710,2,s,l,0,,,827,350,328
452030720,2,s,ʕ{,0,,,548,334,208
452030730,2,s,΃Pu,0,,,1478,786,317
45203073001,3,s,΃PuP,0,,,128,78,37
45203073002,3,s,΃PuQ,0,,,668,298,130
45203073003,3,s,΃PuR,0,,,202,115,45
45203073004,3,s,΃PuS,0,,,315,189,74
45203073005,3,s,΃PuT,0,,,165,106,31
452030740,2,s,咬,0,,,431,238,164
452030750,2,s,~R,0,,,117,97,20
45203075001,3,s,~RP,0,,,29,23,6
45203075002,3,s,~RQ,0,,,37,30,7
45203075003,3,s,~RR,0,,,51,44,7
452030760,2,s,얼,0,,,322,170,148
452030770,2,s,啐,0,,,408,260,110
452030780,2,s,q,0,,,176,145,29
452030790,2,s,M̖ؓc,0,,,347,204,136
452030800,2,s,,0,,,406,323,78
45203080001,3,s,P,0,,,179,140,34
45203080002,3,s,Q,0,,,227,183,44
452030820,2,s,쓇,0,,,789,620,164
452030830,2,s,Β,0,,,34,29,4
452030840,2,s,Ǔ,0,,,25,24,1
452030850,2,s,K,0,,,63,57,6
452030860,2,s,C,0,,,137,128,7
452030870,2,s,_˒,0,,,13,13,-
452030880,2,s,H,0,,,40,40,-
452030890,2,s,{,0,,,49,47,2
452030900,2,s,ؖ쒬,0,,,109,103,6
452030910,2,s,勬,0,,,79,76,2
452030920,2,s,t蒬,0,,,890,741,130
45203092001,3,s,t蒬P,0,,,128,107,19
45203092002,3,s,t蒬Q,0,,,166,135,26
45203092003,3,s,t蒬R,0,,,317,262,44
45203092004,3,s,t蒬S,0,,,23,19,4
45203092005,3,s,t蒬T,0,,,243,205,37
45203092006,3,s,t蒬U,0,,,13,13,-
452030930,2,s,Pu,0,,,1119,844,54
45203093001,3,s,PuP,0,,,290,276,10
45203093002,3,s,PuQ,0,,,462,425,36
45203093003,3,s,PuR,0,,,367,143,8
452030940,2,s,ēc,0,,,165,147,14
452030950,2,s,蒬,0,,,98,92,6
452030960,2,s,jq,0,,,199,195,2
452030970,2,s,쒬,0,,,55,52,3
452030980,2,s,쒬,0,,,116,109,7
452030990,2,s,,0,,,38,36,2
452031000,2,s,K,0,,,36,36,-
452031010,2,s,{,0,,,30,29,-
452031020,2,s,yXC,0,,,1228,1017,142
45203102001,3,s,yXCP,0,,,190,137,48
45203102002,3,s,yXCQ,0,,,132,129,2
45203102003,3,s,yXCR,0,,,117,90,24
45203102004,3,s,yXCS,0,,,322,278,35
45203102005,3,s,yXCT,0,,,410,330,30
45203102006,3,s,yXCU,0,,,57,53,3
452031030,2,s,Ò,0,,,224,203,20
452031040,2,s,,0,,,92,87,4
452031050,2,s,▼,0,,,175,166,8
452031060,2,s,Ԑ,0,,,80,77,3
452031070,2,s,Ɍ`,0,,,701,525,168
452031080,2,s,Ɍ`,0,,,62,60,-
452031090,2,s,Ɍ`,0,,,218,186,30
452031100,2,s,kP,0,,,1245,322,40
45203110001,3,s,kPP,0,,,352,1,1
45203110002,3,s,kPQ,0,,,198,188,9
45203110003,3,s,kPR,0,,,589,47,12
45203110004,3,s,kPS,0,,,106,86,18
452031110,2,s,P,0,,,1290,907,88
45203111001,3,s,PP,0,,,133,57,3
45203111002,3,s,PQ,0,,,187,175,12
45203111003,3,s,PR,0,,,362,198,8
45203111004,3,s,PS,0,,,152,140,11
45203111005,3,s,PT,0,,,203,194,8
45203111006,3,s,PU,0,,,118,54,3
45203111007,3,s,PV,0,,,135,89,43
452031120,2,s,Γc,0,,,158,144,13
452031131,2,s,Pu,0,,,728,416,150
45203113102,3,s,PuQ,0,,,39,26,13
45203113103,3,s,PuR,0,,,185,94,43
45203113104,3,s,PuS,0,,,161,123,34
45203113105,3,s,PuT,0,,,110,78,32
45203113106,3,s,PuU,0,,,233,95,28
452031132,2,s,Pu,0,,,18,17,1
452031140,2,s,Vl,0,,,9,9,-
45203114001,3,s,VlP,0,,,9,9,-
45203114002,3,s,VlQ,0,,,-,-,-
452031150,2,s,,0,,,309,253,47
45203115001,3,s,P,0,,,36,26,8
45203115002,3,s,Q,0,,,119,105,10
45203115003,3,s,R,0,,,108,88,19
45203115004,3,s,S,0,,,46,34,10
452031160,2,s,ђ,0,,,2700,1359,1132
45203116001,3,s,ђP,0,,,46,15,30
45203116002,3,s,ђQ,0,,,214,69,112
45203116003,3,s,ђR,0,,,802,333,332
45203116004,3,s,ђS,0,,,729,364,352
45203116005,3,s,ђT,0,,,460,244,205
45203116006,3,s,ђU,0,,,449,334,101
452031170,2,s,n,0,,,2089,1000,789
45203117001,3,s,nP,0,,,277,126,150
45203117002,3,s,nQ,0,,,374,226,143
45203117003,3,s,nR,0,,,190,91,77
45203117004,3,s,nS,0,,,551,238,286
45203117006,3,s,nU,0,,,697,319,133
452031181,2,s,c,0,,,695,381,294
45203118101,3,s,cP,0,,,316,171,137
45203118102,3,s,cQ,0,,,177,120,47
45203118103,3,s,cR,0,,,202,90,110
452031182,2,s,c,0,,,845,434,164
452031190,2,s,K,0,,,803,470,95
45203119001,3,s,KP,0,,,420,132,75
45203119002,3,s,KQ,0,,,107,79,5
45203119003,3,s,KR,0,,,276,259,15
452031200,2,s,R,0,,,247,210,36
452031210,2,s,,0,,,187,183,1
452031220,2,s,쒬,0,,,106,100,6
452031230,2,s,c,0,,,58,56,1
452031240,2,s,쒬,0,,,187,177,6
452031250,2,s,sw,0,,,180,175,3
452031260,2,s,׌,0,,,127,120,3
452031270,2,s,V,0,,,101,99,2
452031280,2,s,g쒬,0,,,46,46,-
452031290,2,s,L̔,0,,,56,49,3
452031300,2,s,쒬,0,,,60,60,-
452031310,2,s,,0,,,60,60,-
452031320,2,s,O֒,0,,,65,62,1
452031330,2,s,O֒,0,,,33,32,-
452031340,2,s,O֒,0,,,99,94,3
452031350,2,s,F],0,,,141,132,3
452031360,2,s,{],0,,,47,46,1
452031370,2,s,Y,0,,,357,303,14
452031380,2,s,䒬,0,,,23,23,-
452031390,2,s,Y钬,0,,,110,100,3
452031400,2,s,R,0,,,-,-,-
452031420,2,s,,0,,,275,181,91
452031430,2,s,c,0,,,87,85,-
452031770,2,s,k,0,,,1392,1257,57
45203177001,3,s,k]؎q,0,,,191,182,6
45203177002,3,s,kډzq,0,,,20,18,1
45203177003,3,s,kkvێRq,0,,,23,23,-
45203177004,3,s,kvێRq,0,,,90,78,2
45203177005,3,s,kpcN,0,,,135,114,20
45203177006,3,s,k},0,,,49,49,-
45203177007,3,s,k쐅K,0,,,295,219,17
45203177008,3,s,kC,0,,,24,23,1
45203177009,3,s,kcC,0,,,72,71,1
45203177010,3,s,kn,0,,,39,39,-
45203177011,3,s,k,0,,,34,34,-
45203177012,3,s,k㖤,0,,,28,28,-
45203177013,3,s,k,0,,,32,31,1
45203177014,3,s,kOP,0,,,17,17,-
45203177015,3,s,kꉺ,0,,,13,11,1
45203177016,3,s,kŔ,0,,,35,35,-
45203177017,3,s,k,0,,,8,6,2
45203177018,3,s,kꠕ,0,,,10,10,-
45203177019,3,s,kXn,0,,,37,36,1
45203177020,3,s,k,0,,,32,32,-
45203177021,3,s,k\,0,,,36,34,2
45203177022,3,s,k㎭\,0,,,29,25,1
45203177023,3,s,k̖ؓ,0,,,50,50,-
45203177024,3,s,k,0,,,32,31,1
45203177025,3,s,k,0,,,18,18,-
45203177026,3,s,k҈,0,,,43,43,-
452031780,2,s,k쒬,0,,,1247,1170,24
45203178001,3,s,k쒬,0,,,56,54,1
45203178002,3,s,k쒬,0,,,25,25,-
45203178003,3,s,k쒬t,0,,,23,22,-
45203178004,3,s,k쒬,0,,,141,137,2
45203178005,3,s,k쒬[,0,,,111,93,4
45203178006,3,s,k쒬Fc,0,,,97,71,3
45203178007,3,s,k쒬,0,,,91,79,5
45203178008,3,s,k쒬[,0,,,21,21,-
45203178009,3,s,k쒬,0,,,41,41,-
45203178010,3,s,k쒬,0,,,26,26,-
45203178011,3,s,k쒬,0,,,37,37,-
45203178012,3,s,k쒬jq,0,,,37,36,1
45203178013,3,s,k쒬Ɠc,0,,,97,94,2
45203178014,3,s,k쒬,0,,,104,102,2
45203178015,3,s,k쒬,0,,,127,124,2
45203178016,3,s,k쒬{,0,,,80,78,-
45203178017,3,s,k쒬U,0,,,133,130,2
452031790,2,s,kY,0,,,1316,1146,53
45203179001,3,s,kYÍ]n,0,,,70,69,-
45203179002,3,s,kYÍ],0,,,47,43,2
45203179003,3,s,kYÍ]l,0,,,139,98,4
45203179004,3,s,kYÍ]{,0,,,155,120,17
45203179005,3,s,kYÍ]h,0,,,107,95,3
45203179006,3,s,kYO,0,,,41,41,-
45203179007,3,s,kYOs,0,,,36,33,3
45203179008,3,s,kYO~,0,,,50,38,1
45203179009,3,s,kYO,0,,,27,26,1
45203179010,3,s,kYO̎,0,,,94,87,5
45203179011,3,s,kYsUC,0,,,59,54,1
45203179012,3,s,kYsU,0,,,255,231,9
45203179013,3,s,kY{Y,0,,,236,211,7
45204,1,s,,0,,,22197,16175,3601
452040010,2,s,厚팴,0,,,365,294,22
45204001001,3,s,厚팴Rm,0,,,108,106,1
45204001002,3,s,厚팴팴,0,,,221,158,15
45204001003,3,s,厚팴,0,,,36,30,6
452040031,2,s,K,0,,,758,601,140
45204003101,3,s,KP,0,,,66,55,11
45204003102,3,s,KQ,0,,,161,115,43
45204003103,3,s,KR,0,,,149,126,18
45204003104,3,s,KS,0,,,43,38,4
45204003105,3,s,KT,0,,,92,67,24
45204003106,3,s,KU,0,,,88,66,19
45204003107,3,s,KV,0,,,78,67,8
45204003108,3,s,KW,0,,,75,62,12
45204003109,3,s,KX,2,003110,,X,X,X
45204003110,3,s,KPO,1,,003109,6,5,1
452040032,2,s,厚~,0,,,601,500,82
45204003201,3,s,厚~r,0,,,25,24,1
45204003202,3,s,厚~mmd,0,,,38,38,-
45204003203,3,s,厚~xyω,0,,,40,38,1
45204003204,3,s,厚~P,0,,,64,54,9
45204003205,3,s,厚~䉼,0,,,25,25,-
45204003206,3,s,厚~m,0,,,45,42,3
45204003207,3,s,厚~~,0,,,49,38,9
45204003208,3,s,厚~,0,,,128,94,33
45204003209,3,s,厚~m,0,,,123,101,8
45204003212,3,s,厚~P,0,,,59,41,18
45204003213,3,s,厚~,0,,,5,5,-
452040040,2,s,厚g,0,,,422,388,17
45204004001,3,s,厚g啽,0,,,5,4,1
45204004002,3,s,厚gc,0,,,10,10,-
45204004003,3,s,厚gp,0,,,9,9,-
45204004004,3,s,厚gÂ甪d,0,,,28,24,-
45204004005,3,s,厚gV,0,,,46,40,2
45204004006,3,s,厚gl̊,0,,,66,56,1
45204004007,3,s,厚gq|,0,,,23,21,2
45204004008,3,s,厚gig,0,,,168,158,10
45204004009,3,s,厚gmӃP,0,,,67,66,1
452040060,2,s,,0,,,267,169,18
45204006001,3,s,P,0,,,53,46,6
45204006002,3,s,Q,0,,,214,123,12
452040070,2,s,厚q,0,,,1114,710,259
45204007002,3,s,厚q,0,,,71,63,7
45204007003,3,s,厚qu,0,,,154,79,66
45204007004,3,s,厚q߉ޔP,0,,,195,162,25
45204007006,3,s,厚q,0,,,71,65,6
45204007007,3,s,厚q약,0,,,402,169,114
45204007008,3,s,厚qqR,0,,,109,73,36
45204007009,3,s,厚q,0,,,11,3,-
45204007011,3,s,厚q̊ےcn,0,,,101,96,5
452040080,2,s,q,0,,,940,552,358
45204008001,3,s,qP,0,,,124,93,29
45204008002,3,s,qQ,0,,,109,79,30
45204008003,3,s,qR,0,,,244,137,86
45204008004,3,s,qS,0,,,209,85,121
45204008005,3,s,qT,0,,,136,83,50
45204008006,3,s,qU,0,,,118,75,42
452040120,2,s,C,0,,,128,122,6
452040131,2,s,ˍ,0,,,473,321,142
45204013101,3,s,ˍP,0,,,118,59,59
45204013102,3,s,ˍQ,0,,,113,84,27
45204013103,3,s,ˍR,0,,,58,51,7
45204013104,3,s,ˍS,0,,,184,127,49
452040132,2,s,厚ˍ,0,,,189,141,46
45204013201,3,s,厚ˍˍR,0,,,122,83,38
45204013202,3,s,厚ˍ,0,,,-,-,-
45204013203,3,s,厚ˍ,0,,,67,58,8
452040140,2,s,,0,,,258,90,83
45204014001,3,s,ʂP,0,,,123,49,71
45204014002,3,s,ʂQ,0,,,135,41,12
452040161,2,s,ٕ,0,,,444,266,84
45204016101,3,s,ٕP,0,,,175,88,56
45204016102,3,s,ٕQ,0,,,80,70,9
45204016103,3,s,ٕR,0,,,14,14,-
45204016104,3,s,ٕS,0,,,100,30,8
45204016105,3,s,ٕT,0,,,75,64,11
452040162,2,s,厚ٕ,0,,,312,256,50
45204016202,3,s,厚ٕ͓,0,,,108,95,13
45204016203,3,s,厚ٕY,0,,,107,87,20
45204016204,3,s,厚ٕJ,0,,,97,74,17
452040170,2,s,厚GJb,0,,,110,110,-
452040180,2,s,厚GJ,0,,,96,95,1
45204018001,3,s,厚GJGJ,0,,,58,58,-
45204018002,3,s,厚GJGJcn,0,,,38,37,1
452040190,2,s,厚GJ,0,,,41,40,1
452040201,2,s,~l,0,,,249,162,15
45204020101,3,s,~lP,0,,,153,77,9
45204020102,3,s,~lQ,0,,,96,85,6
45204020103,3,s,~lR,0,,,-,-,-
452040202,2,s,V,0,,,69,56,12
45204020201,3,s,VP,0,,,22,17,5
45204020202,3,s,VQ,0,,,47,39,7
452040203,2,s,厚,0,,,860,490,208
45204020301,3,s,厚쒆,0,,,-,-,-
45204020302,3,s,厚㕽,0,,,89,44,45
45204020303,3,s,厚쏼cn,0,,,168,35,5
45204020304,3,s,厚쒆,0,,,262,168,68
45204020305,3,s,厚Pu,0,,,305,211,87
45204020306,3,s,厚쓌,0,,,28,26,1
45204020307,3,s,厚,0,,,8,6,2
45204020308,3,s,厚쉀c,0,,,-,-,-
45204020310,3,s,厚~Pl,0,,,-,-,-
45204020311,3,s,厚쐣,0,,,-,-,-
452040210,2,s,㕽쒬,0,,,373,166,193
45204021001,3,s,㕽쒬P,0,,,170,65,99
45204021002,3,s,㕽쒬Q,0,,,127,62,57
45204021003,3,s,㕽쒬R,0,,,76,39,37
452040230,2,s,,0,,,450,226,108
45204023001,3,s,P,0,,,128,101,25
45204023002,3,s,Q,0,,,209,93,39
45204023003,3,s,R,0,,,101,29,35
45204023004,3,s,S,0,,,12,3,9
452040240,2,s,,0,,,288,147,130
45204024001,3,s,P,0,,,136,43,84
45204024002,3,s,Q,0,,,55,39,16
45204024003,3,s,R,0,,,97,65,30
452040270,2,s,,0,,,144,122,17
45204027001,3,s,P,0,,,71,59,9
45204027002,3,s,Q,1,,0390,73,63,8
452040290,2,s,ޖؒ,0,,,53,39,13
452040300,2,s,؎R,0,,,315,150,148
45204030001,3,s,؎RP,0,,,83,35,44
45204030002,3,s,؎RQ,0,,,125,54,65
45204030003,3,s,؎RR,0,,,107,61,39
452040330,2,s,,0,,,385,281,42
45204033001,3,s,ÂP,0,,,139,77,4
45204033002,3,s,ÂQ,0,,,85,75,7
45204033003,3,s,ÂR,0,,,97,70,27
45204033004,3,s,ÂS,0,,,64,59,4
452040360,2,s,t,0,,,150,99,48
452040370,2,s,c,0,,,360,198,95
45204037001,3,s,cP,0,,,223,102,60
45204037002,3,s,cQ,0,,,81,52,23
45204037003,3,s,cR,0,,,56,44,12
452040380,2,s,L,0,,,311,186,88
45204038001,3,s,LP,0,,,123,63,29
45204038002,3,s,LQ,0,,,118,84,29
45204038003,3,s,LR,0,,,70,39,30
452040390,2,s,,2,027002,,X,X,X
452040410,2,s,厚a,0,,,168,162,4
452040420,2,s,厚i,0,,,143,118,25
452040430,2,s,厚v,0,,,389,281,68
452040440,2,s,厚R,0,,,332,287,38
452040450,2,s,厚c,0,,,290,265,23
452040460,2,s,厚ٕb,0,,,165,145,18
452040470,2,s,厚ٕ,0,,,196,170,25
452040480,2,s,厚E,0,,,135,132,3
45204048001,3,s,厚EhV͓,0,,,8,8,-
45204048002,3,s,厚E약,0,,,17,17,-
45204048003,3,s,厚E,0,,,37,37,-
45204048004,3,s,厚E,0,,,33,32,1
45204048005,3,s,厚E~,0,,,20,20,-
45204048006,3,s,厚Eʐ,0,,,20,18,2
452040490,2,s,厚˓cb,0,,,49,49,-
452040500,2,s,厚˓c,0,,,65,65,-
452040510,2,s,厚V,0,,,155,151,4
45204051001,3,s,厚V䕧,0,,,16,14,2
45204051002,3,s,厚V䐼,0,,,41,39,2
45204051003,3,s,厚V쉺,0,,,56,56,-
45204051004,3,s,厚V䓌,0,,,42,42,-
45204051005,3,s,厚VP,0,,,-,-,-
452040520,2,s,厚ыgc,0,,,78,74,-
45204052001,3,s,厚ыgcыgc,0,,,40,38,-
45204052002,3,s,厚ыgcыgc,0,,,38,36,-
452040530,2,s,厚,0,,,74,70,3
452040540,2,s,厚,0,,,264,240,21
45204054001,3,s,厚,0,,,182,159,21
45204054002,3,s,厚,0,,,82,81,-
452040550,2,s,哰,0,,,709,581,45
45204055001,3,s,哰ÂP,0,,,107,96,11
45204055002,3,s,哰ÂQ,0,,,123,87,9
45204055003,3,s,哰ÂR,0,,,171,164,6
45204055004,3,s,哰ÂS,0,,,234,180,7
45204055005,3,s,哰ÂT,0,,,74,54,12
452040570,2,s,厚{Y,0,,,199,173,19
45204057001,3,s,厚{Y{Y,0,,,86,75,9
45204057002,3,s,厚{YY,0,,,20,19,1
45204057003,3,s,厚{Yш,0,,,21,16,3
45204057004,3,s,厚{YL,0,,,72,63,6
452040580,2,s,厚xy,0,,,93,89,3
45204058001,3,s,厚xyxy,0,,,65,61,3
45204058002,3,s,厚xyڈ,0,,,13,13,-
45204058003,3,s,厚xyxy͓,0,,,15,15,-
452040590,2,s,厚ɔ,0,,,97,93,2
45204059001,3,s,厚ɔɔ͓,2,059002,,X,X,X
45204059002,3,s,厚ɔ䉧,1,,059001,14,13,-
45204059003,3,s,厚ɔɔ,0,,,83,80,2
452040600,2,s,厚J,0,,,318,292,13
45204060001,3,s,厚JJP,0,,,72,71,1
45204060002,3,s,厚JJQ,0,,,71,63,5
45204060003,3,s,厚JJR,0,,,107,90,7
45204060004,3,s,厚JJS,0,,,47,47,-
45204060005,3,s,厚JJT,0,,,21,21,-
452040610,2,s,厚Jb,0,,,150,140,9
45204061001,3,s,厚JbJU,0,,,40,34,5
45204061002,3,s,厚JbJV,0,,,37,37,-
45204061003,3,s,厚JbJW,0,,,20,20,-
45204061004,3,s,厚JbJX,0,,,28,24,4
45204061005,3,s,厚JbJPO,0,,,25,25,-
452040620,2,s,Ë`,0,,,-,-,-
452040630,2,s,,0,,,171,75,11
45204063001,3,s,P,0,,,127,54,11
45204063002,3,s,Q,0,,,44,21,-
452040640,2,s,P,0,,,53,48,4
452040650,2,s,c,0,,,1344,772,340
45204065001,3,s,cP,0,,,185,116,67
45204065002,3,s,cQ,0,,,99,81,16
45204065003,3,s,cR,0,,,28,18,8
45204065004,3,s,cS,0,,,103,60,38
45204065005,3,s,cT,0,,,190,121,44
45204065006,3,s,cU,0,,,189,14,35
45204065007,3,s,cV,0,,,102,57,9
45204065008,3,s,cW,0,,,168,105,50
45204065009,3,s,cX,0,,,104,72,29
45204065010,3,s,cPO,0,,,54,41,10
45204065011,3,s,cPP,0,,,122,87,34
452040660,2,s,c,0,,,634,278,186
45204066001,3,s,cP,0,,,201,92,91
45204066002,3,s,cQ,0,,,212,69,29
45204066003,3,s,cR,0,,,172,73,62
45204066004,3,s,cS,0,,,49,44,4
452040670,2,s,厚Vibj,0,,,141,116,7
45204067001,3,s,厚Vibjd,0,,,20,20,-
45204067002,3,s,厚VibjN,0,,,20,19,1
45204067003,3,s,厚Vibj{,0,,,54,33,4
45204067004,3,s,厚VibjV,0,,,47,44,2
452040680,2,s,厚Vij,0,,,892,644,27
45204068001,3,s,厚VijJV,0,,,-,-,-
45204068002,3,s,厚Vij햾,0,,,82,79,2
45204068003,3,s,厚Vijv,0,,,60,45,3
45204068004,3,s,厚Vijɏ\,0,,,68,56,-
45204068005,3,s,厚Vij,0,,,98,88,8
45204068006,3,s,厚VijV,0,,,149,137,5
45204068007,3,s,厚Vij,0,,,96,92,1
45204068008,3,s,厚VijLV,0,,,246,82,4
45204068011,3,s,厚Vij,0,,,93,65,4
452040690,2,s,厚員,0,,,237,227,9
45204069001,3,s,厚員員P,0,,,106,98,8
45204069002,3,s,厚員員Q,0,,,-,-,-
45204069003,3,s,厚員員R,0,,,-,-,-
45204069004,3,s,厚員q,0,,,58,57,1
45204069005,3,s,厚員Vc,0,,,73,72,-
452040700,2,s,厚k͓i{͓j,0,,,145,134,3
45204070001,3,s,厚k͓i{͓jJ,2,071002,,X,X,X
45204070002,3,s,厚k͓i{͓j̖,0,,,-,-,-
45204070003,3,s,厚k͓i{͓jΔV͓,0,,,-,-,-
45204070004,3,s,厚k͓i{͓j~V,0,,,-,-,-
45204070005,3,s,厚k͓i{͓jTV͓,0,,,-,-,-
45204070006,3,s,厚k͓i{͓jL͌,2,070008,,X,X,X
45204070007,3,s,厚k͓i{͓j,0,,,-,-,-
45204070008,3,s,厚k͓i{͓jR,1,,070006,6,6,-
45204070009,3,s,厚k͓i{͓j,0,,,25,25,-
45204070010,3,s,厚k͓i{͓j,1,,070011,46,41,1
45204070011,3,s,厚k͓i{͓j~̖ؔd,2,070010,,X,X,X
45204070012,3,s,厚k͓i{͓j⌳,0,,,68,62,2
452040710,2,s,厚k͓i͓j,0,,,157,144,2
45204071001,3,s,厚k͓i͓j͌J,2,071002,,X,X,X
45204071002,3,s,厚k͓i͓jדc,1,,070001;071001,31,28,-
45204071003,3,s,厚k͓i͓jB,0,,,-,-,-
45204071004,3,s,厚k͓i͓jc,0,,,22,15,-
45204071005,3,s,厚k͓i͓j˖,0,,,18,17,1
45204071006,3,s,厚k͓i͓jR,0,,,19,19,-
45204071007,3,s,厚k͓i͓jh,0,,,45,43,1
45204071008,3,s,厚k͓i͓jJ,0,,,13,13,-
45204071009,3,s,厚k͓i͓j]ac,0,,,9,9,-
45204071010,3,s,厚k͓i͓jd,0,,,-,-,-
452040720,2,s,É,0,,,95,93,2
452040730,2,s,JV,0,,,82,80,-
452040740,2,s,㒆,0,,,390,350,20
452040750,2,s,,0,,,816,687,99
452040760,2,s,ڈ,0,,,645,560,42
452040770,2,s,h,0,,,578,304,60
452040780,2,s,e{,0,,,145,134,2
452040790,2,s,㉺,0,,,144,119,2
452040800,2,s,㒆,0,,,74,72,2
452040810,2,s,,0,,,37,37,-
452040820,2,s,OY,0,,,398,354,19
452040830,2,s,єg,0,,,95,92,2
452040840,2,s,vwY,0,,,46,45,-
452040850,2,s,u,0,,,131,111,7
452040860,2,s,u,0,,,68,65,3
452040870,2,s,u,0,,,69,64,3
452040880,2,s,DV,0,,,16,16,-
45205,1,юs,,0,,,19061,14788,3028
452050011,2,юs,{,0,,,76,47,27
452050012,2,юs,ז,0,,,5248,3478,1243
45205001200,3,юs,זזP,0,,,1883,1098,657
45205001201,3,юs,זזQ,0,,,1304,832,418
45205001202,3,юs,זזR,0,,,2061,1548,168
452050013,2,юs,w,0,,,168,83,82
452050020,2,юs,쐼,0,,,1736,1484,158
452050030,2,юs,k,0,,,1347,1236,72
452050040,2,юs,^,0,,,2548,1980,454
452050050,2,юs,,0,,,767,735,6
452050060,2,юs,,0,,,773,578,144
452050070,2,юs,,0,,,2656,1797,647
452050080,2,юs,,0,,,145,122,4
45205008001,3,юs,͊,0,,,50,45,-
45205008002,3,юs,,1,,008003,95,77,4
45205008003,3,юs,c㔪d,2,008002,,X,X,X
452050090,2,юs,c,0,,,258,224,5
45205009001,3,юs,cic,0,,,181,148,4
45205009002,3,юs,c[,0,,,77,76,1
45205009003,3,юs,cML,0,,,-,-,-
45205009004,3,юs,cRL,0,,,-,-,-
452050100,2,юs,R,0,,,78,77,-
452050110,2,юs,c,0,,,133,128,2
45205011001,3,юs,c~,0,,,13,13,-
45205011002,3,юs,cĖ,0,,,40,39,1
45205011003,3,юs,c㐣,0,,,36,32,1
45205011004,3,юs,c㐣,0,,,44,44,-
452050120,2,юs,ލ,0,,,112,104,2
452050130,2,юs,[,0,,,1295,1133,106
45205013001,3,юs,[S,0,,,683,541,89
45205013002,3,юs,[c,0,,,97,94,2
45205013003,3,юs,[,0,,,45,45,-
45205013004,3,юs,[Ր,0,,,73,69,4
45205013005,3,юs,[,0,,,65,62,1
45205013006,3,юs,[,0,,,38,37,1
45205013007,3,юs,[Lˌ,0,,,73,70,3
45205013008,3,юs,[ؔ,0,,,38,37,1
45205013009,3,юs,[VPJ,0,,,29,28,1
45205013010,3,юs,[ʕ{,0,,,33,32,1
45205013011,3,юs,[g,0,,,59,59,-
45205013012,3,юs,[v,0,,,62,59,3
452050140,2,юs,OPR,0,,,1072,994,53
45205014001,3,юs,OPR,0,,,52,52,-
45205014002,3,юs,OPRX,0,,,42,38,2
45205014003,3,юs,OPRy,0,,,27,27,-
45205014004,3,юs,OPRB,0,,,58,56,2
45205014005,3,юs,OPRI{,0,,,129,100,16
45205014006,3,юs,OPRe,0,,,105,98,6
45205014007,3,юs,OPR,0,,,114,104,10
45205014008,3,юs,OPR`,0,,,74,73,1
45205014009,3,юs,OPR˃m,0,,,33,32,-
45205014010,3,юs,OPROPRk,0,,,117,110,6
45205014011,3,юs,OPRy,0,,,41,40,1
45205014012,3,юs,OPRp,0,,,63,62,1
45205014013,3,юs,OPR,0,,,71,69,-
45205014014,3,юs,OPRc,0,,,86,79,7
45205014015,3,юs,OPR,0,,,60,54,1
452050150,2,юs,,0,,,649,588,23
45205015001,3,юs,H,0,,,48,43,2
45205015002,3,юs,v,0,,,45,41,2
45205015003,3,юs,ʕ{,0,,,135,117,-
45205015004,3,юs,쌴,0,,,114,111,2
45205015005,3,юs,,0,,,25,20,3
45205015006,3,юs,錴,0,,,43,42,1
45205015007,3,юs,嗄,0,,,42,38,-
45205015008,3,юs,,0,,,25,23,2
45205015009,3,юs,V,0,,,35,30,5
45205015010,3,юs,m,0,,,40,30,2
45205015011,3,юs,rm,0,,,31,30,1
45205015012,3,юs,V,0,,,66,63,3
45206,1,s,,0,,,24331,16076,5841
452060010,2,s,V,0,,,636,320,305
45206001001,3,s,Vk,0,,,150,88,59
45206001002,3,s,Vs,0,,,77,34,42
45206001003,3,s,V㒬,0,,,93,40,52
45206001004,3,s,V{,0,,,95,56,36
45206001005,3,s,V,0,,,53,31,21
45206001006,3,s,V쒬,0,,,168,71,95
452060020,2,s,x,0,,,2725,1846,642
45206002001,3,s,x,0,,,95,56,38
45206002002,3,s,xʂ,0,,,277,117,140
45206002003,3,s,xL,0,,,255,172,72
45206002004,3,s,x{J,0,,,158,151,4
45206002005,3,s,x,0,,,72,68,4
45206002006,3,s,x,0,,,247,220,22
45206002007,3,s,xԃPu,0,,,470,305,62
45206002008,3,s,x,0,,,268,176,51
45206002009,3,s,x,0,,,288,182,102
45206002010,3,s,xtP,0,,,120,63,55
45206002011,3,s,xtQ,0,,,124,57,24
45206002012,3,s,xs,0,,,101,56,44
45206002013,3,s,x}mP,0,,,117,104,10
45206002014,3,s,x}mQ,0,,,133,119,14
452060030,2,s,,0,,,1078,738,137
45206003001,3,s,,0,,,159,148,6
45206003002,3,s,VsE瑩,0,,,354,216,121
45206003003,3,s,Vs,0,,,168,-,1
45206003004,3,s,,0,,,194,193,1
45206003005,3,s,ic,0,,,118,105,1
45206003006,3,s,,0,,,85,76,7
452060040,2,s,m{,0,,,5625,3320,1688
45206004001,3,s,m{,0,,,203,155,46
45206004002,3,s,m{P,0,,,120,29,62
45206004003,3,s,m{Q,0,,,100,37,47
45206004004,3,s,m{R,0,,,139,75,58
45206004005,3,s,m{S,0,,,177,83,78
45206004006,3,s,m{i]P,0,,,137,96,41
45206004007,3,s,m{i]Q,0,,,191,117,71
45206004008,3,s,m{i]R,0,,,115,75,39
45206004009,3,s,m{i],0,,,73,29,41
45206004010,3,s,m{VP,0,,,113,48,61
45206004011,3,s,m{VQ,0,,,122,60,56
45206004012,3,s,m{]ǒP,0,,,128,80,46
45206004013,3,s,m{]ǒQ,0,,,114,56,55
45206004014,3,s,m{]ǒR,0,,,134,100,31
45206004015,3,s,m{]ǒS,0,,,115,59,47
45206004016,3,s,m{ʂ,0,,,169,138,25
45206004017,3,s,m{̎Rcn,0,,,238,-,-
45206004018,3,s,m{lP,0,,,132,81,47
45206004019,3,s,m{lQ,0,,,154,87,66
45206004020,3,s,m{lR,0,,,188,122,62
45206004021,3,s,m{ɐPl,0,,,138,113,21
45206004022,3,s,m{xP,0,,,119,77,42
45206004023,3,s,m{xQ,0,,,139,99,38
45206004024,3,s,m{xR,0,,,101,75,26
45206004025,3,s,m{쒬P,0,,,109,69,39
45206004026,3,s,m{쒬Q,0,,,132,99,31
45206004027,3,s,m{R蒬,0,,,137,108,28
45206004028,3,s,m{x,0,,,103,100,3
45206004029,3,s,m{,0,,,68,58,9
45206004030,3,s,m{[a,0,,,186,174,11
45206004031,3,s,m{c,0,,,324,193,55
45206004032,3,s,m{ccn,0,,,122,-,-
45206004033,3,s,m{]P,0,,,273,147,121
45206004034,3,s,m{]Q,0,,,193,104,77
45206004035,3,s,m{]R,0,,,229,122,105
45206004036,3,s,m{]S,0,,,118,60,42
45206004037,3,s,m{Óc,0,,,40,23,14
45206004038,3,s,m{Y,0,,,232,172,47
452060050,2,s,m},0,,,3967,2522,1178
45206005001,3,s,m}ߒP,0,,,121,67,50
45206005002,3,s,m}ߒQ,0,,,125,91,12
45206005003,3,s,m}ߒR,0,,,139,65,72
45206005004,3,s,m}]P,0,,,219,86,118
45206005005,3,s,m}]Q,0,,,149,96,53
45206005006,3,s,m}T蓌,0,,,107,34,64
45206005007,3,s,m}T,0,,,120,54,57
45206005008,3,s,m},0,,,399,338,37
45206005009,3,s,m},0,,,171,147,21
45206005010,3,s,m}剤P,0,,,164,74,78
45206005011,3,s,m}剤Q,0,,,40,36,2
45206005012,3,s,m}剤J,0,,,-,-,-
45206005013,3,s,m}ؒP,0,,,82,65,14
45206005014,3,s,m}ؒQ,0,,,134,79,34
45206005015,3,s,m}TP,0,,,89,68,20
45206005016,3,s,m}TQ,0,,,149,116,31
45206005017,3,s,m}TR,0,,,221,142,73
45206005018,3,s,m}TS,0,,,138,96,39
45206005019,3,s,m}T蓌P,0,,,111,55,51
45206005020,3,s,m}T蓌Q,0,,,125,81,26
45206005021,3,s,m}T蓌R,0,,,113,95,16
45206005022,3,s,m}T蓌S,0,,,187,75,105
45206005023,3,s,m}T蓌T,0,,,53,19,28
45206005024,3,s,m}T萼P,0,,,38,35,3
45206005025,3,s,m}T萼Q,0,,,198,141,53
45206005026,3,s,m}剤R,0,,,89,76,12
45206005027,3,s,m}剤S,0,,,173,78,18
45206005028,3,s,m}剤T,0,,,53,41,12
45206005029,3,s,m}剤U,0,,,113,84,29
45206005030,3,s,m}kP,0,,,58,36,20
45206005031,3,s,m}kQ,0,,,49,26,16
45206005032,3,s,m}kR,0,,,40,26,14
452060060,2,s,,0,,,5720,3302,1627
45206006001,3,s,R,0,,,573,266,231
45206006002,3,s,RP,0,,,50,43,6
45206006003,3,s,]cn,0,,,229,196,29
45206006004,3,s,,0,,,971,587,353
45206006005,3,s,Ғ,0,,,90,77,11
45206006006,3,s,ؓRQ,0,,,1090,616,452
45206006007,3,s,ؓRP,0,,,841,473,155
45206006008,3,s,,0,,,670,338,76
45206006009,3,s,,0,,,100,66,34
45206006010,3,s,,0,,,198,161,37
45206006011,3,s,Hcn,0,,,156,46,6
45206006012,3,s,ǒP,0,,,247,104,74
45206006013,3,s,ǒQ,0,,,81,72,6
45206006014,3,s,ǒR,0,,,119,69,47
45206006015,3,s,ǒS,0,,,194,124,65
45206006016,3,s,ǒT,0,,,111,64,45
452060070,2,s,ד,0,,,812,648,105
45206007001,3,s,ד{̏,0,,,83,80,3
45206007002,3,s,דXJ,0,,,85,51,3
45206007003,3,s,ד,0,,,69,66,3
45206007004,3,s,ד,0,,,44,41,1
45206007005,3,s,דn,0,,,66,45,19
45206007006,3,s,דg,0,,,111,82,15
45206007007,3,s,ד,0,,,242,176,57
45206007008,3,s,ד,0,,,48,47,1
45206007009,3,s,דɐ,0,,,64,60,3
452060080,2,s,,0,,,1175,1037,41
45206008001,3,s,쓌,0,,,104,97,7
45206008002,3,s,쒆,0,,,42,39,1
45206008003,3,s,쐼,0,,,86,73,3
45206008004,3,s,Pl,0,,,225,209,14
45206008005,3,s,,0,,,47,47,-
45206008006,3,s,L,0,,,68,66,-
45206008007,3,s,⏌,0,,,92,87,3
45206008008,3,s,H,0,,,304,291,11
45206008009,3,s,{{,0,,,67,67,-
45206008010,3,s,,0,,,140,61,2
452060090,2,s,Ke,0,,,227,218,9
45206009001,3,s,Ke,0,,,77,75,2
45206009002,3,s,KeKe,0,,,118,111,7
45206009003,3,s,KeђJ,0,,,32,32,-
452060100,2,s,X,0,,,798,724,48
45206010001,3,s,XË{̉,0,,,51,48,2
45206010002,3,s,XÍ,0,,,112,110,2
45206010003,3,s,X×,0,,,65,64,1
45206010004,3,s,XÉwʂ,0,,,102,64,20
45206010005,3,s,XÐΕ,0,,,102,96,5
45206010006,3,s,XÐV,0,,,42,38,4
45206010007,3,s,X×D,0,,,95,86,6
45206010008,3,s,XÕʕ{,0,,,145,140,4
45206010009,3,s,X×],0,,,32,30,1
45206010010,3,s,XÓč,0,,,52,48,3
452060110,2,s,,0,,,243,223,4
45206011001,3,s,,0,,,34,31,2
45206011002,3,s,RV,0,,,61,46,1
45206011003,3,s,,0,,,40,39,1
45206011004,3,s,,0,,,25,25,-
45206011005,3,s,gc,0,,,10,10,-
45206011006,3,s,c,0,,,61,60,-
45206011007,3,s,,0,,,12,12,-
45206011008,3,s,qR,0,,,-,-,-
452060120,2,s,,0,,,265,235,5
45206012001,3,s,쌴,0,,,52,30,1
45206012002,3,s,쌴,0,,,17,17,-
45206012003,3,s,쌴O,0,,,22,21,-
45206012004,3,s,o,0,,,28,27,1
45206012005,3,s,㑺,0,,,20,17,-
45206012006,3,s,㑺,0,,,19,19,-
45206012007,3,s,,0,,,38,37,1
45206012008,3,s,㑺O,0,,,11,10,1
45206012009,3,s,L˖,0,,,11,11,-
45206012010,3,s,c,0,,,11,10,1
45206012011,3,s,L,0,,,30,30,-
45206012012,3,s,,0,,,6,6,-
452060130,2,s,c,0,,,206,154,18
45206013001,3,s,cJ,0,,,26,25,1
45206013002,3,s,cc,0,,,31,30,1
45206013003,3,s,cc,0,,,27,27,-
45206013004,3,s,c]쉺,0,,,18,16,1
45206013005,3,s,c]쉺,0,,,15,14,1
45206013006,3,s,c]쒆,0,,,31,22,9
45206013007,3,s,c],0,,,19,18,1
45206013008,3,s,ccZ,0,,,39,2,4
45206013009,3,s,cq,0,,,-,-,-
452060140,2,s,ߖ,0,,,232,204,13
45206014001,3,s,ߖOc,0,,,14,12,2
45206014002,3,s,ߖ,0,,,51,47,3
45206014003,3,s,ߖ,0,,,58,45,-
45206014004,3,s,ߖR,0,,,19,16,3
45206014005,3,s,ߖR,0,,,19,18,1
45206014006,3,s,ߖH,0,,,27,26,-
45206014007,3,s,ߖ,0,,,10,10,-
45206014008,3,s,ߖ,0,,,-,-,-
45206014009,3,s,ߖH쉺,0,,,34,30,4
452060150,2,s,,0,,,95,94,1
45206015001,3,s,n,0,,,19,19,-
45206015002,3,s,,0,,,24,24,-
45206015003,3,s,,0,,,28,27,1
45206015004,3,s,J,0,,,12,12,-
45206015005,3,s,,0,,,12,12,-
452060160,2,s,d,0,,,42,41,1
45206016001,3,s,dd,0,,,12,12,-
45206016002,3,s,dd,0,,,19,19,-
45206016003,3,s,dd,0,,,11,10,1
452060170,2,s,c,0,,,63,60,3
45206017001,3,s,cc,0,,,8,8,-
45206017002,3,s,c샏rm,0,,,37,35,2
45206017003,3,s,ct,0,,,18,17,1
452060180,2,s,H,0,,,103,93,8
45206018001,3,s,H⌥,0,,,12,12,-
45206018002,3,s,HH,0,,,11,10,1
45206018003,3,s,H≫V,0,,,21,20,-
45206018004,3,s,HK,0,,,23,22,-
45206018005,3,s,H⏬,0,,,6,4,2
45206018006,3,s,H[,0,,,13,13,-
45206018007,3,s,Hc,1,,018008,17,12,5
45206018008,3,s,HP,2,018007,,X,X,X
452060190,2,s,[,0,,,96,93,2
45206019001,3,s,[,0,,,18,18,-
45206019002,3,s,[v,0,,,17,17,-
45206019003,3,s,[,0,,,15,13,2
45206019004,3,s,[[J,0,,,20,20,-
45206019005,3,s,[X,0,,,26,25,-
45206019006,3,s,[с`FR,0,,,-,-,-
452060200,2,s,ؒJ,0,,,158,142,3
45206020001,3,s,ؒJΌ,1,,020002,21,20,-
45206020002,3,s,ؒJΌ,2,020001,,X,X,X
45206020003,3,s,ؒJ{,0,,,31,17,3
45206020004,3,s,ؒJԈ},0,,,23,22,-
45206020005,3,s,ؒJ쌴,0,,,19,19,-
45206020006,3,s,ؒJ,0,,,13,13,-
45206020007,3,s,ؒJm,0,,,16,16,-
45206020008,3,s,ؒJsJ,0,,,11,11,-
45206020009,3,s,ؒJsJ,0,,,11,11,-
45206020010,3,s,ؒJ,0,,,13,13,-
45206020011,3,s,ؒJgR,0,,,-,-,-
452060210,2,s,z\,0,,,51,49,2
45206021001,3,s,z\,0,,,11,9,2
45206021002,3,s,z\ccR,0,,,17,17,-
45206021003,3,s,z\,0,,,14,14,-
45206021004,3,s,z\ꏼI,0,,,9,9,-
452060220,2,s,n,0,,,14,13,1
45207,1,Ԏs,,0,,,7843,6299,892
452070010,2,Ԏs,厚,0,,,3166,2111,569
45207001001,3,Ԏs,厚{,0,,,123,100,4
45207001002,3,Ԏs,厚H,0,,,200,92,30
45207001003,3,Ԏs,厚V_,0,,,148,75,68
45207001004,3,Ԏs,厚H,0,,,93,71,19
45207001005,3,Ԏs,厚H,0,,,172,61,27
45207001006,3,Ԏs,厚,0,,,75,20,11
45207001007,3,Ԏs,厚򒬐,0,,,49,37,9
45207001008,3,Ԏs,厚,0,,,98,63,34
45207001009,3,Ԏs,厚㏬H,0,,,206,141,61
45207001010,3,Ԏs,厚S,0,,,256,182,54
45207001011,3,Ԏs,厚S,0,,,45,36,6
45207001012,3,Ԏs,厚,0,,,52,33,17
45207001013,3,Ԏs,厚򒬓,0,,,104,43,56
45207001014,3,Ԏs,厚{,0,,,139,70,32
45207001015,3,Ԏs,厚j,0,,,122,118,4
45207001016,3,Ԏs,厚䍲P,0,,,51,48,3
45207001017,3,Ԏs,厚㒬,0,,,214,142,63
45207001018,3,Ԏs,厚R,0,,,114,92,22
45207001019,3,Ԏs,厚c,0,,,64,61,3
45207001020,3,Ԏs,厚,0,,,98,93,5
45207001021,3,Ԏs,厚J,0,,,23,23,-
45207001022,3,Ԏs,厚ؑ,0,,,74,73,1
45207001023,3,Ԏs,厚L,0,,,199,118,7
45207001024,3,Ԏs,厚,0,,,19,17,2
45207001026,3,Ԏs,厚,0,,,72,66,6
45207001027,3,Ԏs,厚,0,,,187,158,10
45207001028,3,Ԏs,厚u,0,,,73,5,4
45207001029,3,Ԏs,厚,0,,,56,48,7
45207001030,3,Ԏs,厚{P,0,,,40,25,4
452070020,2,Ԏs,厚,0,,,228,201,22
45207002001,3,Ԏs,厚ԓ,0,,,73,65,6
45207002002,3,Ԏs,厚ԋ,0,,,55,49,4
45207002003,3,Ԏs,厚Ԑr,0,,,44,42,2
45207002004,3,Ԏs,厚ԓr,0,,,56,45,10
452070031,2,Ԏs,,0,,,264,191,58
452070032,2,Ԏs,厚,0,,,411,356,36
45207003201,3,Ԏs,厚J,0,,,181,154,14
45207003202,3,Ԏs,厚|c,0,,,77,73,3
45207003203,3,Ԏs,厚,0,,,106,95,10
45207003204,3,Ԏs,厚zJ,0,,,47,34,9
452070040,2,Ԏs,厚k,0,,,302,285,8
45207004001,3,Ԏs,厚kOc,0,,,43,43,-
45207004002,3,Ԏs,厚kHP,0,,,39,38,1
45207004003,3,Ԏs,厚kÐ,0,,,46,42,3
45207004004,3,Ԏs,厚k,0,,,73,63,2
45207004005,3,Ԏs,厚kJm,0,,,31,30,1
45207004006,3,Ԏs,厚kc,0,,,24,23,1
45207004007,3,Ԏs,厚kc,0,,,46,46,-
452070050,2,Ԏs,厚HR,0,,,129,125,4
452070060,2,Ԏs,厚s,0,,,407,374,26
45207006001,3,Ԏs,厚s،Si,0,,,46,43,3
45207006002,3,Ԏs,厚sؕc,0,,,23,22,1
45207006003,3,Ԏs,厚s؊Ck,0,,,18,17,-
45207006004,3,Ԏs,厚sw,1,,006005,28,27,1
45207006005,3,Ԏs,厚sؒz,2,006004,,X,X,X
45207006006,3,Ԏs,厚sؓ,0,,,64,56,8
45207006007,3,Ԏs,厚s،Ós,0,,,31,31,-
45207006008,3,Ԏs,厚sؐΌ,0,,,23,20,3
45207006009,3,Ԏs,厚sؓm,0,,,21,20,1
45207006010,3,Ԏs,厚sؔPJ,0,,,32,28,2
45207006011,3,Ԏs,厚s؏Δg,0,,,47,45,1
45207006012,3,Ԏs,厚s؎qc,0,,,13,13,-
45207006013,3,Ԏs,厚sؒ,0,,,30,25,3
45207006014,3,Ԏs,厚s؉Δg,0,,,31,27,3
452070070,2,Ԏs,厚s,0,,,289,270,18
45207007001,3,Ԏs,厚s䓌,0,,,30,29,1
45207007002,3,Ԏs,厚s{,0,,,77,75,1
45207007003,3,Ԏs,厚sF,0,,,17,17,-
45207007004,3,Ԏs,厚s䍕,0,,,26,25,1
45207007005,3,Ԏs,厚s䔗,0,,,80,68,12
45207007006,3,Ԏs,厚s䗧F,0,,,59,56,3
452070080,2,Ԏs,厚[,0,,,132,129,3
45207008001,3,Ԏs,厚[[,0,,,45,43,2
45207008002,3,Ԏs,厚[{mY,1,,008003,87,86,1
45207008003,3,Ԏs,厚[,2,008002,,X,X,X
452070090,2,Ԏs,厚{,0,,,615,552,18
45207009001,3,Ԏs,厚{,0,,,123,118,2
45207009002,3,Ԏs,厚{Օۃ,0,,,35,35,-
45207009003,3,Ԏs,厚{鋏c,0,,,19,19,-
45207009004,3,Ԏs,厚{L,0,,,16,16,-
45207009005,3,Ԏs,厚{c,0,,,39,38,1
45207009006,3,Ԏs,厚{`,0,,,41,38,3
45207009007,3,Ԏs,厚{鉺,0,,,49,41,8
45207009008,3,Ԏs,厚{t,0,,,19,19,-
45207009009,3,Ԏs,厚{㕽,0,,,74,34,1
45207009010,3,Ԏs,厚{钆,0,,,115,111,2
45207009011,3,Ԏs,厚{鏬c,0,,,51,50,1
45207009012,3,Ԏs,厚{,0,,,34,33,-
45207009013,3,Ԏs,厚{鍂,0,,,-,-,-
452070100,2,Ԏs,厚c,0,,,155,145,5
45207010001,3,Ԏs,厚cc,0,,,130,121,4
45207010002,3,Ԏs,厚cic,0,,,25,24,1
452070110,2,Ԏs,厚zv,0,,,67,67,-
45207011001,3,Ԏs,厚zv}_,0,,,52,52,-
45207011002,3,Ԏs,厚zvzv,0,,,15,15,-
452070120,2,Ԏs,厚,0,,,129,125,1
452070130,2,Ԏs,厚ꎁ,0,,,165,162,3
45207013001,3,Ԏs,厚ꎁꎁ,0,,,105,104,1
45207013002,3,Ԏs,厚ꎁd,0,,,60,58,2
452070140,2,Ԏs,厚,0,,,44,44,-
452070150,2,Ԏs,厚啽,0,,,471,442,19
45207015001,3,Ԏs,厚啽sm,0,,,90,90,-
45207015002,3,Ԏs,厚啽g,0,,,96,84,9
45207015003,3,Ԏs,厚啽,0,,,33,30,1
45207015004,3,Ԏs,厚啽啽,0,,,63,57,5
45207015005,3,Ԏs,厚啽L,0,,,30,30,-
45207015006,3,Ԏs,厚啽,0,,,8,8,-
45207015007,3,Ԏs,厚啽䖴c,0,,,80,73,4
45207015008,3,Ԏs,厚啽,0,,,35,34,-
45207015009,3,Ԏs,厚啽Ж,0,,,10,10,-
45207015010,3,Ԏs,厚啽ӓ,0,,,26,26,-
452070160,2,Ԏs,厚ޗ,0,,,519,489,19
45207016001,3,Ԏs,厚ޗÑ,0,,,59,59,-
45207016002,3,Ԏs,厚ޗ,0,,,40,37,-
45207016003,3,Ԏs,厚ޗޗ,0,,,32,31,1
45207016004,3,Ԏs,厚ޗʕ{,0,,,35,35,-
45207016005,3,Ԏs,厚ޗV,0,,,125,113,11
45207016006,3,Ԏs,厚ޗm,0,,,22,22,-
45207016007,3,Ԏs,厚ޗc,0,,,69,65,3
45207016008,3,Ԏs,厚ޗ,0,,,38,31,1
45207016009,3,Ԏs,厚ޗΖؓc,0,,,27,26,1
45207016010,3,Ԏs,厚ޗR,0,,,53,52,1
45207016011,3,Ԏs,厚ޗ,0,,,19,18,1
452070170,2,Ԏs,,0,,,220,154,33
452070180,2,Ԏs,l,0,,,130,77,50
45208,1,ss,,0,,,11898,9116,1570
452080010,2,ss,˒,0,,,117,72,30
45208001001,3,ss,˒P,0,,,82,51,22
45208001002,3,ss,˒Q,0,,,35,21,8
452080020,2,ss,M,0,,,148,68,79
45208002001,3,ss,MP,0,,,86,32,53
45208002002,3,ss,MQ,0,,,62,36,26
452080030,2,ss,쒬,0,,,21,21,-
45208003001,3,ss,쒬P,0,,,9,9,-
45208003002,3,ss,쒬Q,0,,,12,12,-
452080040,2,ss,Ȓ,0,,,227,133,89
45208004001,3,ss,ȒP,0,,,67,35,29
45208004002,3,ss,ȒQ,0,,,78,43,33
45208004003,3,ss,ȒR,0,,,82,55,27
452080060,2,ss,n,0,,,17,10,5
452080070,2,ss,Lg,0,,,123,87,35
45208007001,3,ss,LgP,0,,,36,34,2
45208007002,3,ss,LgQ,0,,,48,28,19
45208007003,3,ss,LgR,0,,,39,25,14
452080080,2,ss,蒬,0,,,34,16,17
452080090,2,ss,,0,,,95,65,29
45208009001,3,ss,P,0,,,37,31,5
45208009002,3,ss,Q,0,,,58,34,24
452080100,2,ss,厚E,0,,,649,460,174
452080110,2,ss,厚O,0,,,2141,1347,331
452080120,2,ss,厚,0,,,190,176,11
452080130,2,ss,厚,0,,,408,286,97
452080140,2,ss,厚x,0,,,252,185,41
452080150,2,ss,厚,0,,,34,33,1
452080160,2,ss,厚,0,,,168,147,17
452080170,2,ss,厚a,0,,,407,280,114
452080180,2,ss,厚Г,2,0200,,X,X,X
452080190,2,ss,厚P,0,,,167,164,2
452080200,2,ss,厚k,1,,0180,513,476,19
452080210,2,ss,厚,0,,,1020,791,40
452080220,2,ss,厚O[,0,,,739,692,16
452080230,2,ss,厚S,0,,,347,277,5
452080240,2,ss,厚Rc,0,,,242,210,2
452080250,2,ss,厚r,0,,,203,202,1
452080260,2,ss,厚,0,,,161,160,1
452080270,2,ss,厚c,0,,,616,503,54
452080280,2,ss,厚sS,0,,,52,47,3
452080290,2,ss,厚,0,,,177,173,3
452080300,2,ss,厚c,0,,,110,108,2
452080310,2,ss,厚O,0,,,545,537,4
452080320,2,ss,厚O,0,,,567,519,12
452080330,2,ss,厚,0,,,-,-,-
452080340,2,ss,厚g,0,,,38,27,1
452080350,2,ss,厚⋾,0,,,52,44,4
452080360,2,ss,厚d,0,,,12,12,-
452080370,2,ss,厚,0,,,17,16,-
452080380,2,ss,厚d,0,,,31,31,-
452080391,2,ss,,0,,,127,24,28
452080392,2,ss,E,0,,,226,167,55
45208039201,3,ss,EP,0,,,53,33,20
45208039202,3,ss,EQ,0,,,66,52,13
45208039203,3,ss,ER,0,,,18,15,3
45208039204,3,ss,ES,0,,,49,41,6
45208039205,3,ss,ET,0,,,40,26,13
452080393,2,ss,,0,,,124,41,80
45208039301,3,ss,P,0,,,79,24,55
45208039302,3,ss,Q,0,,,45,17,25
452080401,2,ss,,0,,,234,120,48
45208040101,3,ss,ȂP,0,,,154,61,30
45208040102,3,ss,ȂQ,0,,,80,59,18
452080402,2,ss,,0,,,188,122,35
45208040201,3,ss,P,0,,,102,75,24
45208040202,3,ss,Q,0,,,86,47,11
452080403,2,ss,㒬,0,,,158,98,55
45208040301,3,ss,㒬P,0,,,88,64,21
45208040302,3,ss,㒬Q,0,,,70,34,34
452080420,2,ss,V,0,,,56,42,14
45208042001,3,ss,VP,0,,,42,35,7
45208042002,3,ss,VQ,0,,,14,7,7
452080430,2,ss,厚q,0,,,145,127,16
45209,1,т̎s,,0,,,8459,7011,744
452090010,2,т̎s,厚͕,0,,,459,449,4
45209001001,3,т̎s,厚͕xY,0,,,114,110,3
45209001002,3,т̎s,厚͕͕,0,,,139,136,-
45209001003,3,т̎s,厚͕͕,0,,,206,203,1
45209001029,3,т̎s,厚͕q,0,,,-,-,-
452090020,2,т̎s,厚,0,,,218,160,17
45209002004,3,т̎s,厚,0,,,112,102,7
45209002005,3,т̎s,厚ܓs,0,,,58,49,9
45209002007,3,т̎s,厚[,0,,,48,9,1
452090030,2,т̎s,厚c,0,,,2060,1489,311
45209003004,3,т̎s,厚c,0,,,12,9,3
45209003005,3,т̎s,厚cܓs,0,,,42,29,4
45209003006,3,т̎s,厚cc,0,,,146,116,24
45209003007,3,т̎s,厚c[,0,,,404,299,66
45209003008,3,т̎s,厚c,0,,,375,186,132
45209003019,3,т̎s,厚cwO,0,,,305,243,46
45209003020,3,т̎s,厚cc,0,,,209,174,19
45209003021,3,т̎s,厚c㌴c,0,,,100,86,6
45209003022,3,т̎s,厚c쌴c,0,,,376,346,11
45209003028,3,т̎s,厚cДn,0,,,91,1,-
452090040,2,т̎s,厚⌳,0,,,280,243,22
45209004009,3,т̎s,厚⌳⌳,0,,,164,135,20
45209004010,3,т̎s,厚⌳Oc,0,,,27,26,1
45209004011,3,т̎s,厚⌳,0,,,59,54,-
45209004027,3,т̎s,厚⌳,0,,,30,28,1
452090050,2,т̎s,厚Oc,0,,,81,78,3
452090060,2,т̎s,厚喾i,0,,,310,280,27
45209006010,3,т̎s,厚喾iOc,0,,,18,18,-
45209006011,3,т̎s,厚喾i,0,,,17,17,-
45209006012,3,т̎s,厚喾i喾i,0,,,206,178,25
45209006013,3,т̎s,厚喾iR,0,,,69,67,2
45209006031,3,т̎s,厚喾igM,0,,,-,-,-
452090070,2,т̎s,厚r,0,,,70,67,3
452090080,2,т̎s,厚,0,,,65,64,1
452090090,2,т̎s,厚],0,,,561,480,50
45209009015,3,т̎s,厚],0,,,38,37,1
45209009016,3,т̎s,厚]],0,,,111,98,13
45209009017,3,т̎s,厚]],0,,,119,114,3
45209009018,3,т̎s,厚]],0,,,277,217,33
45209009019,3,т̎s,厚]wO,0,,,16,14,-
452090100,2,т̎s,厚i,0,,,431,424,5
45209010023,3,т̎s,厚ic,0,,,110,108,2
45209010024,3,т̎s,厚io,0,,,79,79,-
45209010025,3,т̎s,厚ii,0,,,78,77,1
45209010026,3,т̎s,厚i,0,,,164,160,2
45209010030,3,т̎s,厚iт̍,0,,,-,-,-
452090110,2,т̎s,厚c,0,,,400,327,49
45209011001,3,т̎s,厚c,0,,,47,31,16
45209011002,3,т̎s,厚cO,0,,,109,90,18
45209011003,3,т̎s,厚c[,0,,,110,100,8
45209011004,3,т̎s,厚c,0,,,134,106,7
452090120,2,т̎s,厚I,0,,,404,293,45
45209012004,3,т̎s,厚I,0,,,237,168,43
45209012005,3,т̎s,厚II,0,,,167,125,2
452090130,2,т̎s,厚]Y,0,,,144,138,-
45209013006,3,т̎s,厚]Y]Y,0,,,55,55,-
45209013007,3,т̎s,厚]Y]Y,0,,,38,38,-
45209013018,3,т̎s,厚]Yd,1,,013019,51,45,-
45209013019,3,т̎s,厚]Yт̍,2,013018,,X,X,X
452090140,2,т̎s,厚]Y,0,,,146,145,-
45209014008,3,т̎s,厚]Y]Y,0,,,88,88,-
45209014009,3,т̎s,厚]Y]Y,0,,,58,57,-
45209014020,3,т̎s,厚]YK,0,,,-,-,-
452090150,2,т̎s,厚D,0,,,78,76,-
45209015010,3,т̎s,厚DˊD,0,,,38,37,-
45209015011,3,т̎s,厚DˉiR,0,,,40,39,-
452090160,2,т̎s,厚iR,0,,,238,145,16
45209016011,3,т̎s,厚iRiR,0,,,169,78,15
45209016012,3,т̎s,厚iRa,0,,,69,67,1
452090170,2,т̎s,厚c,0,,,84,82,2
452090180,2,т̎s,厚,0,,,127,123,2
45209018012,3,т̎s,厚a,0,,,13,10,1
45209018014,3,т̎s,厚,0,,,114,113,1
452090190,2,т̎s,厚k,0,,,91,91,-
452090200,2,т̎s,厚|c,0,,,85,74,2
45209020016,3,т̎s,厚|c|c,0,,,46,37,-
45209020017,3,т̎s,厚|cqm,0,,,39,37,2
452090210,2,т̎s,厚,0,,,141,108,1
452090220,2,т̎s,厚,0,,,135,127,7
45209022002,3,т̎s,厚쏹,0,,,97,93,4
45209022003,3,т̎s,厚k,0,,,38,34,3
452090230,2,т̎s,厚G,0,,,203,193,6
45209023003,3,т̎s,厚G,0,,,-,-,-
45209023004,3,т̎s,厚GG,0,,,78,74,3
45209023005,3,т̎s,厚GG,0,,,65,63,1
45209023006,3,т̎s,厚GG,0,,,35,31,2
45209023007,3,т̎s,厚Gam,0,,,25,25,-
452090240,2,т̎s,厚,0,,,258,239,17
45209024008,3,т̎s,厚k,0,,,83,81,1
45209024009,3,т̎s,厚쉪,0,,,175,158,16
452090250,2,т̎s,厚T,0,,,53,50,-
452090260,2,т̎s,厚,0,,,45,38,-
452090270,2,т̎s,厚],0,,,615,387,120
45209027012,3,т̎s,厚],0,,,457,285,114
45209027013,3,т̎s,厚]],0,,,158,102,6
452090280,2,т̎s,厚Y,0,,,271,266,4
45209028014,3,т̎s,厚YY,0,,,50,47,3
45209028015,3,т̎s,厚YY,0,,,94,92,1
45209028016,3,т̎s,厚YY,0,,,127,127,-
45209028021,3,т̎s,厚YK,0,,,-,-,-
452090290,2,т̎s,厚,0,,,273,244,28
45209029017,3,т̎s,厚㓇,0,,,62,61,1
45209029018,3,т̎s,厚,0,,,211,183,27
452090300,2,т̎s,厚k,1,,030019;030020,133,131,2
45209030019,3,т̎s,厚kk,2,0300,,X,X,X
45209030020,3,т̎s,厚kxA,2,0300,,X,X,X
45341,1,kSOҒ,,0,,,9827,7373,1598
453410010,2,kSOҒ,厚R,0,,,4433,3277,595
45341001010,3,kSOҒ,厚RPn,0,,,867,672,64
45341001020,3,kSOҒ,厚RQn,0,,,939,851,66
45341001030,3,kSOҒ,厚RRn,0,,,17,16,1
45341001070,3,kSOҒ,厚RVn,0,,,1425,927,276
45341001080,3,kSOҒ,厚RWn,0,,,570,389,81
45341001090,3,kSOҒ,厚RXn,0,,,615,422,107
453410020,2,kSOҒ,ܖ{,0,,,134,113,18
45341002010,3,kSOҒ,ܖ{Pn,0,,,118,97,18
45341002080,3,kSOҒ,ܖ{Wn,0,,,16,16,-
453410030,2,kSOҒ,厚{,0,,,1508,1198,266
45341003030,3,kSOҒ,厚{Rn,0,,,556,516,21
45341003090,3,kSOҒ,厚{Xn,0,,,952,682,245
453410040,2,kSOҒ,Bc,0,,,652,321,270
45341004080,3,kSOҒ,BcWn,0,,,573,282,232
45341004090,3,kSOҒ,BcXn,0,,,79,39,38
453410050,2,kSOҒ,厚r,0,,,1558,1143,343
45341005060,3,kSOҒ,厚rUn,0,,,1503,1094,337
45341005070,3,kSOҒ,厚rVn,0,,,55,49,6
453410060,2,kSOҒ,s,0,,,108,66,7
453410070,2,kSOҒ,Vn,0,,,299,248,48
453410080,2,kSOҒ,,0,,,9,9,-
453410090,2,kSOҒ,Ԍ,0,,,105,84,13
453410100,2,kSOҒ,厚݌,0,,,294,254,10
453410110,2,kSOҒ,厚c,0,,,727,660,28
45341011040,3,kSOҒ,厚cSn,0,,,454,414,16
45341011050,3,kSOҒ,厚cTn,0,,,273,246,12
45361,1,S,,0,,,3878,3451,203
453610010,2,S,厚,0,,,449,428,6
45361001008,3,S,厚,0,,,205,190,4
45361001009,3,S,厚,0,,,147,143,-
45361001010,3,S,厚약,0,,,33,31,2
45361001017,3,S,厚R,0,,,64,64,-
453610020,2,S,厚c,0,,,1133,1084,29
45361002001,3,S,厚cԓ,0,,,103,99,4
45361002002,3,S,厚cc,0,,,188,188,-
45361002003,3,S,厚ck,0,,,127,124,3
45361002004,3,S,厚c싷,0,,,150,144,3
45361002005,3,S,厚c͂炢,0,,,67,65,-
45361002006,3,S,厚cV,0,,,119,116,1
45361002007,3,S,厚c,0,,,76,75,1
45361002018,3,S,厚c,0,,,261,232,16
45361002019,3,S,厚c,0,,,42,41,1
453610030,2,S,厚[,0,,,1183,966,122
45361003014,3,S,厚[[,0,,,248,168,42
45361003015,3,S,厚[[,0,,,320,261,51
45361003016,3,S,厚[o,0,,,258,250,7
45361003017,3,S,厚[R,0,,,163,116,2
45361003018,3,S,厚[,0,,,194,171,20
453610040,2,S,厚L,0,,,1113,973,46
45361004001,3,S,厚Lԓ,0,,,49,48,-
45361004011,3,S,厚LL,0,,,134,130,3
45361004012,3,S,厚LL,0,,,196,179,14
45361004013,3,S,厚LL,0,,,321,313,6
45361004014,3,S,厚L[,0,,,210,134,14
45361004018,3,S,厚L,0,,,141,109,9
45361004020,3,S,厚L֑,0,,,62,60,-
45382,1,Sx,,0,,,7437,6148,533
453820010,2,Sx,厚{,0,,,2926,2165,291
453820020,2,Sx,厚{,0,,,373,148,45
453820030,2,Sx,厚cK,0,,,128,118,9
453820040,2,Sx,厚c,0,,,176,172,4
453820050,2,Sx,厚,0,,,102,96,5
453820060,2,Sx,厚Xi,0,,,327,283,12
453820070,2,Sx,厚|c,0,,,197,176,19
453820080,2,Sx,厚{uc,0,,,229,224,4
453820090,2,Sx,厚ɍ,0,,,60,59,-
453820100,2,Sx,厚k,0,,,400,382,7
453820110,2,Sx,厚얓,0,,,432,413,9
453820120,2,Sx,厚[N,0,,,621,591,14
453820130,2,Sx,厚m,0,,,131,122,8
453820140,2,Sx,厚ˌ,0,,,169,151,17
453820150,2,Sx,厚ؘe,0,,,660,577,63
453820160,2,Sx,厚O,0,,,506,471,26
45383,1,S,,0,,,2889,2229,301
453830010,2,S,㔨,0,,,75,70,4
453830020,2,S,l},0,,,117,109,7
453830030,2,S,,0,,,110,101,9
453830040,2,S,g,0,,,174,123,8
453830050,2,S,,0,,,125,72,32
453830060,2,S,{J,0,,,78,68,6
453830070,2,S,É,0,,,116,111,5
453830080,2,S,a,0,,,190,141,47
453830090,2,S,{,0,,,326,280,22
453830100,2,S,_,0,,,342,184,67
453830110,2,S,,0,,,127,76,9
453830120,2,S,,0,,,185,124,16
453830130,2,S,[,0,,,190,117,25
453830140,2,S,[,0,,,313,270,20
453830150,2,S,k[,0,,,170,152,9
453830160,2,S,ۓ,0,,,86,79,4
453830170,2,S,t,0,,,36,35,1
453830180,2,S,q,0,,,24,23,-
453830190,2,S,񔽖,0,,,31,25,6
453830200,2,S,vؖX,0,,,12,12,-
453830210,2,S,|,0,,,11,11,-
453830220,2,S,,1,,0230,51,46,4
453830230,2,S,쒆,2,0220,,X,X,X
45401,1,S璬,,0,,,8594,5430,2367
454010010,2,S璬,厚璬,0,,,261,124,128
45401001001,3,S璬,厚璬Z,0,,,47,23,23
45401001002,3,S璬,厚璬\,0,,,13,11,2
45401001003,3,S璬,厚璬Ό,0,,,17,15,2
45401001004,3,S璬,厚璬,0,,,42,6,34
45401001005,3,S璬,厚璬,0,,,16,15,1
45401001006,3,S璬,厚璬,0,,,6,5,-
45401001007,3,S璬,厚璬,0,,,51,22,27
45401001008,3,S璬,厚璬㒬,0,,,52,11,38
45401001009,3,S璬,厚璬,0,,,17,16,1
454010020,2,S璬,厚k,0,,,2875,1745,1015
45401002001,3,S璬,厚k申,0,,,16,13,1
45401002002,3,S璬,厚k璆,0,,,16,12,3
45401002003,3,S璬,厚k瓌,0,,,42,22,14
45401002004,3,S璬,厚k爮,0,,,74,20,53
45401002005,3,S璬,厚k瓹H,0,,,41,8,32
45401002006,3,S璬,厚k珬ۉ,0,,,141,61,55
45401002007,3,S璬,厚k珬ۏ,0,,,61,38,19
45401002008,3,S璬,厚k用c,0,,,71,41,26
45401002009,3,S璬,厚k㏬H,0,,,69,31,34
45401002010,3,S璬,厚k{z,0,,,200,161,38
45401002011,3,S璬,厚k{z,0,,,67,44,22
45401002012,3,S璬,厚k{z,0,,,33,30,3
45401002013,3,S璬,厚k瓹H,0,,,288,152,128
45401002014,3,S璬,厚k瓹H,0,,,279,160,101
45401002015,3,S璬,厚k瓹H,0,,,165,87,69
45401002016,3,S璬,厚k璆,0,,,380,253,119
45401002017,3,S璬,厚kn,0,,,122,82,38
45401002018,3,S璬,厚k牺~,0,,,219,140,72
45401002019,3,S璬,厚kҊr,0,,,80,50,30
45401002020,3,S璬,厚kҊr,0,,,83,40,39
45401002021,3,S璬,厚krv,0,,,140,114,24
45401002022,3,S璬,厚k䉮~,0,,,82,53,27
45401002023,3,S璬,厚k甋,0,,,171,102,64
45401002024,3,S璬,厚k珬,0,,,35,31,4
454010030,2,S璬,厚썂,0,,,1313,807,299
45401003001,3,S璬,厚썂x̓,0,,,29,24,5
45401003002,3,S璬,厚썂x̓cn,0,,,38,-,-
45401003003,3,S璬,厚썂牺iJ,0,,,33,31,2
45401003004,3,S璬,厚썂iJ,0,,,42,39,3
45401003005,3,S璬,厚썂_R,0,,,81,52,28
45401003006,3,S璬,厚썂琅J,0,,,21,19,-
45401003007,3,S璬,厚썂za,0,,,14,14,-
45401003008,3,S璬,厚썂э,0,,,46,44,1
45401003009,3,S璬,厚썂VR,0,,,41,41,-
45401003010,3,S璬,厚썂啽,0,,,38,38,-
45401003011,3,S璬,厚썂e,0,,,53,49,3
45401003012,3,S璬,厚썂畑ߒcn,0,,,225,63,28
45401003013,3,S璬,厚썂HH,0,,,81,58,22
45401003014,3,S璬,厚썂{c,0,,,79,56,23
45401003015,3,S璬,厚썂疪],0,,,296,120,152
45401003016,3,S璬,厚썂申,0,,,31,25,4
45401003017,3,S璬,厚썂쒬,0,,,109,84,23
45401003018,3,S璬,厚썂Ό,0,,,16,11,5
45401003019,3,S璬,厚썂狍q,0,,,40,39,-
454010040,2,S璬,厚],0,,,2075,1471,504
45401004001,3,S璬,厚]ۉ,0,,,62,22,38
45401004002,3,S璬,厚]J,0,,,191,88,97
45401004003,3,S璬,厚]{,0,,,107,31,56
45401004004,3,S璬,厚]R,0,,,99,64,33
45401004005,3,S璬,厚],0,,,254,146,84
45401004006,3,S璬,厚],0,,,73,61,10
45401004007,3,S璬,厚]k,0,,,115,75,38
45401004008,3,S璬,厚],0,,,137,78,31
45401004009,3,S璬,厚]nꌴ,0,,,204,165,38
45401004010,3,S璬,厚]c,0,,,128,109,15
45401004011,3,S璬,厚]Hc,0,,,34,32,2
45401004012,3,S璬,厚],0,,,146,138,7
45401004013,3,S璬,厚]V,0,,,55,53,2
45401004014,3,S璬,厚]q,0,,,36,32,3
45401004015,3,S璬,厚]싍q,0,,,79,58,17
45401004016,3,S璬,厚],0,,,42,39,3
45401004017,3,S璬,厚],0,,,65,61,3
45401004018,3,S璬,厚]s̎R,0,,,89,87,1
45401004019,3,S璬,厚]쌴,0,,,53,34,19
45401004020,3,S璬,厚]|,0,,,66,62,3
45401004021,3,S璬,厚]]cn,0,,,40,36,4
454010050,2,S璬,厚c,0,,,1466,922,196
45401005001,3,S璬,厚c{z,0,,,28,22,6
45401005003,3,S璬,厚cۏo,0,,,387,264,117
45401005004,3,S璬,厚cےcn,0,,,70,-,1
45401005005,3,S璬,厚c،,0,,,44,44,-
45401005006,3,S璬,厚cỶ,0,,,36,34,1
45401005007,3,S璬,厚c{,0,,,59,56,1
45401005008,3,S璬,厚cSv,0,,,43,40,2
45401005009,3,S璬,厚cU,0,,,26,26,-
45401005010,3,S璬,厚c,0,,,42,38,3
45401005011,3,S璬,厚cƏ,0,,,42,37,5
45401005012,3,S璬,厚cc,0,,,131,86,7
45401005013,3,S璬,厚cS,0,,,40,39,1
45401005014,3,S璬,厚c,0,,,45,41,3
45401005015,3,S璬,厚cccn,0,,,206,21,-
45401005016,3,S璬,厚c,0,,,267,174,49
454010060,2,S璬,厚Y,0,,,604,361,225
45401006001,3,S璬,厚Y̓,0,,,191,94,84
45401006002,3,S璬,厚Ÿ,0,,,58,51,6
45401006003,3,S璬,厚Y,0,,,58,49,6
45401006004,3,S璬,厚Y,0,,,130,57,73
45401006005,3,S璬,厚Y,0,,,167,110,56
45402,1,SVx,,0,,,6248,4575,832
454020011,2,SVx,xc,0,,,153,127,25
45402001101,3,SVx,xcP,0,,,30,27,3
45402001102,3,SVx,xcQ,0,,,60,42,17
45402001103,3,SVx,xcR,0,,,63,58,5
454020012,2,SVx,xc,0,,,240,160,77
45402001201,3,SVx,xcP,0,,,78,69,8
45402001202,3,SVx,xcQ,0,,,60,29,30
45402001203,3,SVx,xcR,0,,,45,29,16
45402001204,3,SVx,xcS,0,,,57,33,23
454020013,2,SVx,xc,0,,,130,107,23
45402001301,3,SVx,xcP,0,,,53,40,13
45402001302,3,SVx,xcQ,0,,,20,15,5
45402001303,3,SVx,xcR,0,,,23,23,-
45402001304,3,SVx,xcS,0,,,34,29,5
454020014,2,SVx,xc,0,,,113,61,39
45402001401,3,SVx,xcP,0,,,7,2,5
45402001402,3,SVx,xcQ,0,,,66,41,25
45402001403,3,SVx,xcR,0,,,40,18,9
454020016,2,SVx,xck,0,,,93,40,53
45402001601,3,SVx,xckP,0,,,43,23,20
45402001602,3,SVx,xckQ,0,,,50,17,33
454020017,2,SVx,厚xc,0,,,1160,642,143
45402001701,3,SVx,厚xcxc,0,,,37,37,-
45402001702,3,SVx,厚xcVn,0,,,90,85,5
45402001703,3,SVx,厚xc基,0,,,77,73,3
45402001704,3,SVx,厚xcc,0,,,168,110,56
45402001705,3,SVx,厚xc錳,0,,,121,83,36
45402001706,3,SVx,厚xc錳,0,,,84,77,5
45402001707,3,SVx,厚xc,0,,,14,2,12
45402001709,3,SVx,厚xczn,0,,,17,13,4
45402001710,3,SVx,厚xcSt,0,,,85,81,3
45402001711,3,SVx,厚xc~,0,,,198,-,-
45402001712,3,SVx,厚xcIc,0,,,74,-,-
45402001714,3,SVx,厚xcV,0,,,91,-,1
45402001715,3,SVx,厚xcm,0,,,73,63,10
45402001716,3,SVx,厚xcgc,0,,,-,-,-
45402001717,3,SVx,厚xc錳,0,,,31,18,8
454020020,2,SVx,厚xc,0,,,551,479,62
45402002001,3,SVx,厚xcܔc,0,,,181,139,39
45402002002,3,SVx,厚xcܔc,0,,,73,68,4
45402002003,3,SVx,厚xcq,0,,,75,68,6
45402002004,3,SVx,厚xc]~,0,,,73,69,3
45402002005,3,SVx,厚xc],0,,,91,84,4
45402002006,3,SVx,厚xcR,0,,,58,51,6
45402002007,3,SVx,厚xccY,0,,,-,-,-
45402002008,3,SVx,厚xc],0,,,-,-,-
454020030,2,SVx,厚O[,0,,,595,313,160
45402003001,3,SVx,厚O[㕽ɑq,0,,,42,40,1
45402003002,3,SVx,厚O[{V,0,,,29,27,-
45402003003,3,SVx,厚O[,0,,,31,30,1
45402003004,3,SVx,厚O[㉜,0,,,21,18,-
45402003005,3,SVx,厚O[َw,0,,,53,48,5
45402003006,3,SVx,厚O[㉺O[,0,,,39,30,9
45402003007,3,SVx,厚O[V,0,,,246,118,121
45402003008,3,SVx,厚O[nn,0,,,56,2,15
45402003009,3,SVx,厚O[ΐ,0,,,8,-,8
45402003010,3,SVx,厚O[m,0,,,-,-,-
45402003011,3,SVx,厚O[rc,0,,,-,-,-
45402003012,3,SVx,厚O[rc,0,,,70,-,-
454020040,2,SVx,厚u,0,,,744,628,85
45402004001,3,SVx,厚uʕ{,0,,,190,140,48
45402004002,3,SVx,厚ue,0,,,116,100,16
45402004003,3,SVx,厚uZc,0,,,188,167,20
45402004004,3,SVx,厚uVo,0,,,13,12,-
45402004005,3,SVx,厚u쒆,0,,,59,58,1
45402004006,3,SVx,厚uu,0,,,46,46,-
45402004007,3,SVx,厚u,0,,,111,105,-
45402004008,3,SVx,厚u,0,,,21,-,-
45402004009,3,SVx,厚urc,0,,,-,-,-
45402004010,3,SVx,厚ulc,0,,,-,-,-
454020050,2,SVx,厚Vc,0,,,1372,1093,105
45402005001,3,SVx,厚Vc,0,,,51,50,1
45402005002,3,SVx,厚Vc|,0,,,87,87,-
45402005003,3,SVx,厚Vc,0,,,62,62,-
45402005004,3,SVx,厚VcRVV,0,,,135,117,17
45402005005,3,SVx,厚Vc,0,,,53,51,-
45402005006,3,SVx,厚Vc{,0,,,21,21,-
45402005007,3,SVx,厚Vc[,0,,,154,121,31
45402005008,3,SVx,厚Vc@,0,,,74,71,2
45402005009,3,SVx,厚Vc,0,,,38,37,1
45402005010,3,SVx,厚VcVcV,0,,,94,87,6
45402005011,3,SVx,厚Vcˌ,0,,,69,55,13
45402005012,3,SVx,厚Vci,0,,,132,115,16
45402005013,3,SVx,厚VcM,0,,,67,64,1
45402005014,3,SVx,厚Vc㍡,0,,,55,53,2
45402005015,3,SVx,厚Vc,0,,,56,44,12
45402005016,3,SVx,厚Vca,0,,,39,37,2
45402005017,3,SVx,厚Vc{P,0,,,51,1,-
45402005018,3,SVx,厚Vcn,0,,,-,-,-
45402005019,3,SVx,厚Vcq_,0,,,22,3,1
45402005020,3,SVx,厚Vco,0,,,7,-,-
45402005021,3,SVx,厚VcX,0,,,47,16,-
45402005022,3,SVx,厚VcmO,0,,,58,1,-
454020060,2,SVx,厚Vc,0,,,868,755,37
45402006001,3,SVx,厚Vc_,0,,,57,55,2
45402006002,3,SVx,厚Vc쏰,0,,,78,76,2
45402006003,3,SVx,厚Vc,0,,,35,34,1
45402006004,3,SVx,厚Vckl,0,,,19,19,-
45402006005,3,SVx,厚Vcl,0,,,71,66,5
45402006006,3,SVx,厚Vcl,0,,,106,101,5
45402006007,3,SVx,厚VcO,0,,,48,48,-
45402006008,3,SVx,厚VcC,0,,,39,39,-
45402006009,3,SVx,厚VcV{,0,,,84,76,4
45402006010,3,SVx,厚Vc꒚c,1,,006019,75,71,3
45402006011,3,SVx,厚Vc\,0,,,90,83,7
45402006012,3,SVx,厚VcVc,0,,,30,28,1
45402006013,3,SVx,厚Vcw,0,,,26,25,1
45402006014,3,SVx,厚Vct,0,,,35,34,1
45402006015,3,SVx,厚VcVc,0,,,-,-,-
45402006016,3,SVx,厚VcV,0,,,8,-,-
45402006017,3,SVx,厚VcO,0,,,23,-,-
45402006018,3,SVx,厚VcO,0,,,18,-,-
45402006019,3,SVx,厚VcJ,2,006010,,X,X,X
45402006020,3,SVx,厚Vcc,0,,,26,-,5
454020070,2,SVx,R[h0070̌v,0,,,229,170,23
45402007001,3,SVx,厚Vcɑq,0,,,198,170,23
45402007002,3,SVx,厚ɑq,0,,,31,-,-
45403,1,SėǑ,,0,,,504,361,20
454030010,2,SėǑ,厚,0,,,43,36,2
454030020,2,SėǑ,厚z,0,,,28,25,3
454030030,2,SėǑ,厚,0,,,23,20,-
454030040,2,SėǑ,厚,0,,,248,146,11
454030050,2,SėǑ,厚|,0,,,71,55,2
454030060,2,SėǑ,厚ė,0,,,43,39,-
454030070,2,SėǑ,厚J,0,,,27,22,1
454030080,2,SėǑ,厚J,0,,,21,18,1
45404,1,S؏钬,,0,,,1928,1528,120
454040010,2,S؏钬,厚Ŗ,0,,,998,829,73
454040020,2,S؏钬,厚,0,,,721,513,33
454040030,2,S؏钬,厚쌴,0,,,75,71,1
454040040,2,S؏钬,厚Ή͓,0,,,103,88,11
454040050,2,S؏钬,厚V,0,,,31,27,2
45405,1,S쒬,,0,,,5817,4673,652
454050010,2,S쒬,Pn,0,,,1073,604,275
454050020,2,S쒬,Qn,0,,,570,478,32
454050030,2,S쒬,Rn,0,,,369,339,11
454050040,2,S쒬,Sn,0,,,387,374,10
454050050,2,S쒬,Tn,0,,,380,360,13
454050060,2,S쒬,Un,0,,,1362,1039,215
454050070,2,S쒬,Vn,0,,,481,414,21
454050080,2,S쒬,Wn,0,,,392,340,39
454050090,2,S쒬,Xn,0,,,433,381,21
454050100,2,S쒬,POn,0,,,370,344,15
45406,1,Ss_,,0,,,3912,3244,258
454060010,2,Ss_,厚k,0,,,3912,3244,258
45406001001,3,Ss_,厚kʕ{,0,,,73,71,2
45406001002,3,Ss_,厚k,0,,,73,70,1
45406001003,3,Ss_,厚kO,0,,,300,272,27
45406001004,3,Ss_,厚k,0,,,229,171,34
45406001005,3,Ss_,厚kVʕ{,0,,,78,76,2
45406001006,3,Ss_,厚kVc,0,,,78,78,-
45406001007,3,Ss_,厚kwO,0,,,193,103,11
45406001008,3,Ss_,厚k,0,,,59,58,1
45406001009,3,Ss_,厚kl,0,,,197,190,6
45406001010,3,Ss_,厚kc,0,,,98,89,5
45406001011,3,Ss_,厚kw,0,,,165,135,17
45406001012,3,Ss_,厚kV,0,,,150,119,22
45406001013,3,Ss_,厚kkV,0,,,133,83,37
45406001014,3,Ss_,厚k,0,,,153,130,20
45406001015,3,Ss_,厚k̖{,0,,,76,54,3
45406001016,3,Ss_,厚kk,0,,,132,122,4
45406001017,3,Ss_,厚kZ,0,,,54,54,-
45406001018,3,Ss_,厚kZ,0,,,31,30,-
45406001019,3,Ss_,厚kZ,0,,,45,45,-
45406001020,3,Ss_,厚k,0,,,103,99,2
45406001021,3,Ss_,厚k,1,,001023,35,34,1
45406001022,3,Ss_,厚k,0,,,19,19,-
45406001023,3,Ss_,厚kr,2,001021,,X,X,X
45406001024,3,Ss_,厚kؘac,0,,,38,38,-
45406001025,3,Ss_,厚k،˕,0,,,36,35,1
45406001026,3,Ss_,厚k,0,,,16,16,-
45406001027,3,Ss_,厚k,0,,,103,101,1
45406001028,3,Ss_,厚kq,0,,,41,27,14
45406001029,3,Ss_,厚ks_g,0,,,106,94,12
45406001030,3,Ss_,厚km,0,,,132,113,8
45406001031,3,Ss_,厚kR,0,,,69,67,1
45406001032,3,Ss_,厚k,0,,,56,49,6
45406001033,3,Ss_,厚kS,0,,,109,106,1
45406001034,3,Ss_,厚kR,0,,,92,82,5
45406001035,3,Ss_,厚k,0,,,72,70,2
45406001036,3,Ss_,厚k,0,,,95,92,1
45406001037,3,Ss_,厚kX,0,,,42,41,-
45406001038,3,Ss_,厚kR,0,,,46,44,1
45406001039,3,Ss_,厚kM,0,,,23,23,-
45406001040,3,Ss_,厚k,0,,,49,49,-
45406001041,3,Ss_,厚ǩS,0,,,20,17,3
45406001042,3,Ss_,厚kt̎Rcn,0,,,49,-,-
45406001043,3,Ss_,厚kcn,0,,,115,-,6
45406001044,3,Ss_,厚kڂ̒cn,0,,,49,-,-
45406001050,3,Ss_,厚kl,0,,,-,-,-
45406001051,3,Ss_,厚kq,0,,,13,13,-
45406001052,3,Ss_,厚k,0,,,4,4,-
45406001053,3,Ss_,厚kۍa,0,,,63,61,1
45421,1,PnS쒬,,0,,,6718,5133,945
454210011,2,PnS쒬,쒬,0,,,291,248,32
45421001101,3,PnS쒬,쒬P,2,001102,,X,X,X
45421001102,3,PnS쒬,쒬Q,1,,001101,53,43,9
45421001104,3,PnS쒬,쒬S,0,,,141,126,7
45421001105,3,PnS쒬,쒬T,0,,,80,65,14
45421001106,3,PnS쒬,쒬U,0,,,17,14,2
454210012,2,PnS쒬,厚i܏\nj,0,,,1387,1178,132
454210013,2,PnS쒬,샖u,0,,,247,234,13
45421001301,3,PnS쒬,샖uPځEQ,0,,,157,150,7
45421001302,3,PnS쒬,샖uQ,0,,,90,84,6
454210020,2,PnS쒬,㒬,0,,,160,82,34
45421002001,3,PnS쒬,㒬P,0,,,18,14,4
45421002002,3,PnS쒬,㒬Q,0,,,17,13,3
45421002003,3,PnS쒬,㒬R,0,,,34,25,8
45421002004,3,PnS쒬,㒬S,0,,,71,10,19
45421002005,3,PnS쒬,㒬T,0,,,10,10,-
45421002006,3,PnS쒬,㒬U,0,,,10,10,-
454210030,2,PnS쒬,{,0,,,45,42,3
45421003001,3,PnS쒬,{P,0,,,17,15,2
45421003002,3,PnS쒬,{Q,0,,,28,27,1
454210040,2,PnS쒬,{,0,,,125,87,31
45421004001,3,PnS쒬,{P,0,,,25,14,11
45421004002,3,PnS쒬,{Q,0,,,25,20,3
45421004003,3,PnS쒬,{R,0,,,20,18,2
45421004004,3,PnS쒬,{S,0,,,12,6,1
45421004005,3,PnS쒬,{T,0,,,43,29,14
454210051,2,PnS쒬,hPu,0,,,189,96,18
45421005101,3,PnS쒬,hPuP,0,,,75,1,-
45421005102,3,PnS쒬,hPuQ,0,,,55,55,-
45421005103,3,PnS쒬,hPuR,0,,,59,40,18
454210060,2,PnS쒬,h,0,,,402,295,104
45421006001,3,PnS쒬,hP,0,,,96,76,18
45421006002,3,PnS쒬,hQ,0,,,78,53,25
45421006003,3,PnS쒬,hR,0,,,131,93,37
45421006004,3,PnS쒬,hS,0,,,61,51,10
45421006005,3,PnS쒬,hT,0,,,36,22,14
454210070,2,PnS쒬,h,0,,,384,284,87
45421007001,3,PnS쒬,hP,0,,,69,61,7
45421007002,3,PnS쒬,hQ,0,,,99,71,26
45421007003,3,PnS쒬,hR,0,,,131,87,42
45421007004,3,PnS쒬,hS,0,,,85,65,12
454210080,2,PnS쒬,铌,0,,,333,151,17
454210090,2,PnS쒬,Pu,0,,,197,190,2
454210100,2,PnS쒬,鐼,0,,,355,202,31
454210110,2,PnS쒬,R[h0110̌v,0,,,495,348,103
45421011001,3,PnS쒬,{PP,0,,,177,140,35
45421011002,3,PnS쒬,{Q,0,,,104,84,19
45421011003,3,PnS쒬,{PR,0,,,83,62,21
45421011004,3,PnS쒬,{PS,0,,,72,42,22
45421011005,3,PnS쒬,{PT,0,,,59,20,6
454210120,2,PnS쒬,厚,0,,,536,391,97
454210131,2,PnS쒬,{,0,,,294,202,86
45421013101,3,PnS쒬,{P,0,,,47,35,12
45421013102,3,PnS쒬,{Q,0,,,110,63,46
45421013103,3,PnS쒬,{R,0,,,76,53,19
45421013104,3,PnS쒬,{S,0,,,8,8,-
45421013105,3,PnS쒬,{T,0,,,53,43,9
454210132,2,PnS쒬,쐼,0,,,392,303,83
45421013201,3,PnS쒬,쐼P,0,,,100,77,23
45421013202,3,PnS쒬,쐼Q,0,,,56,50,6
45421013203,3,PnS쒬,쐼R,0,,,63,24,37
45421013204,3,PnS쒬,쐼S,0,,,50,45,5
45421013205,3,PnS쒬,쐼T,0,,,103,90,9
45421013206,3,PnS쒬,쐼U,0,,,20,17,3
454210133,2,PnS쒬,厚,0,,,219,205,6
454210140,2,PnS쒬,厚,0,,,324,310,11
454210160,2,PnS쒬,,0,,,343,285,55
45421016001,3,PnS쒬,P,0,,,85,71,13
45421016002,3,PnS쒬,Q,0,,,45,38,7
45421016003,3,PnS쒬,R,0,,,24,14,10
45421016004,3,PnS쒬,S,0,,,127,113,12
45421016005,3,PnS쒬,T,0,,,62,49,13
45429,1,PnSˑ,,0,,,661,501,23
454290010,2,PnSˑ,厚Ƒ,0,,,427,280,17
45429001001,3,PnSˑ,厚Ƒ̌,0,,,35,31,4
45429001002,3,PnSˑ,厚Ƒ㍕,0,,,19,18,1
45429001003,3,PnSˑ,厚Ƒˌ,0,,,90,57,3
45429001004,3,PnSˑ,厚Ƒ㏔˒,0,,,62,34,1
45429001005,3,PnSˑ,厚Ƒ̉,0,,,70,17,1
45429001006,3,PnSˑ,厚ƑƑ,0,,,71,54,1
45429001007,3,PnSˑ,厚Ƒ,0,,,42,38,3
45429001008,3,PnSˑ,厚ƑrJ,0,,,38,31,3
454290020,2,PnSˑ,厚cR,0,,,234,221,6
45429002001,3,PnSˑ,厚cRъ,0,,,29,29,-
45429002003,3,PnSˑ,厚cRd̕,0,,,15,15,-
45429002004,3,PnSˑ,厚cR,0,,,48,44,1
45429002005,3,PnSˑ,厚cRcR,0,,,37,30,3
45429002006,3,PnSˑ,厚cR,0,,,47,45,2
45429002007,3,PnSˑ,厚cR,0,,,13,13,-
45429002008,3,PnSˑ,厚cR䔒,0,,,13,13,-
45429002009,3,PnSˑ,厚cR̕,0,,,32,32,-
45430,1,PnSŗt,,0,,,1118,901,36
454300010,2,PnSŗt,R[h0010̌v,0,,,491,350,27
45430001001,3,PnSŗt,厚ǎ{,1,,001002,50,10,11
45430001002,3,PnSŗt,ǌK|,2,001001,,X,X,X
45430001003,3,PnSŗt,ǌKm،,0,,,25,25,-
45430001004,3,PnSŗt,ǉ,0,,,21,20,-
45430001005,3,PnSŗt,ǐj,0,,,35,5,2
45430001006,3,PnSŗt,ǊԔ,0,,,31,31,-
45430001007,3,PnSŗt,Ǎ,0,,,33,21,5
45430001008,3,PnSŗt,Ǐŗt,0,,,113,70,6
45430001009,3,PnSŗt,ǔ,0,,,12,8,1
45430001010,3,PnSŗt,ǉŗt,0,,,20,16,-
45430001011,3,PnSŗt,ǖVd,0,,,19,19,-
45430001012,3,PnSŗt,Ǐ\,0,,,25,25,-
45430001013,3,PnSŗt,Ǔmd,0,,,23,20,-
45430001014,3,PnSŗt,ǉ,0,,,13,13,-
45430001015,3,PnSŗt,ǒ,0,,,15,13,-
45430001016,3,PnSŗt,Ǎ,0,,,13,13,-
45430001017,3,PnSŗt,ǌӖR,0,,,13,13,-
45430001018,3,PnSŗt,Ǐ,0,,,16,14,2
45430001019,3,PnSŗt,ǏtRA,0,,,5,5,-
45430001020,3,PnSŗt,Ǐ㕟,0,,,9,9,-
454300020,2,PnSŗt,sy,0,,,198,179,1
45430002001,3,PnSŗt,syO,0,,,76,66,-
45430002002,3,PnSŗt,syR,0,,,55,52,1
45430002003,3,PnSŗt,sy[,0,,,20,20,-
45430002004,3,PnSŗt,syÎ},0,,,14,14,-
45430002005,3,PnSŗt,sysy쉺,0,,,19,13,-
45430002006,3,PnSŗt,sy{,0,,,14,14,-
454300030,2,PnSŗt,͓,0,,,214,185,4
45430003001,3,PnSŗt,͓R,0,,,5,5,-
45430003002,3,PnSŗt,͓̔,0,,,7,6,-
45430003003,3,PnSŗt,͓fX,0,,,7,7,-
45430003004,3,PnSŗt,͓M,0,,,14,14,-
45430003005,3,PnSŗt,͓X,1,,003006,52,36,1
45430003006,3,PnSŗt,͓{,2,003005,,X,X,X
45430003007,3,PnSŗt,͓팴,0,,,14,14,-
45430003008,3,PnSŗt,͓,0,,,19,17,2
45430003009,3,PnSŗt,͓m,0,,,18,18,-
45430003010,3,PnSŗt,͓,0,,,27,27,-
45430003011,3,PnSŗt,͓Pn,0,,,24,19,-
45430003012,3,PnSŗt,͓|m},0,,,27,22,1
454300040,2,PnSŗt,,0,,,215,187,4
45430004001,3,PnSŗt,md,0,,,25,25,-
45430004002,3,PnSŗt,,0,,,39,22,1
45430004003,3,PnSŗt,㏼,0,,,10,10,-
45430004004,3,PnSŗt,,0,,,18,18,-
45430004005,3,PnSŗt,Im,0,,,20,19,1
45430004006,3,PnSŗt,,0,,,23,23,-
45430004007,3,PnSŗt,≮,0,,,38,29,1
45430004008,3,PnSŗt,͓,0,,,19,19,-
45430004009,3,PnSŗt,Ό,0,,,23,22,1
45431,1,PnS,,0,,,2323,1969,72
454310010,2,PnS,厚c,0,,,674,553,18
454310020,2,PnS,厚,0,,,12,11,1
454310030,2,PnS,厚,0,,,39,39,-
454310040,2,PnS,厚ROP,0,,,113,109,3
454310050,2,PnS,厚_,0,,,335,290,9
454310060,2,PnS,厚n,0,,,135,117,3
454310070,2,PnS,厚n,0,,,6,6,-
454310080,2,PnS,厚S_,0,,,155,134,2
454310090,2,PnS,厚J,0,,,145,133,2
454310100,2,PnS,厚F[ԁij,0,,,91,79,2
454310110,2,PnS,厚F[ԁij,0,,,151,108,9
454310120,2,PnS,厚F[ԁij,0,,,110,95,3
454310130,2,PnS,厚F[ԁiHj,0,,,122,99,11
454310140,2,PnS,厚,0,,,124,111,6
454310150,2,PnS,厚,0,,,111,85,3
45441,1,PnS䒬,,0,,,4616,3577,627
454410010,2,PnS䒬,厚Oc,0,,,2180,1313,539
454410020,2,PnS䒬,厚,0,,,399,337,15
454410030,2,PnS䒬,厚R,0,,,183,182,1
454410040,2,PnS䒬,厚,0,,,657,622,23
454410050,2,PnS䒬,厚,0,,,91,91,-
454410060,2,PnS䒬,厚c,0,,,183,176,6
454410070,2,PnS䒬,厚͓,0,,,215,196,14
454410080,2,PnS䒬,厚܃P,0,,,79,79,-
454410090,2,PnS䒬,厚,0,,,458,422,18
454410100,2,PnS䒬,厚,0,,,171,159,11
45442,1,PnSVe,,0,,,1487,1278,34
454420010,2,PnSVe,厚,0,,,927,780,22
454420020,2,PnSVe,厚,0,,,380,324,11
454420030,2,PnSVe,厚,0,,,108,104,1
454420040,2,PnSVe,厚,0,,,72,70,-
45443,1,PnS܃,,0,,,1270,1071,45
454430010,2,PnS܃,厚O,0,,,718,568,25
45443001001,3,PnS܃,厚OȁA_,0,,,22,22,-
45443001002,3,PnS܃,厚O,0,,,20,20,-
45443001003,3,PnS܃,厚OzCd,0,,,24,23,1
45443001004,3,PnS܃,厚O쒆̈ꕔ,0,,,-,-,-
45443001005,3,PnS܃,厚OCAA,0,,,57,37,-
45443001006,3,PnS܃,厚OԒJ,0,,,52,29,1
45443001007,3,PnS܃,厚OԒJ,0,,,19,17,1
45443001008,3,PnS܃,厚OǁAь,0,,,32,23,3
45443001010,3,PnS܃,厚O˂̌AÉ,0,,,49,14,1
45443001011,3,PnS܃,厚OÉA,0,,,15,15,-
45443001012,3,PnS܃,厚OAAA,0,,,24,22,-
45443001013,3,PnS܃,厚Oꉺ,0,,,8,7,1
45443001014,3,PnS܃,厚OLؖ,0,,,59,22,14
45443001015,3,PnS܃,厚O{̌,0,,,48,40,-
45443001016,3,PnS܃,厚O,0,,,34,33,1
45443001017,3,PnS܃,厚OArJ,0,,,42,42,-
45443001018,3,PnS܃,厚OP,0,,,34,33,-
45443001019,3,PnS܃,厚OːrJ̈ꕔ,0,,,-,-,-
45443001020,3,PnS܃,厚Ǒ,0,,,31,31,-
45443001021,3,PnS܃,厚Ǒq̐̈ꕔ,0,,,-,-,-
45443001022,3,PnS܃,厚OM̒JޗǒÂ̈ꕔ,0,,,-,-,-
45443001023,3,PnS܃,厚Oޗǒ,0,,,12,12,-
45443001024,3,PnS܃,厚OJAA̐,0,,,32,31,1
45443001025,3,PnS܃,厚Oq,0,,,20,17,1
45443001026,3,PnS܃,厚O{A,0,,,41,41,-
45443001027,3,PnS܃,厚OA,0,,,23,23,-
45443001028,3,PnS܃,厚OΒ̈ꕔ,0,,,-,-,-
45443001029,3,PnS܃,厚Oː,0,,,8,8,-
45443001030,3,PnS܃,厚O,0,,,6,6,-
45443001031,3,PnS܃,厚OLؖ,0,,,6,-,-
454430020,2,PnS܃,厚Ɖ,0,,,363,332,9
45443002001,3,PnS܃,厚ƉȀ,0,,,33,32,-
45443002002,3,PnS܃,厚Ɖ},0,,,10,10,-
45443002003,3,PnS܃,厚Ɖ}΂̓̈ꕔ,0,,,-,-,-
45443002004,3,PnS܃,厚ƉAA,0,,,44,37,2
45443002005,3,PnS܃,厚ƉAqAa,0,,,35,20,2
45443002006,3,PnS܃,厚Ɖ΂̓A,0,,,13,12,-
45443002007,3,PnS܃,厚ƉrJAA啽A,0,,,20,20,-
45443002008,3,PnS܃,厚ƉrJ{~gÄꕔ,0,,,-,-,-
45443002009,3,PnS܃,厚ƉgA,0,,,26,26,-
45443002010,3,PnS܃,厚Ɖ{~,0,,,18,18,-
45443002011,3,PnS܃,厚Ɖ؍An,0,,,17,17,-
45443002012,3,PnS܃,厚ƉؔAL,0,,,17,17,-
45443002013,3,PnS܃,厚ƉyA_,0,,,13,13,-
45443002014,3,PnS܃,厚Ɖ_A̔d,0,,,28,24,4
45443002015,3,PnS܃,厚ƉA[JAܗ,0,,,29,27,-
45443002016,3,PnS܃,厚ƉgAAXNi,0,,,25,24,1
45443002017,3,PnS܃,厚Ɖm̈ꕔ,0,,,-,-,-
45443002018,3,PnS܃,厚ƉmAqAÉ,0,,,25,25,-
45443002019,3,PnS܃,厚ƉA,0,,,10,10,-
45443002020,3,PnS܃,厚Ɖ؍gÄꕔ,0,,,-,-,-
454430030,2,PnS܃,厚K,0,,,189,171,11
45443003001,3,PnS܃,厚KA,0,,,24,24,-
45443003002,3,PnS܃,厚KvہAR,0,,,21,20,-
45443003003,3,PnS܃,厚KmA{AwAn,0,,,38,31,1
45443003004,3,PnS܃,厚KʁAA,0,,,29,29,-
45443003005,3,PnS܃,厚Kk̔AnAc,0,,,26,26,-
45443003006,3,PnS܃,厚KyAgAAR,0,,,17,16,1
45443003007,3,PnS܃,厚K̍A`̔I̒Jz,0,,,29,20,9
45443003008,3,PnS܃,厚K,0,,,5,5,-
