KEY_CODE,HYOSYO,CITYNAME,NAME,HTKSYORI,HTKSAKI,GASSAN,T000852001,T000852002,T000852003
,,,,,,,ZɏZވʐ,,c؉
36201,1,s,,0,,,113585,63656,40643
362010010,2,s,Ԓ,0,,,16,16,-
362010020,2,s,ko,0,,,62,51,8
36201002001,3,s,koP,0,,,13,10,3
36201002002,3,s,koQ,0,,,49,41,5
362010030,2,s,K,0,,,196,92,93
36201003001,3,s,KP,0,,,34,7,25
36201003002,3,s,KQ,0,,,12,11,-
36201003003,3,s,KR,1,,030003,150,74,68
362010040,2,s,V,0,,,90,42,45
362010050,2,s,V,0,,,436,190,99
36201005001,3,s,VP,0,,,181,120,43
36201005002,3,s,VQ,0,,,66,26,6
36201005003,3,s,VR,0,,,189,44,50
362010060,2,s,{,0,,,92,51,37
36201006001,3,s,{P,0,,,52,24,26
36201006002,3,s,{Q,0,,,40,27,11
362010070,2,s,{,0,,,130,71,54
36201007001,3,s,{P,0,,,12,10,2
36201007002,3,s,{Q,0,,,63,19,42
36201007003,3,s,{R,0,,,55,42,10
362010080,2,s,o{,0,,,343,148,181
36201008001,3,s,o{P,0,,,34,21,13
36201008002,3,s,o{Q,0,,,55,31,20
36201008003,3,s,o{R,0,,,155,38,114
36201008004,3,s,o{S,0,,,99,58,34
362010090,2,s,{,0,,,87,37,45
36201009001,3,s,{P,0,,,41,12,25
36201009002,3,s,{Q,0,,,12,12,-
36201009003,3,s,{R,0,,,34,13,20
362010100,2,s,ʒ,0,,,122,62,54
36201010001,3,s,ʒP,0,,,56,18,35
36201010002,3,s,ʒQ,0,,,35,16,17
36201010003,3,s,ʒR,0,,,31,28,2
362010110,2,s,,0,,,385,183,195
36201011000,3,s,,0,,,59,30,28
36201011003,3,s,R,0,,,326,153,167
362010120,2,s,F,0,,,240,145,73
36201012001,3,s,FP,0,,,57,26,27
36201012002,3,s,FQ,0,,,63,47,2
36201012003,3,s,FR,0,,,120,72,44
362010130,2,s,ʒ,0,,,103,65,35
36201013001,3,s,ʒP,0,,,70,36,31
36201013002,3,s,ʒQ,0,,,16,16,-
36201013003,3,s,ʒR,0,,,17,13,4
362010140,2,s,,0,,,269,109,150
36201014001,3,s,P,0,,,95,64,22
36201014002,3,s,Q,0,,,174,45,128
362010150,2,s,o,0,,,116,102,14
362010160,2,s,,0,,,165,110,48
36201016001,3,s,P,0,,,98,55,40
36201016002,3,s,Q,0,,,39,31,5
36201016003,3,s,R,0,,,28,24,3
362010170,2,s,o,0,,,69,40,26
362010180,2,s,S,0,,,14,12,1
362010190,2,s,{,0,,,52,9,40
362010200,2,s,ǂ,0,,,563,252,290
36201020001,3,s,ǂP,0,,,73,45,27
36201020002,3,s,ǂQ,0,,,51,34,17
36201020003,3,s,ǂR,0,,,181,61,114
36201020004,3,s,ǂS,0,,,102,63,36
36201020006,3,s,ǂU,0,,,156,49,96
362010210,2,s,a,0,,,1848,720,846
36201021001,3,s,aP,0,,,127,55,60
36201021002,3,s,aQ,0,,,99,64,23
36201021003,3,s,aR,0,,,147,85,61
36201021004,3,s,aS,0,,,89,40,46
36201021005,3,s,aT,0,,,85,58,25
36201021006,3,s,aU,0,,,317,162,137
36201021007,3,s,aV,0,,,426,118,225
36201021008,3,s,aW,0,,,558,138,269
362010220,2,s,h,0,,,291,103,182
36201022001,3,s,hP,0,,,36,22,12
36201022002,3,s,hQ,0,,,44,21,22
36201022003,3,s,hR,0,,,106,23,80
36201022004,3,s,hS,0,,,51,19,32
36201022005,3,s,hT,0,,,54,18,36
362010230,2,s,a,0,,,879,485,306
36201023001,3,s,aP,0,,,123,66,55
36201023002,3,s,aQ,0,,,319,168,122
36201023003,3,s,aR,0,,,120,84,35
36201023004,3,s,aS,0,,,171,81,43
36201023005,3,s,aT,0,,,146,86,51
362010240,2,s,㒬,0,,,438,135,174
36201024004,3,s,㒬S,0,,,55,20,34
36201024005,3,s,㒬T,0,,,227,69,36
36201024006,3,s,㒬U,0,,,156,46,104
362010250,2,s,쏺a,0,,,2696,863,1727
36201025001,3,s,쏺aP,0,,,156,9,139
36201025002,3,s,쏺aQ,0,,,147,15,109
36201025003,3,s,쏺aR,0,,,214,95,113
36201025004,3,s,쏺aS,0,,,673,253,402
36201025005,3,s,쏺aT,0,,,762,156,577
36201025006,3,s,쏺aU,0,,,324,97,217
36201025007,3,s,쏺aV,0,,,420,238,170
362010260,2,s,Hc,0,,,365,143,213
36201026001,3,s,HcP,0,,,15,14,1
36201026002,3,s,HcQ,0,,,89,32,56
36201026003,3,s,HcR,0,,,11,8,3
36201026004,3,s,HcS,0,,,143,39,97
36201026005,3,s,HcT,0,,,78,35,42
36201026006,3,s,HcU,0,,,29,15,14
362010270,2,s,Ɍ,0,,,301,134,158
36201027001,3,s,ɌP,0,,,34,13,20
36201027002,3,s,ɌQ,0,,,72,43,28
36201027003,3,s,ɌR,0,,,24,15,9
36201027004,3,s,ɌS,0,,,108,38,67
36201027005,3,s,ɌT,0,,,32,22,9
36201027006,3,s,ɌU,0,,,31,3,25
362010280,2,s,鏠,0,,,111,24,82
36201028004,3,s,鏠S,0,,,85,14,67
36201028005,3,s,鏠T,0,,,26,10,15
362010290,2,s,,0,,,77,40,35
36201029002,3,s,ʂQ,0,,,56,28,26
36201029003,3,s,ʂR,0,,,21,12,9
362010300,2,s,xcl,0,,,88,58,29
36201030001,3,s,xclP,0,,,71,55,15
36201030002,3,s,xclQ,0,,,17,3,14
36201030003,3,s,xclR,2,003003,,X,X,X
362010310,2,s,xc,0,,,978,489,472
36201031001,3,s,xcP,0,,,170,102,65
36201031002,3,s,xcQ,0,,,208,110,91
36201031003,3,s,xcR,0,,,165,84,80
36201031004,3,s,xcS,0,,,93,52,40
36201031005,3,s,xcT,0,,,148,44,104
36201031006,3,s,xcU,0,,,44,29,13
36201031007,3,s,xcV,0,,,70,38,32
36201031008,3,s,xcW,0,,,80,30,47
362010320,2,s,V,0,,,264,126,129
36201032001,3,s,VP,0,,,41,17,22
36201032002,3,s,VQ,0,,,86,51,30
36201032003,3,s,VR,0,,,55,38,15
36201032004,3,s,VS,0,,,82,20,62
362010330,2,s,񌬉,0,,,367,234,116
36201033001,3,s,񌬉P,0,,,56,52,4
36201033002,3,s,񌬉Q,0,,,15,11,4
36201033003,3,s,񌬉R,0,,,296,171,108
362010340,2,s,񌬉,0,,,79,32,45
36201034001,3,s,񌬉P,0,,,28,21,7
36201034002,3,s,񌬉Q,0,,,51,11,38
362010350,2,s,쒇V,0,,,141,75,57
36201035001,3,s,쒇VP,0,,,89,40,46
36201035002,3,s,쒇VQ,0,,,34,27,7
36201035004,3,s,쒇VS,0,,,18,8,4
362010360,2,s,񌬉,0,,,674,269,367
36201036001,3,s,񌬉P,0,,,208,75,129
36201036002,3,s,񌬉Q,0,,,63,35,27
36201036003,3,s,񌬉R,0,,,193,81,101
36201036004,3,s,񌬉_,0,,,91,33,38
36201036011,3,s,񌬉VJ,0,,,86,26,59
36201036014,3,s,񌬉Έ䗘,0,,,33,19,13
362010370,2,s,_,0,,,509,228,267
36201037001,3,s,_P,0,,,37,36,1
36201037002,3,s,_Q,0,,,116,42,71
36201037003,3,s,_R,0,,,134,66,64
36201037004,3,s,_S,0,,,21,12,8
36201037005,3,s,_T,0,,,72,35,36
36201037006,3,s,_U,0,,,129,37,87
362010380,2,s,,0,,,28,6,20
362010390,2,s,ɉ꒬,0,,,176,111,41
36201039002,3,s,ɉ꒬Q,0,,,61,32,11
36201039003,3,s,ɉ꒬R,0,,,59,33,24
36201039004,3,s,ɉ꒬S,0,,,56,46,6
362010400,2,s,哹,0,,,234,124,106
36201040001,3,s,哹P,0,,,68,61,6
36201040002,3,s,哹Q,0,,,81,37,43
36201040003,3,s,哹R,0,,,69,18,49
36201040004,3,s,哹S,0,,,16,8,8
362010410,2,s,,0,,,208,126,73
36201041001,3,s,P,0,,,22,18,-
36201041002,3,s,Q,0,,,45,24,19
36201041003,3,s,R,0,,,97,49,45
36201041004,3,s,S,0,,,44,35,9
362010420,2,s,|,0,,,106,97,7
36201042001,3,s,|P,0,,,43,37,5
36201042002,3,s,|Q,0,,,29,28,-
36201042003,3,s,|R,0,,,13,13,-
36201042004,3,s,|S,0,,,21,19,2
362010430,2,s,ĉ,0,,,99,81,14
36201043001,3,s,ĉP,0,,,38,33,4
36201043002,3,s,ĉQ,0,,,61,48,10
362010441,2,s,,0,,,27,21,-
362010442,2,s,,0,,,84,71,5
362010450,2,s,V,0,,,170,98,62
36201045001,3,s,VP,0,,,21,20,1
36201045002,3,s,VQ,0,,,75,36,34
36201045004,3,s,VS,0,,,74,42,27
362010460,2,s,D꒬,0,,,109,51,51
36201046003,3,s,D꒬R,0,,,78,22,49
36201046005,3,s,D꒬T,0,,,31,29,2
362010470,2,s,H,0,,,82,70,8
36201047001,3,s,HP,0,,,20,16,4
36201047004,3,s,HS,0,,,34,32,-
36201047005,3,s,HT,0,,,28,22,4
362010480,2,s,V,0,,,98,86,8
36201048001,3,s,VP,0,,,86,76,7
36201048002,3,s,VQ,0,,,12,10,1
362010490,2,s,D꒬,0,,,155,85,50
36201049001,3,s,D꒬P,0,,,24,20,1
36201049002,3,s,D꒬Q,0,,,131,65,49
362010500,2,s,H,0,,,40,29,9
36201050001,3,s,HP,0,,,20,13,6
36201050002,3,s,HQ,0,,,15,11,3
36201050003,3,s,HR,0,,,5,5,-
362010510,2,s,R蒬,0,,,93,55,34
36201051001,3,s,R蒬P,0,,,56,29,26
36201051002,3,s,R蒬Q,0,,,17,16,1
36201051003,3,s,R蒬R,0,,,20,10,7
362010520,2,s,V,0,,,28,19,7
36201052001,3,s,VP,0,,,16,10,5
36201052002,3,s,VQ,0,,,12,9,2
362010530,2,s,kÈԒ,0,,,301,179,113
362010540,2,s,kÓԒ,0,,,154,61,87
362010550,2,s,ÈԒ,0,,,456,279,166
362010560,2,s,ÓԒ,0,,,329,185,137
362010570,2,s,ÎOԒ,0,,,689,257,404
362010580,2,s,ÎlԒ,0,,,501,288,202
362010590,2,s,ÌܔԒ,0,,,358,199,148
362010600,2,s,ØZԒ,0,,,804,329,456
362010610,2,s,ÎԒ,0,,,375,144,221
362010620,2,s,ÔԒ,0,,,457,180,209
362010630,2,s,썲ÈԒ,0,,,84,78,4
362010640,2,s,썲ÓԒ,0,,,72,36,33
362010650,2,s,썲ÎOԒ,0,,,127,93,26
362010660,2,s,썲ÎlԒ,0,,,258,129,109
362010670,2,s,썲ÌܔԒ,0,,,231,81,105
362010680,2,s,썲ØZԒ,0,,,314,163,140
362010690,2,s,썲ÎԒ,0,,,350,182,152
362010700,2,s,썲ÔԒ,0,,,273,55,206
362010710,2,s,kO,0,,,2114,961,970
36201071001,3,s,kOP,0,,,416,121,281
36201071002,3,s,kOQ,0,,,554,243,251
36201071003,3,s,kOR,0,,,626,297,304
36201071004,3,s,kOS,0,,,518,300,134
362010720,2,s,O,0,,,1762,848,788
36201072001,3,s,OP,0,,,565,337,211
36201072002,3,s,OQ,0,,,627,259,321
36201072003,3,s,OR,0,,,570,252,256
362010730,2,s,t,0,,,1299,603,623
36201073001,3,s,tP,0,,,440,208,201
36201073002,3,s,tQ,0,,,477,241,218
36201073003,3,s,tR,0,,,382,154,204
362010740,2,s,kc{,0,,,2309,1082,1097
36201074001,3,s,kc{P,0,,,338,162,145
36201074002,3,s,kc{Q,0,,,983,463,453
36201074003,3,s,kc{R,0,,,632,257,348
36201074004,3,s,kc{S,0,,,356,200,151
362010750,2,s,c{,0,,,1256,598,624
36201075001,3,s,c{P,0,,,455,236,204
36201075002,3,s,c{Q,0,,,366,139,219
36201075003,3,s,c{R,0,,,144,83,56
36201075004,3,s,c{S,0,,,291,140,145
362010760,2,s,㏕C,0,,,534,256,271
36201076001,3,s,㏕Cgq,0,,,201,96,102
36201076002,3,s,㏕C,0,,,61,37,24
36201076003,3,s,㏕CO{,0,,,212,116,93
36201076004,3,s,㏕CV_,0,,,60,7,52
362010770,2,s,g쒬,0,,,413,262,122
36201077001,3,s,g쒬P,0,,,122,61,56
36201077002,3,s,g쒬Q,0,,,61,50,8
36201077003,3,s,g쒬R,0,,,230,151,58
362010780,2,s,kO쒬,0,,,477,285,174
36201078001,3,s,kO쒬P,0,,,54,31,21
36201078002,3,s,kO쒬Q,0,,,48,20,28
36201078003,3,s,kO쒬R,0,,,186,103,74
36201078004,3,s,kO쒬S,0,,,128,113,8
36201078005,3,s,kO쒬T,0,,,61,18,43
362010790,2,s,C,0,,,484,309,133
36201079001,3,s,CP,0,,,109,62,42
36201079002,3,s,CQ,0,,,78,52,25
36201079003,3,s,CR,0,,,165,86,47
36201079004,3,s,CS,0,,,132,109,19
36201079005,3,s,CT,0,,,-,-,-
362010800,2,s,C{,0,,,863,364,473
36201080001,3,s,C{P,0,,,125,54,67
36201080002,3,s,C{Q,0,,,150,42,106
36201080003,3,s,C{R,0,,,23,21,2
36201080004,3,s,C{S,0,,,119,48,68
36201080005,3,s,C{T,0,,,315,140,161
36201080006,3,s,C{U,0,,,60,26,32
36201080007,3,s,C{V,0,,,71,33,37
362010810,2,s,C,0,,,154,72,80
36201081002,3,s,CQ,0,,,37,18,19
36201081003,3,s,CR,0,,,117,54,61
362010820,2,s,O쒬,0,,,835,424,355
36201082001,3,s,O쒬P,0,,,137,58,77
36201082002,3,s,O쒬Q,0,,,102,72,28
36201082003,3,s,O쒬R,0,,,76,10,65
36201082004,3,s,O쒬S,0,,,124,34,78
36201082005,3,s,O쒬T,0,,,396,250,107
362010830,2,s,g쒬,0,,,1202,537,540
36201083001,3,s,g쒬P,0,,,245,158,82
36201083002,3,s,g쒬Q,0,,,98,51,27
36201083003,3,s,g쒬R,0,,,546,185,281
36201083004,3,s,g쒬S,0,,,313,143,150
362010840,2,s,O쒬,0,,,397,248,140
36201084002,3,s,O쒬Q,0,,,201,136,61
36201084003,3,s,O쒬R,0,,,72,48,24
36201084004,3,s,O쒬S,0,,,68,45,22
36201084005,3,s,O쒬T,0,,,56,19,33
362010850,2,s,g{,0,,,593,312,238
36201085002,3,s,g{Q,0,,,43,25,14
36201085003,3,s,g{R,0,,,35,12,23
36201085004,3,s,g{S,0,,,35,18,14
36201085005,3,s,g{T,0,,,66,51,12
36201085006,3,s,g{U,0,,,414,206,175
362010860,2,s,kO,0,,,470,93,361
36201086001,3,s,kOP,0,,,12,7,5
36201086002,3,s,kOQ,0,,,252,33,211
36201086003,3,s,kOR,0,,,206,53,145
362010870,2,s,O,0,,,928,142,667
36201087001,3,s,OP,0,,,196,37,151
36201087002,3,s,OQ,0,,,196,29,125
36201087003,3,s,OR,0,,,536,76,391
362010880,2,s,g쒬,0,,,603,193,374
36201088001,3,s,g쒬P,0,,,288,111,153
36201088002,3,s,g쒬Q,0,,,142,12,128
36201088003,3,s,g쒬R,0,,,173,70,93
362010890,2,s,O,0,,,407,75,304
36201089001,3,s,OP,0,,,195,15,163
36201089003,3,s,OR,0,,,212,60,141
362010900,2,s,Zg,0,,,4308,1708,2432
36201090001,3,s,ZgP,0,,,1066,412,616
36201090002,3,s,ZgQ,0,,,761,287,433
36201090003,3,s,ZgR,0,,,774,267,478
36201090004,3,s,ZgS,0,,,1179,425,715
36201090005,3,s,ZgT,0,,,249,116,121
36201090006,3,s,ZgU,0,,,279,201,69
362010910,2,s,铌,0,,,941,333,194
36201091001,3,s,铌P,0,,,460,209,105
36201091002,3,s,铌Q,0,,,481,124,89
362010920,2,s,,0,,,1092,471,489
36201092001,3,s,P,0,,,634,344,193
36201092002,3,s,Q,0,,,458,127,296
362010930,2,s,,0,,,845,498,262
36201093001,3,s,P,0,,,313,155,127
36201093002,3,s,Q,0,,,316,237,55
36201093003,3,s,R,0,,,216,106,80
362010940,2,s,a,0,,,348,200,141
36201094001,3,s,aP,0,,,231,138,86
36201094002,3,s,aQ,0,,,117,62,55
362010950,2,s,V앟,0,,,261,178,77
36201095001,3,s,V앟P,0,,,184,110,69
36201095002,3,s,V앟Q,0,,,77,68,8
362010960,2,s,L,0,,,2215,850,741
36201096001,3,s,LP,0,,,444,268,161
36201096002,3,s,LQ,0,,,173,101,68
36201096003,3,s,LR,0,,,243,109,125
36201096004,3,s,LS,0,,,1001,179,237
36201096005,3,s,LT,0,,,354,193,150
362010970,2,s,얖L,0,,,1009,639,333
362010980,2,s,,0,,,623,155,217
36201098001,3,s,P,0,,,389,73,102
36201098002,3,s,Q,0,,,234,82,115
362010990,2,s,kF,0,,,2045,1319,677
36201099001,3,s,kFP,0,,,755,595,142
36201099002,3,s,kFQ,0,,,420,241,169
36201099003,3,s,kFR,0,,,324,139,179
36201099004,3,s,kFS,0,,,546,344,187
362011000,2,s,쉫F,0,,,1353,953,366
36201100001,3,s,쉫FP,0,,,421,302,103
36201100002,3,s,쉫FQ,0,,,291,216,70
36201100003,3,s,쉫FR,0,,,348,232,110
36201100004,3,s,쉫FS,0,,,34,23,11
36201100005,3,s,쉫FT,0,,,259,180,72
362011010,2,s,ÓclV,0,,,191,126,50
362011020,2,s,Óc{,0,,,1167,784,349
36201102001,3,s,Óc{P,0,,,171,141,25
36201102002,3,s,Óc{Q,0,,,131,105,24
36201102003,3,s,Óc{R,0,,,283,147,127
36201102004,3,s,Óc{S,0,,,267,176,82
36201102005,3,s,Óc{T,0,,,315,215,91
362011030,2,s,Óc,0,,,1341,888,262
36201103001,3,s,ÓcP,0,,,403,320,78
36201103002,3,s,ÓcQ,0,,,287,249,15
36201103003,3,s,ÓcR,0,,,273,133,59
36201103004,3,s,ÓcS,0,,,378,186,110
362011040,2,s,ÓcCݒ,0,,,-,-,-
362011050,2,s,Óc,0,,,284,191,85
36201105001,3,s,ÓcP,0,,,162,107,50
36201105002,3,s,ÓcQ,0,,,122,84,35
362011060,2,s,Vl{,0,,,888,575,276
36201106001,3,s,Vl{P,0,,,328,184,128
36201106002,3,s,Vl{Q,0,,,66,58,8
36201106003,3,s,Vl{R,0,,,355,263,86
36201106004,3,s,Vl{S,0,,,139,70,54
362011070,2,s,Vl,0,,,1205,706,271
36201107001,3,s,VlP,0,,,319,150,34
36201107002,3,s,VlQ,0,,,386,203,102
36201107003,3,s,VlR,0,,,254,162,85
36201107004,3,s,VlS,0,,,246,191,50
362011080,2,s,Vl,0,,,1273,691,493
36201108001,3,s,VlP,0,,,909,491,334
36201108002,3,s,VlQ,0,,,364,200,159
362011090,2,s,≮,0,,,22,17,-
362011100,2,s,,0,,,7690,4948,2497
36201110001,3,s,璹,0,,,24,20,4
36201110002,3,s,,0,,,502,257,238
36201110003,3,s,,0,,,232,139,91
36201110004,3,s,{,0,,,39,33,6
36201110006,3,s,l,0,,,859,466,376
36201110008,3,s,ÉY,0,,,529,332,187
36201110009,3,s,ÎR,0,,,227,178,46
36201110010,3,s,ΎR,0,,,484,297,176
36201110011,3,s,璹,0,,,612,407,195
36201110013,3,s,@,0,,,400,237,152
36201110014,3,s,@ԒJ,0,,,305,198,96
36201110017,3,s,,0,,,48,43,5
36201110018,3,s,{,0,,,654,420,206
36201110019,3,s,R,0,,,148,124,23
36201110020,3,s,㕟,0,,,390,261,119
36201110021,3,s,,0,,,591,409,171
36201110022,3,s,`J,0,,,283,213,60
36201110025,3,s,{mJ,0,,,36,36,-
36201110026,3,s,,0,,,830,483,253
36201110027,3,s,VL,0,,,397,302,86
36201110029,3,s,R,0,,,28,28,-
36201110033,3,s,㒷J,0,,,18,18,-
36201110034,3,s,J,0,,,54,47,7
362011110,2,s,쒬,0,,,812,483,200
36201111001,3,s,쒬P,0,,,270,129,85
36201111002,3,s,쒬Q,0,,,278,151,63
36201111003,3,s,쒬R,0,,,169,140,25
36201111004,3,s,쒬S,0,,,95,63,27
362011120,2,s,l,0,,,259,49,206
36201112001,3,s,lP,0,,,54,31,23
36201112002,3,s,lQ,0,,,86,4,79
36201112003,3,s,lR,0,,,119,14,104
362011130,2,s,l,0,,,957,427,503
36201113002,3,s,l,0,,,111,51,59
36201113003,3,s,lk,0,,,320,124,181
36201113004,3,s,l,0,,,36,24,12
36201113006,3,s,lk,0,,,39,14,25
36201113010,3,s,l,0,,,70,27,43
36201113011,3,s,l,0,,,32,21,10
36201113012,3,s,l~,0,,,140,64,70
36201113014,3,s,lhJ,0,,,80,32,47
36201113015,3,s,lJ,0,,,129,70,56
362011140,2,s,l,0,,,609,75,525
36201114001,3,s,lP,0,,,157,18,137
36201114002,3,s,lQ,0,,,186,4,179
36201114003,3,s,lR,0,,,266,53,209
362011150,2,s,R钬,0,,,832,393,420
36201115001,3,s,R钬lT,0,,,720,380,328
36201115002,3,s,R钬lT,0,,,112,13,92
362011160,2,s,R鐼,0,,,847,125,689
36201116002,3,s,R鐼Q,0,,,444,56,379
36201116003,3,s,R鐼R,0,,,184,29,144
36201116004,3,s,R鐼S,0,,,219,40,166
362011170,2,s,,0,,,734,549,167
36201117001,3,s,򒬂P,0,,,405,311,84
36201117002,3,s,򒬂Q,0,,,329,238,83
362011180,2,s,kc,0,,,1013,353,330
36201118001,3,s,kcP,0,,,434,210,220
36201118002,3,s,kcQ,0,,,152,82,47
36201118003,3,s,kcR,0,,,427,61,63
362011190,2,s,{,0,,,321,75,240
36201119001,3,s,{P,2,119002,,X,X,X
36201119002,3,s,{Q,1,,119001,106,38,64
36201119003,3,s,{R,0,,,215,37,176
362011200,2,s,{,0,,,469,181,275
36201120001,3,s,{P,0,,,51,48,3
36201120002,3,s,{Q,0,,,348,92,245
36201120003,3,s,{R,0,,,70,41,27
362011210,2,s,,0,,,1523,647,787
36201121001,3,s,P,0,,,371,94,213
36201121002,3,s,Q,0,,,175,100,71
36201121003,3,s,R,0,,,178,62,107
36201121004,3,s,S,0,,,362,164,190
36201121005,3,s,T,0,,,437,227,206
362011220,2,s,c,0,,,1089,438,447
36201122001,3,s,cP,0,,,56,40,11
36201122002,3,s,cQ,0,,,334,88,237
36201122003,3,s,cR,0,,,267,116,75
36201122004,3,s,cS,0,,,432,194,124
362011230,2,s,쑠{,0,,,371,109,244
36201123001,3,s,쑠{P,0,,,108,12,90
36201123002,3,s,쑠{Q,0,,,48,29,11
36201123003,3,s,쑠{R,0,,,215,68,143
362011240,2,s,쏯,0,,,829,267,546
36201124001,3,s,쏯P,0,,,150,13,136
36201124002,3,s,쏯Q,0,,,168,56,105
36201124003,3,s,쏯R,0,,,255,54,200
36201124004,3,s,쏯S,0,,,99,63,34
36201124005,3,s,쏯T,0,,,157,81,71
362011250,2,s,,0,,,3937,2386,910
36201125001,3,s,P,0,,,1102,572,283
36201125002,3,s,Q,0,,,1879,1167,497
36201125003,3,s,R,0,,,956,647,130
362011260,2,s,sk,0,,,61,51,-
36201126001,3,s,skP,0,,,35,25,-
36201126002,3,s,skQ,0,,,26,26,-
362011270,2,s,s,0,,,207,203,1
36201127001,3,s,sP,0,,,88,86,-
36201127003,3,s,sR,0,,,43,41,1
36201127004,3,s,sS,0,,,76,76,-
362011280,2,s,s,0,,,688,212,17
36201128001,3,s,sP,0,,,69,17,-
36201128002,3,s,sQ,0,,,175,17,2
36201128003,3,s,sR,0,,,62,25,4
36201128004,3,s,sS,0,,,320,94,10
36201128005,3,s,sT,0,,,62,59,1
362011290,2,s,s{,0,,,154,81,2
36201129001,3,s,s{P,0,,,79,52,2
36201129002,3,s,s{Q,0,,,75,29,-
362011300,2,s,_,0,,,91,88,2
36201130002,3,s,_{m,0,,,18,16,2
36201130004,3,s,_,0,,,13,13,-
36201130005,3,s,_,0,,,60,59,-
362011310,2,s,_,0,,,194,176,17
36201131002,3,s,_,0,,,90,84,5
36201131003,3,s,_,0,,,61,56,5
36201131004,3,s,_m,0,,,43,36,7
362011320,2,s,_,0,,,327,206,10
36201132002,3,s,_,0,,,16,16,-
36201132004,3,s,_앣,0,,,31,31,-
36201132006,3,s,_k,0,,,115,13,-
36201132007,3,s,_,0,,,165,146,10
362011330,2,s,_Ð,0,,,1125,406,693
36201133001,3,s,_Ð쎚,0,,,56,46,9
36201133002,3,s,_Ð쎚^q,0,,,410,58,342
36201133003,3,s,_Ð쎚m,0,,,75,18,52
36201133004,3,s,_Ð쎚,0,,,129,106,21
36201133006,3,s,_Ð쎚䗘m,0,,,192,32,158
36201133007,3,s,_Ð쎚,0,,,216,104,107
36201133009,3,s,_Ð쎚k,0,,,4,-,4
36201133010,3,s,_Ð쎚{mO,0,,,43,42,-
362011341,2,s,_g,0,,,634,458,53
36201134101,3,s,_g,0,,,273,204,15
36201134102,3,s,_g,0,,,114,72,26
36201134105,3,s,_gLV,0,,,68,53,10
36201134106,3,s,_gc,0,,,53,38,-
36201134107,3,s,_gO{,0,,,23,21,1
36201134108,3,s,_gg,0,,,103,70,1
362011342,2,s,_,0,,,4,4,-
362011350,2,s,,0,,,6634,4442,1869
36201135001,3,s,{,0,,,377,233,130
36201135002,3,s,,0,,,245,207,29
36201135003,3,s,|,0,,,1246,554,619
36201135004,3,s,|{,0,,,125,59,12
36201135005,3,s,,0,,,511,450,45
36201135006,3,s,ΈΖ,0,,,136,89,42
36201135007,3,s,ΏZg,0,,,153,149,2
36201135009,3,s,ΌÓc,0,,,299,233,57
36201135010,3,s,Ύ{,0,,,158,90,66
36201135011,3,s,Ē,0,,,191,168,16
36201135013,3,s,xg,0,,,205,191,9
36201135014,3,s,,0,,,93,88,4
36201135015,3,s,{і,0,,,182,141,4
36201135016,3,s,{{Y,0,,,163,136,24
36201135017,3,s,{l,0,,,102,83,13
36201135018,3,s,ߓ,0,,,236,185,45
36201135020,3,s,],0,,,36,35,1
36201135021,3,s,],0,,,27,12,14
36201135022,3,s,]k,0,,,98,66,26
36201135023,3,s,,0,,,21,19,1
36201135024,3,s,,0,,,36,35,-
36201135026,3,s,,0,,,120,105,8
36201135027,3,s,,0,,,366,155,196
36201135028,3,s,叼,0,,,663,535,108
36201135029,3,s,k,0,,,273,96,172
36201135032,3,s,ʋ{,0,,,91,26,60
36201135033,3,s,ʋ{,0,,,205,85,109
36201135034,3,s,ʋ{k,0,,,58,4,54
36201135035,3,s,ʋ{,0,,,74,72,-
36201135036,3,s,ʋ{,0,,,144,141,3
362011360,2,s,J,0,,,573,481,79
36201136006,3,s,J,0,,,56,52,3
36201136011,3,s,J쌩,0,,,42,35,6
36201136013,3,s,JgtR,0,,,41,33,6
36201136014,3,s,JJ,0,,,70,67,1
36201136015,3,s,Jy,0,,,85,78,7
36201136016,3,s,JJ,0,,,184,147,33
36201136018,3,s,JV,0,,,95,69,23
362011370,2,s,匴,0,,,1922,1382,506
36201137004,3,s,匴_qR,0,,,26,26,-
36201137005,3,s,匴J,0,,,161,100,58
36201137006,3,s,匴_,0,,,115,64,48
36201137008,3,s,匴OU,0,,,148,112,33
36201137011,3,s,匴_q,0,,,-,-,-
36201137013,3,s,匴P,0,,,132,120,10
36201137014,3,s,匴rm,0,,,92,80,11
36201137015,3,s,匴rR,0,,,83,81,1
36201137016,3,s,匴P,0,,,125,70,52
36201137017,3,s,匴PێR,0,,,113,86,26
36201137019,3,s,匴]c,0,,,232,164,66
36201137027,3,s,匴{,0,,,191,97,90
36201137034,3,s,匴뒬n,0,,,245,145,92
36201137035,3,s,匴,0,,,259,237,19
362011380,2,s,叼,0,,,173,157,13
36201138009,3,s,叼m,0,,,60,58,1
36201138012,3,s,叼v,0,,,113,99,12
362011390,2,s,㒬,0,,,410,399,5
36201139005,3,s,㒬J,0,,,61,59,1
36201139017,3,s,㒬XJ,0,,,88,87,1
36201139018,3,s,㒬,0,,,48,45,2
36201139024,3,s,㒬nz,0,,,80,78,-
36201139028,3,s,㒬ZE,0,,,57,57,-
36201139033,3,s,㒬ߓ,0,,,40,38,1
36201139037,3,s,㒬Mː,0,,,36,35,-
362011400,2,s,蒬,0,,,543,409,125
36201140002,3,s,蒬,0,,,116,88,27
36201140004,3,s,蒬O~n,0,,,67,51,15
36201140009,3,s,蒬~n,0,,,79,33,44
36201140010,3,s,蒬~n,0,,,20,20,-
36201140011,3,s,蒬{,0,,,176,140,33
36201140012,3,s,蒬,0,,,37,36,-
36201140014,3,s,蒬R,0,,,48,41,6
362011410,2,s,kR,0,,,196,185,4
36201141002,3,s,kROn,0,,,48,46,-
36201141010,3,s,kRKT,0,,,42,40,1
36201141014,3,s,kR,0,,,65,62,2
36201141017,3,s,kRcK,0,,,41,37,1
362011420,2,s,G꒬,0,,,105,89,8
362011430,2,s,O,0,,,419,315,98
362011440,2,s,{꒬,0,,,1129,756,178
36201144001,3,s,{꒬ߓ,0,,,187,90,2
36201144004,3,s,{꒬J,0,,,249,116,45
36201144005,3,s,{꒬J,0,,,273,202,67
36201144006,3,s,{꒬J,0,,,123,105,17
36201144007,3,s,{꒬{,0,,,242,190,47
36201144008,3,s,{꒬EqJ,0,,,55,53,-
362011450,2,s,_c,0,,,852,608,230
36201145002,3,s,_c{Y,0,,,76,49,25
36201145003,3,s,_c{Y,0,,,244,145,95
36201145004,3,s,_c{Y,0,,,331,263,64
36201145005,3,s,_cJ,0,,,69,61,8
36201145007,3,s,_cJ,0,,,65,44,18
36201145008,3,s,_c_c,0,,,37,17,20
36201145009,3,s,_c],0,,,30,29,-
362011460,2,s,ђJ,0,,,217,200,2
36201146006,3,s,ђJ,1,,146017,32,31,-
36201146009,3,s,ђJ|,0,,,22,21,-
36201146015,3,s,ђJ{J,0,,,44,32,1
36201146017,3,s,ђJ㗢,2,146006,,X,X,X
36201146018,3,s,ђJ,0,,,57,57,-
36201146039,3,s,ђJ,1,,146050,62,59,1
36201146050,3,s,ђJc,2,146039,,X,X,X
362011470,2,s,a쒬,0,,,302,296,1
36201147002,3,s,a쒬ЎR,0,,,106,105,-
36201147003,3,s,a쒬쐅E,0,,,66,64,-
36201147010,3,s,a쒬{O,0,,,48,46,-
36201147012,3,s,a쒬@,0,,,40,39,1
36201147016,3,s,a쒬w,0,,,42,42,-
362011480,2,s,Z,0,,,938,898,23
36201148003,3,s,Za,0,,,64,60,2
36201148005,3,s,ZO,0,,,48,41,6
36201148011,3,s,Z,0,,,177,171,1
36201148012,3,s,Z,0,,,336,326,6
36201148014,3,s,Zs,0,,,-,-,-
36201148019,3,s,ZR[,0,,,36,36,-
36201148024,3,s,Z,0,,,277,264,8
362011490,2,s,Ɨǒ,0,,,399,379,6
36201149004,3,s,ƗǒrJ,0,,,51,51,-
36201149008,3,s,ƗǒHn,0,,,39,37,-
36201149010,3,s,ƗǒJ,0,,,37,34,-
36201149011,3,s,Ɨǒ,0,,,16,16,-
36201149016,3,s,Ɨǒ,0,,,47,47,-
36201149017,3,s,Ɨǒkn,0,,,34,31,3
36201149020,3,s,Ɨǒgc,0,,,72,65,2
36201149022,3,s,Ɨǒ,0,,,46,46,-
36201149023,3,s,Ɨǒ{m,0,,,57,52,1
362011500,2,s,,0,,,277,268,1
36201150001,3,s,,1,,150007,62,61,-
36201150004,3,s,,0,,,45,44,-
36201150007,3,s,q,2,150001,,X,X,X
36201150021,3,s,X,0,,,46,45,-
36201150024,3,s,FL,1,,150025,46,45,-
36201150025,3,s,,2,150024,,X,X,X
36201150028,3,s,vw,0,,,17,17,-
36201150036,3,s,,0,,,61,56,1
362011510,2,s,{,0,,,640,533,2
36201151004,3,s,{,0,,,157,130,2
36201151005,3,s,{,0,,,321,243,-
36201151006,3,s,{쒚,0,,,67,66,-
36201151013,3,s,{ЎR,0,,,95,94,-
362011520,2,s,㔪,0,,,2456,2244,51
36201152001,3,s,㔪R,0,,,1181,1128,30
36201152002,3,s,㔪c,0,,,68,68,-
36201152003,3,s,㔪Ԗ[,0,,,340,320,7
36201152004,3,s,㔪͓,0,,,99,97,1
36201152007,3,s,㔪,0,,,220,162,1
36201152008,3,s,㔪R,0,,,96,95,1
36201152009,3,s,㔪Lc,0,,,61,57,-
36201152010,3,s,㔪㒆,0,,,193,184,7
36201152011,3,s,㔪,0,,,113,52,2
36201152012,3,s,㔪k,0,,,39,36,2
36201152013,3,s,㔪쐼,0,,,46,45,-
362011530,2,s,,0,,,79,70,-
362011540,2,s,c,0,,,505,403,-
36201154001,3,s,cVm,0,,,55,53,-
36201154003,3,s,cJ,0,,,12,12,-
36201154004,3,s,ct,0,,,59,58,-
36201154005,3,s,c},0,,,62,61,-
36201154007,3,s,cs^,0,,,57,56,-
36201154008,3,s,cm{,0,,,31,31,-
36201154009,3,s,cC,0,,,36,36,-
36201154010,3,s,cmc,0,,,44,43,-
36201154011,3,s,cv,0,,,149,53,-
362011550,2,s,{,0,,,668,587,68
362011560,2,s,{,0,,,133,132,-
362011570,2,s,{ω,0,,,548,390,136
362011580,2,s,{k≄,0,,,63,63,-
362011590,2,s,{{,0,,,1032,719,298
362011600,2,s,{,0,,,240,175,11
362011610,2,s,{,0,,,491,415,62
362011620,2,s,{≄,0,,,488,316,149
362011630,2,s,{,0,,,235,190,5
362011640,2,s,{ac,0,,,777,591,173
36201164001,3,s,{ac,0,,,256,187,67
36201164002,3,s,{ac|Y,0,,,84,75,8
36201164003,3,s,{acc,0,,,59,54,3
36201164004,3,s,{ac\,0,,,140,95,42
36201164006,3,s,{acܔc,0,,,85,81,2
36201164007,3,s,{ac,0,,,153,99,51
362011650,2,s,{rK,0,,,155,154,-
362011660,2,s,{,0,,,291,263,25
36201166000,3,s,{ˎV,0,,,69,53,16
36201166004,3,s,{ˎ쉮~,0,,,59,58,1
36201166005,3,s,{ˎk~,0,,,73,63,8
36201166010,3,s,{ˎm,0,,,90,89,-
362011670,2,s,{쌴c,0,,,71,64,3
362011680,2,s,{,0,,,65,63,-
362011690,2,s,{~n,0,,,87,80,5
362011700,2,s,{,0,,,36,36,-
362011710,2,s,{ԉ,0,,,125,106,13
362011720,2,s,{J,0,,,1094,986,89
362011730,2,s,{,0,,,112,106,-
362011740,2,s,{c,0,,,197,181,14
36201174001,3,s,{c,0,,,34,33,-
36201174002,3,s,{c|,0,,,50,37,13
36201174003,3,s,{cÐ,0,,,23,23,-
36201174005,3,s,{cm{,0,,,49,48,-
36201174006,3,s,{cpm,0,,,22,21,1
36201174007,3,s,{c{mk,0,,,19,19,-
362011750,2,s,{,0,,,475,216,8
362011760,2,s,{,0,,,77,62,14
36201176003,3,s,{ˎ_,0,,,28,28,-
36201176004,3,s,{ˎo,0,,,49,34,14
362011770,2,s,{Ō,0,,,504,425,19
36201177001,3,s,{Ō_y,0,,,67,56,-
36201177004,3,s,{Ō,0,,,108,83,10
36201177007,3,s,{Ō{,0,,,50,49,-
36201177008,3,s,{ŌV,0,,,105,101,4
36201177012,3,s,{Ōω,0,,,63,62,1
36201177013,3,s,{Ō_,0,,,66,30,4
36201177014,3,s,{Ō{m{,0,,,23,22,-
36201177015,3,s,{ŌŌ,0,,,22,22,-
362011780,2,s,{c,0,,,185,163,17
36201178001,3,s,{cT,0,,,49,47,-
36201178002,3,s,{cT,0,,,48,46,1
36201178003,3,s,{cT,0,,,88,70,16
362011790,2,s,F,0,,,-,-,-
36201179001,3,s,FP,0,,,-,-,-
36201179002,3,s,FQ,0,,,-,-,-
362011800,2,s,쓇c,0,,,853,330,397
36201180001,3,s,쓇cP,0,,,62,41,20
36201180002,3,s,쓇cQ,0,,,349,96,241
36201180003,3,s,쓇cR,0,,,137,64,52
36201180004,3,s,쓇cS,0,,,305,129,84
36202,1,s,,0,,,22799,17044,4528
362020010,2,s,{,0,,,9185,6314,2497
36202001001,3,s,{֓c,0,,,1277,877,367
36202001002,3,s,{l,0,,,1218,807,344
36202001003,3,s,{ؒ,0,,,1122,878,193
36202001004,3,s,{,0,,,1187,868,273
36202001005,3,s,{K,0,,,1074,598,396
36202001006,3,s,{K,0,,,809,445,349
36202001007,3,s,{,0,,,200,191,4
36202001008,3,s,{ٍV,0,,,358,282,66
36202001009,3,s,{kl,0,,,461,311,139
36202001010,3,s,{э,0,,,208,167,37
36202001011,3,s,{,0,,,1271,890,329
362020020,2,s,Y,0,,,1253,1108,55
36202002001,3,s,YY,0,,,1027,981,39
36202002002,3,s,Y,0,,,226,127,16
362020030,2,s,咬,0,,,3028,1739,1126
36202003001,3,s,咬yY,0,,,482,450,23
36202003002,3,s,咬,0,,,1916,931,850
36202003003,3,s,咬Oc,0,,,630,358,253
362020040,2,s,˒,0,,,1697,1527,101
36202004002,3,s,˒Y,0,,,351,333,2
36202004003,3,s,˒k,0,,,202,198,1
36202004004,3,s,˒_,0,,,1064,917,97
36202004005,3,s,˒哇c,0,,,22,22,-
36202004006,3,s,˒,0,,,12,12,-
36202004007,3,s,˒,0,,,11,11,-
36202004008,3,s,˒c,0,,,19,18,1
36202004009,3,s,˒c,0,,,16,16,-
362020050,2,s,Ò,0,,,2909,2071,529
36202005001,3,s,Ò,0,,,327,309,13
36202005002,3,s,ÒK,0,,,119,116,1
36202005003,3,s,Òi,0,,,84,80,3
36202005004,3,s,ÒO,0,,,55,52,2
36202005005,3,s,ÒؒÖ,0,,,654,423,212
36202005006,3,s,Ògi,0,,,721,471,237
36202005007,3,s,Òq,0,,,760,436,59
36202005008,3,s,Ò,0,,,166,161,2
36202005009,3,s,Ò],0,,,23,23,-
362020060,2,s,k咬,0,,,708,675,21
36202006002,3,s,k咬{,0,,,19,19,-
36202006003,3,s,k咬ܖ,0,,,256,229,19
36202006004,3,s,k咬hђJ,0,,,23,23,-
36202006005,3,s,k咬P,0,,,10,10,-
36202006006,3,s,k咬Y,0,,,54,53,1
36202006007,3,s,k咬c,0,,,150,147,1
36202006008,3,s,k咬,0,,,196,194,-
362020070,2,s,喃,0,,,4019,3610,199
36202007001,3,s,喃Pc,0,,,324,300,22
36202007002,3,s,喃J,0,,,548,483,36
36202007003,3,s,喃rJ,0,,,201,190,3
36202007004,3,s,喃,0,,,67,56,9
36202007005,3,s,喃,0,,,81,77,4
36202007006,3,s,喃,0,,,115,107,8
36202007007,3,s,喃nl,0,,,141,133,8
36202007008,3,s,喃nl,0,,,32,30,1
36202007009,3,s,喃nl,0,,,33,33,-
36202007010,3,s,喃s,0,,,382,310,68
36202007021,3,s,喃O,0,,,765,652,16
36202007022,3,s,喃,0,,,799,774,18
36202007023,3,s,喃,0,,,277,261,4
36202007024,3,s,喃Î,0,,,53,52,1
36202007025,3,s,喃,0,,,105,94,-
36202007026,3,s,喃O,0,,,96,58,1
36203,1,s,,0,,,15034,11371,2660
362030010,2,s,,0,,,1514,1109,347
36203001001,3,s,c,0,,,9,9,-
36203001002,3,s,x,0,,,5,5,-
36203001003,3,s,{,0,,,32,12,19
36203001004,3,s,,0,,,56,40,14
36203001005,3,s,,0,,,67,37,30
36203001006,3,s,J,0,,,257,188,64
36203001007,3,s,̓c,0,,,10,3,6
36203001008,3,s,었,0,,,23,6,-
36203001009,3,s,Ҋc,0,,,35,1,15
36203001010,3,s,kl,0,,,380,282,90
36203001011,3,s,,0,,,105,78,27
36203001012,3,s,nm{,0,,,146,126,17
36203001013,3,s,,0,,,10,10,-
36203001014,3,s,䗘m,0,,,29,22,6
36203001015,3,s,䗘m,0,,,72,63,9
36203001016,3,s,OJ,0,,,36,32,4
36203001017,3,s,V`,0,,,154,113,40
36203001018,3,s,kJ,0,,,27,24,3
36203001019,3,s,OJ,1,,001020,61,58,3
36203001020,3,s,ԟ,2,001019,,X,X,X
36203001021,3,s,,0,,,-,-,-
362030020,2,s,_c,0,,,360,251,106
362030030,2,s,,0,,,245,205,29
362030040,2,s,x쒬,0,,,83,70,13
362030050,2,s,쏬,0,,,220,182,31
362030060,2,s,{,0,,,1156,838,293
362030070,2,s,钬,0,,,1140,692,428
362030080,2,s,c쒬,0,,,531,445,72
36203008001,3,s,c쒬,0,,,-,-,-
36203008002,3,s,c쒬{,0,,,22,22,-
36203008003,3,s,c쒬c,0,,,45,45,-
36203008004,3,s,c쒬m,0,,,108,77,18
36203008005,3,s,c쒬ԐΓ,0,,,40,19,21
36203008006,3,s,c쒬ԐΓ,0,,,27,27,-
36203008007,3,s,c쒬{,0,,,101,75,26
36203008008,3,s,c쒬{,0,,,41,41,-
36203008009,3,s,c쒬{,0,,,24,24,-
36203008010,3,s,c쒬{m,0,,,35,35,-
36203008011,3,s,c쒬{,0,,,88,80,7
362030090,2,s,Ő,0,,,445,387,47
36203009001,3,s,ŐԊ,0,,,82,71,10
36203009002,3,s,Ő~,0,,,60,60,-
36203009003,3,s,ŐY,0,,,64,50,13
36203009004,3,s,Ő{mO,0,,,50,44,-
36203009005,3,s,Ő~,0,,,33,29,2
36203009006,3,s,ŐԊ,0,,,6,3,3
36203009007,3,s,Ő~,0,,,45,44,1
36203009008,3,s,ŐJ,0,,,46,39,6
36203009009,3,s,Ő{,0,,,59,47,12
362030100,2,s,J쒬,0,,,997,774,164
36203010001,3,s,J쒬䗝,0,,,36,30,6
36203010002,3,s,J쒬䗝,0,,,63,34,1
36203010003,3,s,J쒬{,0,,,259,232,25
36203010004,3,s,J쒬sn,0,,,129,89,37
36203010005,3,s,J쒬X~,0,,,45,44,-
36203010006,3,s,J쒬,0,,,100,46,54
36203010007,3,s,J쒬c,0,,,54,51,1
36203010008,3,s,J쒬,0,,,46,23,5
36203010009,3,s,J쒬jՓ,0,,,195,165,29
36203010010,3,s,J쒬O,0,,,10,8,2
36203010011,3,s,J쒬{,0,,,60,52,4
362030110,2,s,V,0,,,128,120,6
36203011001,3,s,V`,0,,,42,34,6
36203011002,3,s,VR,0,,,26,26,-
36203011003,3,s,V,0,,,32,32,-
36203011004,3,s,V,0,,,28,28,-
362030120,2,s,cY,0,,,701,633,60
36203012001,3,s,cYO,0,,,43,42,1
36203012002,3,s,cY{,0,,,29,28,1
36203012003,3,s,cYc,0,,,53,48,3
36203012004,3,s,cYq,0,,,23,23,-
36203012005,3,s,cYߗ,0,,,146,109,35
36203012006,3,s,cY,0,,,30,28,1
36203012007,3,s,cY_qm,0,,,54,54,-
36203012008,3,s,cYc,0,,,95,94,1
36203012009,3,s,cY,0,,,51,45,6
36203012010,3,s,cY,0,,,25,25,-
36203012011,3,s,cYk,0,,,37,26,9
36203012012,3,s,cY,0,,,56,54,2
36203012013,3,s,cY,0,,,59,57,1
36203012014,3,s,cYOR,0,,,-,-,-
362030130,2,s,O,0,,,137,135,1
36203013001,3,s,O{,0,,,23,23,-
36203013002,3,s,O쌴,0,,,12,12,-
36203013003,3,s,Ov,0,,,29,28,1
36203013004,3,s,O,0,,,44,43,-
36203013005,3,s,O쌴,0,,,29,29,-
362030140,2,s,]c,0,,,342,249,84
36203014001,3,s,]c~nO,0,,,77,74,1
36203014002,3,s,]cO,0,,,192,111,78
36203014003,3,s,]c]c,0,,,73,64,5
362030150,2,s,c,0,,,1509,951,500
36203015001,3,s,cL,0,,,136,104,32
36203015002,3,s,cy,0,,,53,28,24
36203015003,3,s,c,0,,,23,19,4
36203015004,3,s,c,0,,,35,19,15
36203015005,3,s,c,0,,,151,72,77
36203015006,3,s,crm,0,,,82,75,6
36203015007,3,s,cR,0,,,-,-,-
36203015008,3,s,cR,0,,,185,137,45
36203015009,3,s,cR,0,,,69,66,1
36203015010,3,s,ceJ,0,,,33,2,-
36203015011,3,s,clc,0,,,201,78,113
36203015012,3,s,clc,0,,,77,46,29
36203015014,3,s,cR,0,,,34,34,-
36203015015,3,s,cJ,0,,,31,18,12
36203015016,3,s,c,0,,,105,76,29
36203015017,3,s,cP,0,,,39,36,3
36203015018,3,s,c,0,,,42,32,10
36203015019,3,s,cJ,0,,,202,105,93
36203015020,3,s,cVJ,0,,,11,4,7
362030160,2,s,,0,,,925,420,146
36203016001,3,s,v,0,,,18,12,6
36203016002,3,s,Im{,0,,,21,15,-
36203016003,3,s,,0,,,274,28,103
36203016004,3,s,n,0,,,74,60,13
36203016005,3,s,,0,,,59,57,2
36203016006,3,s,O,0,,,87,69,4
36203016007,3,s,Lm{,0,,,187,68,13
36203016008,3,s,吣,0,,,38,18,2
36203016009,3,s,,0,,,134,62,2
36203016010,3,s,Oc,0,,,33,31,1
362030170,2,s,],0,,,585,522,41
36203017001,3,s,]cmY,0,,,26,26,-
36203017002,3,s,],0,,,41,37,4
36203017003,3,s,]{O,0,,,31,31,-
36203017004,3,s,]X,0,,,25,18,7
36203017005,3,s,]ᏼ,0,,,22,20,1
36203017006,3,s,]ᏼ,0,,,54,30,24
36203017007,3,s,],0,,,23,20,-
36203017008,3,s,],0,,,102,83,2
36203017009,3,s,]m,0,,,69,68,-
36203017010,3,s,]Lc,0,,,28,28,-
36203017011,3,s,]Lc,0,,,21,21,-
36203017012,3,s,]kc,0,,,19,16,3
36203017013,3,s,],0,,,25,25,-
36203017014,3,s,]R,0,,,33,33,-
36203017015,3,s,],0,,,34,34,-
36203017016,3,s,]c,0,,,32,32,-
362030180,2,s,,0,,,270,237,5
36203018000,3,s,,0,,,-,-,-
36203018001,3,s,,0,,,22,21,-
36203018002,3,s,,0,,,35,35,-
36203018003,3,s,vF,0,,,29,27,1
36203018004,3,s,P,0,,,44,43,-
36203018005,3,s,k,0,,,28,20,4
36203018006,3,s,c,0,,,29,28,-
36203018007,3,s,ߓc,0,,,20,20,-
36203018008,3,s,c,0,,,29,29,-
36203018009,3,s,k,0,,,34,14,-
36203018010,3,s,R,0,,,-,-,-
362030190,2,s,LY,0,,,-,-,-
362030200,2,s,acÊJ,0,,,23,19,4
36203020001,3,s,acÊJqKV,0,,,11,7,4
36203020002,3,s,acÊJ~m,0,,,12,12,-
362030210,2,s,ԐΒ,0,,,473,358,102
36203021000,3,s,ԐΒ,0,,,444,330,102
36203021001,3,s,ԐΒΏ,0,,,29,28,-
362030220,2,s,ђ,0,,,833,696,80
36203022001,3,s,ђgq,0,,,45,42,3
36203022002,3,s,ђ,0,,,136,130,5
36203022003,3,s,ђXm{,0,,,185,161,22
36203022004,3,s,ђ,0,,,221,182,38
36203022005,3,s,ђ,0,,,135,122,11
36203022006,3,s,ђ{,0,,,111,59,1
362030230,2,s,쒬,0,,,770,666,18
36203023001,3,s,쒬`̑,0,,,10,10,-
36203023002,3,s,쒬匴,0,,,32,32,-
36203023003,3,s,쒬m,0,,,31,31,-
36203023004,3,s,쒬_,0,,,37,37,-
36203023005,3,s,쒬_,0,,,46,46,-
36203023006,3,s,쒬,0,,,24,24,-
36203023007,3,s,쒬,0,,,25,24,-
36203023008,3,s,쒬o,0,,,40,36,-
36203023009,3,s,쒬_,0,,,19,18,1
36203023010,3,s,쒬v,0,,,18,17,-
36203023011,3,s,쒬,0,,,10,9,1
36203023012,3,s,쒬,0,,,26,23,3
36203023013,3,s,쒬,0,,,17,16,-
36203023014,3,s,쒬,0,,,27,27,-
36203023015,3,s,쒬,0,,,22,22,-
36203023016,3,s,쒬,0,,,50,41,8
36203023017,3,s,쒬ז,0,,,31,31,-
36203023018,3,s,쒬R,0,,,29,25,1
36203023019,3,s,쒬Y,0,,,33,4,-
36203023020,3,s,쒬,0,,,43,43,-
36203023021,3,s,쒬ڍ,0,,,69,65,3
36203023022,3,s,쒬n,0,,,20,20,-
36203023023,3,s,쒬v,0,,,50,31,1
36203023024,3,s,쒬u@,0,,,11,11,-
36203023025,3,s,쒬~],0,,,50,23,-
36203023026,3,s,쒬~̂,0,,,-,-,-
362030240,2,s,ԐVc,0,,,378,338,36
362030250,2,s,ac,0,,,1269,1074,47
36203025001,3,s,acF[,0,,,-,-,-
36203025002,3,s,ac,0,,,205,201,1
36203025003,3,s,ac,0,,,72,72,-
36203025004,3,s,ac,0,,,71,63,7
36203025005,3,s,acl,0,,,149,93,-
36203025006,3,s,acl,0,,,50,49,-
36203025007,3,s,acȌ,0,,,36,36,-
36203025008,3,s,acOJ,0,,,22,21,-
36203025009,3,s,ac_,0,,,158,75,2
36203025010,3,s,acVJ,0,,,56,56,-
36203025011,3,s,acVJ,0,,,28,28,-
36203025012,3,s,ac_k,0,,,33,32,-
36203025013,3,s,ac˂̊,0,,,26,26,-
36203025014,3,s,accVc,0,,,363,322,37
36204,1,s,,0,,,26579,20814,3321
362040010,2,s,R[h0010̌v,0,,,4121,2707,1017
36204001000,3,s,xV,0,,,3300,2095,911
36204001001,3,s,ÒnVJ,0,,,821,612,106
362040020,2,s,R[h0020̌v,0,,,3960,2955,727
36204002000,3,s,ˌO{,0,,,3602,2600,725
36204002001,3,s,\ђ,0,,,198,197,1
36204002002,3,s,ђTCYq,0,,,160,158,1
362040030,2,s,,0,,,1007,795,33
362040040,2,s,K쒬,0,,,1287,1230,22
362040050,2,s,䒬,0,,,663,640,17
362040060,2,s,쒬,0,,,779,743,19
362040070,2,s,㒆,0,,,1657,1271,107
362040080,2,s,c,0,,,998,777,108
362040090,2,s,k,0,,,1000,731,120
362040100,2,s,֒,0,,,573,557,2
362040110,2,s,䒬,0,,,755,705,11
362040120,2,s,V쒬,0,,,1145,1081,16
362040130,2,s,߉쒬,0,,,64,52,10
362040140,2,s,߉쒬,0,,,69,67,2
362040150,2,s,߉쒬,0,,,147,94,52
362040160,2,s,߉쒬,0,,,105,94,10
362040170,2,s,߉쒬,0,,,532,321,197
362040180,2,s,߉쒬,0,,,70,58,12
362040190,2,s,߉쒬,0,,,418,300,69
362040200,2,s,߉쒬,0,,,50,50,-
362040210,2,s,߉쒬,0,,,248,183,2
362040220,2,s,߉쒬,0,,,92,92,-
362040230,2,s,߉쒬,0,,,758,533,150
362040240,2,s,߉쒬,0,,,134,133,1
362040250,2,s,߉쒬,0,,,130,130,-
362040260,2,s,߉쒬,0,,,65,50,15
362040270,2,s,߉쒬,0,,,324,168,3
362040280,2,s,߉쒬,0,,,83,79,2
362040290,2,s,߉쒬,0,,,97,96,-
362040300,2,s,߉쒬,0,,,162,155,6
362040310,2,s,߉쒬,0,,,102,57,45
362040320,2,s,߉쒬,0,,,72,56,16
362040330,2,s,߉쒬,0,,,59,57,-
362040340,2,s,߉쒬,0,,,-,-,-
362040350,2,s,߉쒬,0,,,82,82,-
362040360,2,s,߉쒬,0,,,88,85,2
362040370,2,s,HmY,0,,,1879,1269,124
36204037001,3,s,HmY{qc,0,,,76,61,15
36204037002,3,s,HmY{qŐ,0,,,62,50,11
36204037003,3,s,HmY{qm,0,,,38,38,-
36204037004,3,s,HmY{q{,0,,,30,30,-
36204037005,3,s,HmY{qw˓c,0,,,32,32,-
36204037006,3,s,HmY{qHmY,0,,,142,94,45
36204037007,3,s,HmY{qR,0,,,46,33,13
36204037008,3,s,HmYt,0,,,1093,584,31
36204037009,3,s,HmY{qm{,0,,,44,38,3
36204037010,3,s,HmY{q,0,,,58,58,-
36204037011,3,s,HmY{qc,0,,,36,36,-
36204037012,3,s,HmY{qY,0,,,28,21,6
36204037013,3,s,HmYt,0,,,194,194,-
362040380,2,s,HmY,0,,,1415,1108,295
36204038001,3,s,HmYm,0,,,68,64,4
36204038002,3,s,HmYi,0,,,65,44,21
36204038003,3,s,HmY,0,,,89,72,16
36204038004,3,s,HmYm,0,,,76,61,13
36204038005,3,s,HmYiJ,0,,,30,29,1
36204038006,3,s,HmYs,0,,,62,29,30
36204038007,3,s,HmY_,0,,,82,57,25
36204038008,3,s,HmYƂY,0,,,53,49,3
36204038009,3,s,HmY₽,0,,,119,84,33
36204038010,3,s,HmYȂ,0,,,75,38,37
36204038011,3,s,HmY,0,,,95,55,39
36204038012,3,s,HmYmzP,0,,,-,-,-
36204038013,3,s,HmYmzP,0,,,119,118,-
36204038014,3,s,HmY쌴,0,,,61,57,4
36204038015,3,s,HmYc,0,,,54,29,24
36204038016,3,s,HmYF,0,,,72,53,19
36204038017,3,s,HmY,0,,,54,30,24
36204038018,3,s,HmYgL,0,,,23,23,-
36204038019,3,s,HmYp,0,,,39,39,-
36204038020,3,s,HmYVmr,1,,038021,87,86,1
36204038021,3,s,HmY~^et,2,038020,,X,X,X
36204038022,3,s,HmYȂ,0,,,52,52,-
36204038023,3,s,HmYт킭,0,,,40,39,1
362040390,2,s,HmY,0,,,683,647,28
36204039001,3,s,HmYe{,0,,,29,26,3
36204039002,3,s,HmYeߒr,0,,,80,72,7
36204039003,3,s,HmYe_n,0,,,36,32,4
36204039004,3,s,HmYen,0,,,19,18,1
36204039005,3,s,HmYekN~,0,,,35,33,-
36204039006,3,s,HmYen,0,,,46,46,-
36204039007,3,s,HmYeWP,0,,,20,19,1
36204039008,3,s,HmYe,0,,,69,67,-
36204039009,3,s,HmYe,0,,,31,30,1
36204039010,3,s,HmYe{m,0,,,44,43,-
36204039011,3,s,HmYem{,0,,,41,39,-
36204039012,3,s,HmYe,0,,,30,30,-
36204039013,3,s,HmYemJ,0,,,203,192,11
362040400,2,s,HmY,0,,,107,106,-
36204040001,3,s,HmYÖяJ,0,,,25,25,-
36204040002,3,s,HmYÖюOS,0,,,33,32,-
36204040003,3,s,HmYÖёO{,0,,,23,23,-
36204040004,3,s,HmYÖё{,0,,,26,26,-
362040410,2,s,HmY,0,,,541,443,80
36204041001,3,s,HmYÏ{m,0,,,58,55,-
36204041002,3,s,HmYÏ{mO,0,,,35,35,-
36204041003,3,s,HmYÏq,0,,,83,49,21
36204041004,3,s,HmYÏ,0,,,59,59,-
36204041005,3,s,HmYÏ_m{,0,,,42,42,-
36204041006,3,s,HmYÏ哹m,0,,,70,64,6
36204041007,3,s,HmYÏÖ_,0,,,72,40,32
36204041008,3,s,HmYÏ،,0,,,80,66,13
36204041009,3,s,HmYÏ쌴,0,,,42,33,8
362040420,2,s,HmY,0,,,58,57,1
36205,1,gs,,0,,,15499,12368,1950
362050010,2,gs,,0,,,923,727,178
362050020,2,gs,,0,,,1002,640,275
362050030,2,gs,,0,,,1213,814,380
362050040,2,gs,,0,,,558,312,220
362050050,2,gs,,0,,,951,860,46
362050060,2,gs,,0,,,565,523,31
362050070,2,gs,,0,,,160,128,30
362050080,2,gs,,0,,,161,147,11
362050090,2,gs,,0,,,415,409,3
362050100,2,gs,,0,,,277,273,4
362050110,2,gs,,0,,,1148,919,117
362050120,2,gs,,0,,,292,273,9
362050130,2,gs,,0,,,1023,672,40
362050140,2,gs,쓇,0,,,1806,1456,231
362050150,2,gs,쓇,0,,,1004,814,59
362050160,2,gs,R쒬,0,,,1762,1529,119
362050170,2,gs,R쒬,0,,,1777,1452,189
362050180,2,gs,R쒬,0,,,66,63,3
362050190,2,gs,,0,,,118,93,2
362050200,2,gs,,0,,,104,101,1
362050210,2,gs,,1,,0220,174,163,2
362050220,2,gs,,2,0210,,X,X,X
36206,1,gs,,0,,,12832,11164,795
362060010,2,gs,g,0,,,1045,942,30
36206001001,3,gs,g\Pn,0,,,19,19,-
36206001002,3,gs,gq,0,,,74,74,-
36206001003,3,gs,gĐ,0,,,35,30,1
36206001004,3,gs,gkĐ,0,,,24,16,-
36206001005,3,gs,gRm_,0,,,32,32,-
36206001006,3,gs,gĐ,0,,,23,23,-
36206001007,3,gs,gkܖm,0,,,44,43,-
36206001008,3,gs,gܖm,0,,,103,101,2
36206001009,3,gs,g,0,,,43,40,1
36206001010,3,gs,gĐ,0,,,95,93,-
36206001011,3,gs,gj,0,,,59,57,2
36206001012,3,gs,g,0,,,83,72,4
36206001013,3,gs,g^,0,,,28,28,-
36206001014,3,gs,gێR,0,,,106,75,6
36206001015,3,gs,gk,0,,,40,39,1
36206001016,3,gs,g,0,,,32,32,-
36206001017,3,gs,gn,0,,,40,18,-
36206001018,3,gs,g,0,,,60,50,9
36206001019,3,gs,gɑc,0,,,26,22,4
36206001020,3,gs,g哹k,0,,,27,27,-
36206001021,3,gs,g,0,,,52,51,-
362060020,2,gs,g,0,,,1464,1269,74
36206002001,3,gs,g\Pn,0,,,43,43,-
36206002002,3,gs,g_,0,,,43,42,-
36206002003,3,gs,g~,0,,,69,69,-
36206002004,3,gs,g㉤,0,,,43,42,1
36206002005,3,gs,g,0,,,83,65,3
36206002006,3,gs,gv,0,,,40,40,-
36206002007,3,gs,gO{,0,,,46,44,2
36206002008,3,gs,gzPE,0,,,15,13,-
36206002009,3,gs,gm,0,,,96,62,6
36206002010,3,gs,gn,0,,,68,65,-
36206002011,3,gs,g,0,,,50,41,-
36206002013,3,gs,g,0,,,21,21,-
36206002014,3,gs,gkJ,0,,,33,33,-
36206002015,3,gs,gk,0,,,22,22,-
36206002016,3,gs,gq,0,,,28,28,-
36206002017,3,gs,g~,0,,,34,34,-
36206002018,3,gs,gܖ,0,,,33,28,5
36206002019,3,gs,g,0,,,57,50,7
36206002020,3,gs,gPn,0,,,26,26,-
36206002021,3,gs,g,0,,,42,38,4
36206002022,3,gs,g쌴,0,,,142,93,9
36206002023,3,gs,g쌴,0,,,48,33,-
36206002024,3,gs,g쌴,0,,,55,53,2
36206002025,3,gs,g,0,,,64,48,13
36206002026,3,gs,g쐮,0,,,28,28,-
36206002027,3,gs,g,0,,,30,27,2
36206002028,3,gs,g,0,,,67,54,11
36206002029,3,gs,g,0,,,46,37,8
36206002030,3,gs,gk,0,,,23,22,1
36206002031,3,gs,g,0,,,43,43,-
36206002032,3,gs,gA,0,,,26,25,-
362060030,2,gs,g,0,,,203,202,-
36206003001,3,gs,g,0,,,23,22,-
36206003002,3,gs,gkv,0,,,21,21,-
36206003003,3,gs,gv,0,,,7,7,-
36206003004,3,gs,gm,0,,,30,30,-
36206003005,3,gs,g,0,,,19,19,-
36206003006,3,gs,g~m،,0,,,51,51,-
36206003007,3,gs,gL,0,,,52,52,-
362060040,2,gs,g,0,,,1284,1161,72
36206004001,3,gs,gɑs,0,,,21,14,7
36206004002,3,gs,go,0,,,38,37,-
36206004003,3,gs,gRK,0,,,20,20,-
36206004004,3,gs,gɐ,0,,,30,28,2
36206004005,3,gs,gkm,0,,,36,36,-
36206004006,3,gs,gc,0,,,72,72,-
36206004007,3,gs,g{,0,,,120,111,8
36206004008,3,gs,g,0,,,57,40,17
36206004009,3,gs,g原Y,0,,,79,79,-
36206004010,3,gs,gl,0,,,21,21,-
36206004011,3,gs,gX,0,,,55,48,6
36206004012,3,gs,gn,0,,,82,38,5
36206004013,3,gs,gJk,0,,,31,30,1
36206004014,3,gs,gJ,0,,,34,34,-
36206004015,3,gs,g,0,,,30,30,-
36206004016,3,gs,g었,0,,,97,88,8
36206004017,3,gs,g었,0,,,75,73,-
36206004018,3,gs,g,0,,,118,107,10
36206004019,3,gs,gk,0,,,53,45,8
36206004020,3,gs,gJ,0,,,35,35,-
36206004021,3,gs,gM\,0,,,36,36,-
36206004022,3,gs,gn,0,,,21,21,-
36206004023,3,gs,g匴,0,,,25,25,-
36206004024,3,gs,g哹,0,,,52,52,-
36206004025,3,gs,gVJ,0,,,46,41,-
362060050,2,gs,s꒬J,0,,,134,131,1
362060060,2,gs,s꒬s,0,,,642,500,49
362060070,2,gs,s꒬,0,,,169,159,10
362060080,2,gs,s꒬,0,,,768,572,131
362060090,2,gs,s꒬喓,0,,,288,284,2
362060100,2,gs,s꒬었,0,,,413,379,24
362060110,2,gs,s꒬e,0,,,39,39,-
362060120,2,gs,s꒬JJ,0,,,132,117,3
362060130,2,gs,s꒬,0,,,90,84,1
362060140,2,gs,s꒬ؔ,0,,,179,173,1
362060150,2,gs,s꒬R,0,,,205,179,23
362060160,2,gs,s꒬쓇,0,,,271,196,14
362060170,2,gs,s꒬Ɍ,0,,,158,127,1
362060180,2,gs,s꒬,0,,,24,24,-
362060190,2,gs,s꒬,0,,,-,-,-
362060200,2,gs,s꒬,0,,,-,-,-
362060210,2,gs,y,0,,,202,201,1
362060220,2,gs,y{,0,,,256,224,19
362060230,2,gs,ygc,0,,,565,513,47
362060240,2,gs,yy,0,,,806,721,49
362060250,2,gs,yS,0,,,73,68,5
362060260,2,gs,y,0,,,219,205,13
362060270,2,gs,yYr,0,,,145,142,-
362060280,2,gs,yc,0,,,151,146,5
362060290,2,gs,yH,0,,,121,117,2
362060300,2,gs,g쒬܏,0,,,153,132,21
362060310,2,gs,g쒬,0,,,1504,1225,80
362060320,2,gs,g쒬`,0,,,1129,932,117
36207,1,ns,,0,,,11240,8922,1246
362070010,2,ns,,0,,,825,709,30
362070020,2,ns,R,0,,,507,463,6
362070030,2,ns,Ë{,0,,,50,50,-
362070040,2,ns,O,0,,,944,673,50
362070050,2,ns,؉,0,,,178,163,3
362070060,2,ns,؉,0,,,82,76,2
362070070,2,ns,؉,0,,,81,77,1
362070080,2,ns,n,0,,,1545,1297,104
362070090,2,ns,n,0,,,1184,1030,62
362070100,2,ns,e厚K,0,,,825,492,292
362070110,2,ns,e厚e,0,,,629,464,97
362070120,2,ns,e厚k,0,,,653,442,59
362070130,2,ns,e,0,,,3737,2986,540
36207013001,3,ns,eq,0,,,1005,649,285
36207013002,3,ns,e]],0,,,433,335,79
36207013003,3,ns,eԒJ,0,,,480,393,76
36207013004,3,ns,e,0,,,166,162,1
36207013005,3,ns,eԒJ,0,,,114,111,1
36207013006,3,ns,e,0,,,75,74,-
36207013007,3,ns,e,0,,,1227,1032,95
36207013008,3,ns,ei,0,,,237,230,3
36208,1,ODs,,0,,,11038,8825,1100
362080010,2,ODs,,0,,,178,175,2
362080020,2,ODs,Ζ{,0,,,241,208,14
362080030,2,ODs,,0,,,146,136,9
362080040,2,ODs,Ő,0,,,528,378,33
362080050,2,ODs,,0,,,233,223,4
362080060,2,ODs,R,0,,,265,246,8
362080070,2,ODs,C^m,0,,,93,62,9
362080080,2,ODs,Em,0,,,319,222,69
362080090,2,ODs,}`,0,,,485,299,140
362080100,2,ODs,T_,0,,,318,203,96
362080110,2,ODs,CP~i~,0,,,229,130,90
362080120,2,ODs,V},0,,,144,62,20
362080130,2,ODs,V}`,0,,,302,197,47
362080140,2,ODs,V},0,,,385,197,150
362080150,2,ODs,}_,0,,,159,123,25
362080160,2,ODs,nV,0,,,41,30,4
362080170,2,ODs,EgE,0,,,-,-,-
362080180,2,ODs,E}c,0,,,11,11,-
362080190,2,ODs,NEW,0,,,-,-,-
362080200,2,ODs,gEQ,0,,,85,62,10
362080210,2,ODs,T,0,,,-,-,-
362080220,2,ODs,,0,,,539,413,40
362080230,2,ODs,,0,,,86,84,1
362080240,2,ODs,Ð,0,,,13,13,-
362080250,2,ODs,,0,,,53,53,-
362080260,2,ODs,嗘,0,,,156,150,5
362080270,2,ODs,,0,,,133,131,2
362080280,2,ODs,,0,,,157,152,3
362080290,2,ODs,nH,0,,,241,225,15
362080300,2,ODs,n,0,,,599,550,26
362080310,2,ODs,R,0,,,190,175,4
362080320,2,ODs,B,0,,,598,384,133
362080330,2,ODs,,0,,,104,102,2
362080340,2,ODs,,0,,,256,190,8
362080350,2,ODs,Đ,0,,,103,98,4
362080360,2,ODs,A,0,,,69,69,-
362080370,2,ODs,Βn,0,,,174,157,1
362080380,2,ODs,V,0,,,110,106,4
362080390,2,ODs,,0,,,128,108,3
362080400,2,ODs,,0,,,90,87,3
362080410,2,ODs,,0,,,133,127,-
362080420,2,ODs,F,0,,,112,90,4
362080430,2,ODs,㖼,0,,,156,152,2
362080440,2,ODs,,0,,,116,88,2
362080450,2,ODs,,0,,,503,362,32
362080460,2,ODs,,0,,,509,391,56
362080470,2,ODs,,0,,,419,403,3
362080480,2,ODs,,0,,,90,85,1
362080490,2,ODs,,0,,,213,203,3
362080500,2,ODs,,0,,,236,195,10
362080510,2,ODs,,0,,,95,90,-
362080520,2,ODs,,0,,,118,102,2
362080530,2,ODs,,0,,,132,91,-
362080540,2,ODs,,0,,,123,123,-
362080550,2,ODs,,0,,,122,112,1
36301,1,YSY,,0,,,1846,1669,60
363010010,2,YSY,厚],0,,,408,367,18
363010020,2,YSY,厚p,0,,,145,104,5
363010030,2,YSY,厚,0,,,199,183,10
363010040,2,YSY,厚J,0,,,97,95,2
363010050,2,YSY,厚v,0,,,113,109,2
363010060,2,YSY,厚I,0,,,211,198,6
363010070,2,YSY,厚Ok,0,,,504,455,16
363010080,2,YSY,厚{,0,,,169,158,1
36302,1,YS㏟,,0,,,724,581,38
363020010,2,YS㏟,厚,0,,,220,171,26
363020020,2,YS㏟,厚T,0,,,133,108,2
363020030,2,YS㏟,厚,0,,,111,71,5
363020040,2,YS㏟,厚,0,,,111,101,4
363020050,2,YS㏟,厚,0,,,149,130,1
36321,1,S߉͓,,0,,,789,748,16
363210010,2,S߉͓,,0,,,476,457,9
363210020,2,S߉͓,,0,,,313,291,7
36341,1,SΈ䒬,,0,,,9225,7262,1296
363410010,2,SΈ䒬,Έ,0,,,4051,2755,817
36341001001,3,SΈ䒬,Έ䎚d,0,,,247,230,2
36341001002,3,SΈ䒬,Έ䎚m,0,,,674,356,88
36341001003,3,SΈ䒬,Έ䎚Έ,0,,,2577,1724,634
36341001004,3,SΈ䒬,Έ䎚,0,,,378,285,91
36341001005,3,SΈ䒬,Έ䎚,0,,,85,71,2
36341001006,3,SΈ䒬,Έ䎚J,0,,,90,89,-
363410020,2,SΈ䒬,Y,0,,,1161,1113,38
36341002001,3,SΈ䒬,YY,0,,,211,205,3
36341002002,3,SΈ䒬,YzK,0,,,237,232,2
36341002003,3,SΈ䒬,Y,0,,,168,167,-
36341002004,3,SΈ䒬,Y喜,0,,,87,84,3
36341002005,3,SΈ䒬,YY,0,,,458,425,30
363410030,2,SΈ䒬,,0,,,1117,1043,53
36341003001,3,SΈ䒬,,0,,,114,110,3
36341003002,3,SΈ䒬,,0,,,178,177,1
36341003003,3,SΈ䒬,,0,,,211,195,5
36341003004,3,SΈ䒬,rk,0,,,83,81,2
36341003005,3,SΈ䒬,,0,,,236,223,6
36341003006,3,SΈ䒬,K,0,,,136,120,15
36341003007,3,SΈ䒬,,0,,,122,121,-
36341003008,3,SΈ䒬,{,0,,,37,16,21
363410040,2,SΈ䒬,,0,,,1090,1047,30
36341004001,3,SΈ䒬,o~,0,,,166,164,-
36341004002,3,SΈ䒬,o~,0,,,173,168,4
36341004003,3,SΈ䒬,,0,,,486,460,19
36341004004,3,SΈ䒬,\,0,,,69,65,2
36341004005,3,SΈ䒬,,0,,,196,190,5
363410050,2,SΈ䒬,쌴,0,,,1806,1304,358
36341005001,3,SΈ䒬,쌴쓇,0,,,198,174,17
36341005002,3,SΈ䒬,쌴V_,0,,,197,170,21
36341005003,3,SΈ䒬,쌴쌴,0,,,1071,657,315
36341005004,3,SΈ䒬,쌴Ζ,0,,,138,107,4
36341005005,3,SΈ䒬,쌴,0,,,94,88,1
36341005006,3,SΈ䒬,쌴sy,0,,,108,108,-
36342,1,S_R,,0,,,2121,1877,70
363420010,2,S_R,_,0,,,548,478,29
363420020,2,S_R,㕪,0,,,219,205,8
363420030,2,S_R,,0,,,394,347,19
363420040,2,S_R,,0,,,722,621,11
363420050,2,S_R,SĖ,0,,,238,226,3
36368,1,߉S߉꒬,,0,,,3458,2993,98
363680010,2,߉S߉꒬,R,0,,,136,130,6
363680020,2,߉S߉꒬,aH,0,,,225,187,16
363680030,2,߉S߉꒬,aH,0,,,157,131,7
363680040,2,߉S߉꒬,y,0,,,71,48,10
363680050,2,߉S߉꒬,mF,0,,,118,73,25
363680060,2,߉S߉꒬,mF,0,,,186,174,6
363680070,2,߉S߉꒬,,0,,,116,102,2
363680080,2,߉S߉꒬,S,0,,,52,52,-
363680090,2,߉S߉꒬,SJ,0,,,12,12,-
363680100,2,߉S߉꒬,|PJ,0,,,16,16,-
363680101,2,߉S߉꒬,R,0,,,14,14,-
363680102,2,߉S߉꒬,[,0,,,24,23,1
363680103,2,߉S߉꒬,mJ,0,,,22,21,-
363680104,2,߉S߉꒬,,0,,,34,34,-
363680105,2,߉S߉꒬,|J,0,,,24,23,-
363680106,2,߉S߉꒬,nH,0,,,10,10,-
363680107,2,߉S߉꒬,J,0,,,36,24,1
363680108,2,߉S߉꒬,mJ,0,,,15,15,-
363680109,2,߉S߉꒬,,0,,,8,8,-
363680110,2,߉S߉꒬,,0,,,24,24,-
363680111,2,߉S߉꒬,,0,,,31,30,-
363680112,2,߉S߉꒬,,0,,,45,45,-
363680113,2,߉S߉꒬,,0,,,20,19,1
363680114,2,߉S߉꒬,m,0,,,15,15,-
363680115,2,߉S߉꒬,,0,,,-,-,-
363680116,2,߉S߉꒬,,0,,,201,157,9
363680117,2,߉S߉꒬,g,0,,,38,37,-
363680118,2,߉S߉꒬,Y,0,,,80,79,1
363680119,2,߉S߉꒬,,0,,,-,-,-
363680120,2,߉S߉꒬,Ԑ,0,,,14,14,-
363680121,2,߉S߉꒬,Y,0,,,22,18,-
363680122,2,߉S߉꒬,p,0,,,48,42,-
363680123,2,߉S߉꒬,v,0,,,102,91,3
363680124,2,߉S߉꒬,,0,,,50,48,1
363680125,2,߉S߉꒬,J,0,,,18,18,-
363680130,2,߉S߉꒬,J,0,,,20,20,-
363680140,2,߉S߉꒬,,0,,,22,21,-
363680150,2,߉S߉꒬,v,0,,,10,10,-
363680160,2,߉S߉꒬,J,0,,,35,25,-
363680170,2,߉S߉꒬,PPJ,0,,,6,6,-
363680180,2,߉S߉꒬,l,0,,,80,56,-
363680190,2,߉S߉꒬,,0,,,10,10,-
363680200,2,߉S߉꒬,w],0,,,5,5,-
363680210,2,߉S߉꒬,Ҋ,1,,0220,9,9,-
363680220,2,߉S߉꒬,,2,0210,,X,X,X
363680230,2,߉S߉꒬,q{,0,,,23,23,-
363680240,2,߉S߉꒬,^,0,,,-,-,-
363680250,2,߉S߉꒬,,0,,,7,7,-
363680260,2,߉S߉꒬,É,0,,,15,15,-
363680270,2,߉S߉꒬,[X,0,,,16,16,-
363680280,2,߉S߉꒬,얓,0,,,24,23,-
363680290,2,߉S߉꒬,,0,,,24,23,-
363680300,2,߉S߉꒬,{a,0,,,9,7,-
363680310,2,߉S߉꒬,PJ,0,,,6,6,-
363680320,2,߉S߉꒬,䏊J,0,,,45,34,1
363680330,2,߉S߉꒬,a,0,,,44,40,1
363680340,2,߉S߉꒬,J,0,,,102,80,1
363680350,2,߉S߉꒬,,0,,,46,46,-
363680360,2,߉S߉꒬,C,0,,,105,86,-
363680370,2,߉S߉꒬,ؓ,0,,,44,37,-
363680380,2,߉S߉꒬,ؓo,0,,,183,143,4
363680390,2,߉S߉꒬,ؓac,0,,,108,81,-
363680400,2,߉S߉꒬,ؓF,0,,,60,60,-
363680410,2,߉S߉꒬,ؓk,0,,,73,71,1
363680420,2,߉S߉꒬,ؓ܉F,0,,,70,60,-
363680430,2,߉S߉꒬,ؓF,0,,,37,33,-
363680440,2,߉S߉꒬,B,0,,,6,6,-
363680441,2,߉S߉꒬,Í],2,0442,,X,X,X
363680442,2,߉S߉꒬,ؓ,1,,0441;0456,15,15,-
363680443,2,߉S߉꒬,oH,0,,,22,22,-
363680444,2,߉S߉꒬,R,0,,,8,8,-
363680445,2,߉S߉꒬,B,0,,,94,78,-
363680446,2,߉S߉꒬,ؓ,0,,,30,22,-
363680450,2,߉S߉꒬,q,0,,,6,6,-
363680451,2,߉S߉꒬,쐬,0,,,8,8,-
363680452,2,߉S߉꒬,J,2,0454,,X,X,X
363680453,2,߉S߉꒬,,2,0454,,X,X,X
363680454,2,߉S߉꒬,J,1,,0452;0453,16,16,-
363680455,2,߉S߉꒬,|,0,,,31,25,1
363680456,2,߉S߉꒬,,2,0442,,X,X,X
363680457,2,߉S߉꒬,,0,,,-,-,-
363680458,2,߉S߉꒬,,0,,,-,-,-
36383,1,CS,,0,,,1836,1567,121
363830010,2,CS,厚͓,0,,,138,133,3
363830020,2,CS,厚쒷,0,,,207,168,26
363830030,2,CS,厚,0,,,670,505,49
363830040,2,CS,厚Ӑ,0,,,55,44,1
363830050,2,CS,厚,0,,,354,330,19
363830060,2,CS,厚Y,0,,,329,304,23
363830070,2,CS,厚,0,,,38,38,-
363830080,2,CS,厚k,0,,,45,45,-
36387,1,CSg,,0,,,2848,2436,163
363870010,2,CSg,,0,,,114,110,2
363870020,2,CSg,ua,0,,,90,83,5
363870030,2,CSg,R,0,,,184,177,5
363870040,2,CSg,̒n,0,,,194,163,4
363870050,2,CSg,R,0,,,138,137,1
363870060,2,CSg,؊,0,,,228,216,1
363870070,2,CSg,ɍ,0,,,34,20,7
363870080,2,CSg,`,0,,,37,30,2
363870090,2,CSg,c,0,,,60,60,-
363870100,2,CSg,ԏ,0,,,175,173,-
36387010001,3,CSg,ԏ,0,,,44,44,-
36387010002,3,CSg,ԏn,0,,,22,21,-
36387010003,3,CSg,ԏI,0,,,18,18,-
36387010004,3,CSg,ԏ~,0,,,14,14,-
36387010005,3,CSg,ԏ,0,,,12,12,-
36387010006,3,CSg,ԏ,0,,,13,12,-
36387010007,3,CSg,ԏc,0,,,33,33,-
36387010008,3,CSg,ԏY,0,,,11,11,-
36387010009,3,CSg,ԏ,0,,,8,8,-
363870110,2,CSg,b{l,0,,,52,48,4
36387011001,3,CSg,b{l,0,,,34,31,3
36387011002,3,CSg,b{lc,0,,,18,17,1
363870120,2,CSg,͓,0,,,774,592,66
36387012002,3,CSg,͓m,0,,,92,45,3
36387012003,3,CSg,͓,0,,,12,12,-
36387012004,3,CSg,͓PJ,0,,,188,122,15
36387012005,3,CSg,͓O,0,,,242,207,26
36387012006,3,CSg,ٍ͓V,0,,,86,69,13
36387012007,3,CSg,͓m,0,,,154,137,9
363870130,2,CSg,k͓,0,,,196,133,27
36387013001,3,CSg,k͓,0,,,23,22,-
36387013002,3,CSg,k͓k,0,,,21,21,-
36387013003,3,CSg,k͓v],0,,,23,23,-
36387013004,3,CSg,k͓o,0,,,13,13,-
36387013005,3,CSg,k͓{,0,,,116,54,27
363870140,2,CSg,͓,0,,,142,125,5
36387014001,3,CSg,͓,0,,,56,56,-
36387014002,3,CSg,͓cX,0,,,17,17,-
36387014003,3,CSg,͓OO,0,,,18,17,-
36387014004,3,CSg,͓,0,,,51,35,5
363870150,2,CSg,aY,0,,,329,271,31
363870160,2,CSg,R͓,0,,,101,98,3
36387016001,3,CSg,R͓Ȃ,0,,,28,27,1
36387016002,3,CSg,R͓z,0,,,4,4,-
36387016003,3,CSg,R͓,0,,,10,9,1
36387016004,3,CSg,R͓R,0,,,11,11,-
36387016005,3,CSg,R͓,0,,,29,28,1
36387016006,3,CSg,R͓{,0,,,19,19,-
36388,1,CSCz,,0,,,4031,3482,344
363880010,2,CSCz,nc,0,,,23,22,-
363880020,2,CSCz,g,0,,,60,59,1
363880030,2,CSCz,,0,,,63,41,5
363880040,2,CSCz,l,0,,,291,244,42
363880050,2,CSCz,嗢,0,,,883,697,132
363880060,2,CSCz,,0,,,34,33,1
363880070,2,CSCz,,0,,,73,71,2
363880080,2,CSCz,,0,,,123,122,-
363880090,2,CSCz,_,0,,,41,38,3
363880100,2,CSCz,ᏼ,0,,,27,27,-
363880110,2,CSCz,,0,,,418,385,14
363880120,2,CSCz,ۉY,0,,,208,200,3
363880130,2,CSCz,Y,0,,,247,202,29
363880140,2,CSCz,,0,,,37,33,-
363880150,2,CSCz,xc,0,,,18,15,-
363880160,2,CSCz,gc,0,,,18,16,-
363880170,2,CSCz,R,0,,,43,42,1
363880180,2,CSCz,,0,,,47,47,-
363880190,2,CSCz,,0,,,38,38,-
363880200,2,CSCz,],0,,,61,56,2
363880210,2,CSCz,,0,,,108,63,2
363880220,2,CSCz,厚Y,0,,,725,630,75
363880230,2,CSCz,厚䌴,0,,,98,84,12
363880240,2,CSCz,厚v,0,,,172,149,14
363880250,2,CSCz,厚,0,,,26,24,2
363880260,2,CSCz,厚H,0,,,37,37,-
363880270,2,CSCz,厚v,0,,,9,8,1
363880280,2,CSCz,厚J,0,,,13,13,-
363880290,2,CSCz,厚L,0,,,14,14,-
363880300,2,CSCz,厚p,0,,,25,22,2
363880310,2,CSCz,厚D,0,,,26,26,-
363880320,2,CSCz,厚[,0,,,25,24,1
36401,1,SΒ,,0,,,5618,3492,1339
364010010,2,SΒ,,0,,,86,81,4
364010020,2,SΒ,었,0,,,1374,969,177
36401002001,3,SΒ,었Ȃ,0,,,750,502,36
36401002002,3,SΒ,었{,0,,,471,345,116
36401002003,3,SΒ,었LJ,0,,,153,122,25
364010040,2,SΒ,L,0,,,1457,1025,383
364010060,2,SΒ,ؖ,0,,,1523,672,503
364010070,2,SΒ,,0,,,366,140,114
364010080,2,SΒ,Zg,0,,,411,235,144
364010090,2,SΒ,L,0,,,5,5,-
364010100,2,SΒ,,0,,,301,277,9
364010110,2,SΒ,L,0,,,95,88,5
36402,1,Sk,,0,,,8753,5923,2377
364020010,2,Sk,V었,0,,,695,664,23
364020020,2,Sk,Y{,0,,,313,258,46
364020030,2,Sk,k,0,,,1280,957,165
364020040,2,Sk,,0,,,2176,1517,582
364020050,2,Sk,[,0,,,856,580,233
364020060,2,Sk,]K,0,,,986,578,365
364020070,2,Sk,l,0,,,2447,1369,963
36403,1,SZ,,0,,,12986,8932,3272
364030010,2,SZ,,0,,,1753,1207,499
364030020,2,SZ,x,0,,,1310,790,230
364030030,2,SZ,,0,,,1438,923,483
364030040,2,SZ,xg,0,,,1398,888,483
364030050,2,SZ,,0,,,2237,1601,479
364030060,2,SZ,},0,,,555,366,159
364030070,2,SZ,Zg,0,,,1653,1263,332
364030080,2,SZ,,0,,,1788,1259,437
364030090,2,SZ,,0,,,854,635,170
36404,1,S쒬,,0,,,4834,3857,413
364040010,2,S쒬,,0,,,257,185,48
364040020,2,S쒬,ߓ,0,,,207,189,17
364040030,2,S쒬,,0,,,199,155,23
364040040,2,S쒬,,0,,,148,122,20
364040050,2,S쒬,J,0,,,56,51,3
364040060,2,S쒬,J,0,,,32,32,-
364040070,2,S쒬,,0,,,92,92,-
364040080,2,S쒬,c,0,,,380,322,6
364040090,2,S쒬,厛,0,,,1626,1151,176
364040100,2,S쒬,[,0,,,714,551,81
364040110,2,S쒬,Ï,0,,,128,104,22
364040120,2,S쒬,,0,,,73,73,-
364040130,2,S쒬,,0,,,312,272,5
364040140,2,S쒬,x,0,,,446,435,3
364040150,2,S쒬,v,0,,,164,123,9
36405,1,S,,0,,,4195,3616,256
364050010,2,S,_,0,,,935,687,23
364050020,2,S,,0,,,623,502,56
364050030,2,S,Ŗ{,0,,,249,222,22
364050040,2,S,,0,,,668,599,68
364050050,2,S,b艮,0,,,231,226,5
364050060,2,S,J,0,,,128,120,6
364050070,2,S,,0,,,390,368,8
364050080,2,S,,0,,,315,297,15
364050090,2,S,,0,,,213,203,7
364050100,2,S,,0,,,77,75,1
364050110,2,S,Z,0,,,88,79,8
364050120,2,S,Z,0,,,109,89,17
364050130,2,S,,0,,,126,106,20
364050140,2,S,\Vc,0,,,43,43,-
36468,1,nS邬,,0,,,3804,3160,253
364680010,2,nS邬,,0,,,1187,868,167
36468001001,3,nS邬,{,0,,,67,42,23
36468001002,3,nS邬,no,0,,,60,38,15
36468001003,3,nS邬,Y,0,,,112,94,16
36468001004,3,nS邬,,0,,,114,97,14
36468001005,3,nS邬,Y,0,,,146,100,21
36468001006,3,nS邬,,0,,,44,26,3
36468001007,3,nS邬,V,0,,,49,36,13
36468001008,3,nS邬,Oc,0,,,77,55,7
36468001009,3,nS邬,R,0,,,74,70,4
36468001010,3,nS邬,{,0,,,146,99,21
36468001011,3,nS邬,{,0,,,50,30,11
36468001012,3,nS邬,]me,0,,,62,48,9
36468001013,3,nS邬,{,0,,,139,88,8
36468001014,3,nS邬,,0,,,22,21,1
36468001015,3,nS邬,,0,,,25,24,1
364680020,2,nS邬,,0,,,243,193,7
36468002001,3,nS邬,c,0,,,171,122,7
36468002002,3,nS邬,c,0,,,38,37,-
36468002003,3,nS邬,mn,0,,,18,18,-
36468002004,3,nS邬,ē,0,,,16,16,-
364680030,2,nS邬,,0,,,380,371,4
36468003001,3,nS邬,YR,0,,,31,28,3
36468003002,3,nS邬,n,0,,,18,18,-
36468003003,3,nS邬,,0,,,24,24,-
36468003004,3,nS邬,̎qJk,0,,,16,16,-
36468003005,3,nS邬,R,0,,,11,11,-
36468003006,3,nS邬,̎qJ,0,,,21,21,-
36468003007,3,nS邬,F,0,,,12,12,-
36468003008,3,nS邬,؉,0,,,14,13,-
36468003009,3,nS邬,,0,,,65,60,1
36468003010,3,nS邬,,0,,,20,20,-
36468003011,3,nS邬,J,0,,,8,8,-
36468003012,3,nS邬,LJ,0,,,13,13,-
36468003013,3,nS邬,Ɖꓹ,0,,,25,25,-
36468003014,3,nS邬,Ɖꓹ,0,,,26,26,-
36468003015,3,nS邬,{,0,,,12,12,-
36468003016,3,nS邬,g,0,,,18,18,-
36468003017,3,nS邬,,0,,,9,9,-
36468003018,3,nS邬,Y,0,,,20,20,-
36468003019,3,nS邬,쌩,0,,,17,17,-
364680040,2,nS邬,F,0,,,14,14,-
364680050,2,nS邬,F,0,,,16,16,-
364680060,2,nS邬,F,0,,,101,69,5
364680070,2,nS邬,F,0,,,13,13,-
364680080,2,nS邬,F,0,,,-,-,-
364680090,2,nS邬,F,2,0110,,X,X,X
364680100,2,nS邬,F,2,0110,,X,X,X
364680110,2,nS邬,F,1,,0090;0100,5,5,-
364680120,2,nS邬,F,1,,0130,57,43,-
364680130,2,nS邬,F,2,0120,,X,X,X
364680140,2,nS邬,F,0,,,9,9,-
364680150,2,nS邬,F,0,,,10,9,1
364680160,2,nS邬,F,1,,0170,12,12,-
364680170,2,nS邬,F,2,0160,,X,X,X
364680180,2,nS邬,F,0,,,7,7,-
364680190,2,nS邬,F,1,,0200,11,11,-
364680200,2,nS邬,F,2,0190,,X,X,X
364680210,2,nS邬,F,0,,,9,9,-
364680220,2,nS邬,F,1,,0230,11,10,1
364680230,2,nS邬,F,2,0220,,X,X,X
364680240,2,nS邬,F,0,,,16,12,-
364680250,2,nS邬,F,0,,,10,6,3
364680260,2,nS邬,F,0,,,15,13,-
364680270,2,nS邬,F,1,,0280,8,8,-
364680280,2,nS邬,F,2,0270,,X,X,X
364680290,2,nS邬,F,0,,,14,10,-
364680300,2,nS邬,F,0,,,11,11,-
364680310,2,nS邬,F,0,,,8,8,-
364680320,2,nS邬,F,0,,,-,-,-
364680330,2,nS邬,F,0,,,8,8,-
364680340,2,nS邬,F,0,,,13,13,-
364680350,2,nS邬,F,1,,0360,10,10,-
364680360,2,nS邬,F,2,0350,,X,X,X
364680370,2,nS邬,F,0,,,11,11,-
364680380,2,nS邬,c,0,,,449,344,56
364680390,2,nS邬,c,0,,,378,327,3
364680400,2,nS邬,c,0,,,256,222,3
364680410,2,nS邬,c,0,,,75,73,2
364680420,2,nS邬,c,0,,,111,110,-
364680430,2,nS邬,c,0,,,158,148,1
364680440,2,nS邬,c,0,,,92,92,-
364680450,2,nS邬,c,0,,,76,75,-
36489,1,ODS݂悵,,0,,,5257,4186,759
364890010,2,ODS݂悵,,0,,,1154,906,157
364890020,2,ODS݂悵,R,0,,,189,187,1
364890030,2,ODS݂悵,,0,,,675,549,108
364890040,2,ODS݂悵,ѓc,0,,,102,100,-
364890050,2,ODS݂悵,,0,,,534,412,87
364890060,2,ODS݂悵,,0,,,719,574,67
364890070,2,ODS݂悵,,0,,,1884,1458,339
