KEY_CODE,HYOSYO,CITYNAME,NAME,HTKSYORI,HTKSAKI,GASSAN,T000852001,T000852002,T000852003
,,,,,,,ZɏZވʐ,,c؉
37201,1,s,,0,,,179559,113047,51888
372010010,2,s,,0,,,74,38,34
372010020,2,s,zn,0,,,420,175,225
372010030,2,s,㒬,0,,,929,393,482
37201003000,3,s,㒬,0,,,92,26,62
37201003001,3,s,㒬P,0,,,111,66,42
37201003002,3,s,㒬Q,0,,,408,172,209
37201003003,3,s,㒬R,0,,,318,129,169
372010040,2,s,⒬,0,,,46,26,18
372010050,2,s,c,0,,,163,90,68
372010060,2,s,֒,0,,,311,104,177
37201006001,3,s,֒P,0,,,68,30,31
37201006002,3,s,֒Q,0,,,243,74,146
372010070,2,s,,0,,,266,123,116
37201007001,3,s,P,0,,,112,39,63
37201007002,3,s,Q,0,,,154,84,53
372010080,2,s,Ôn꒬,0,,,61,38,23
372010090,2,s,V,0,,,31,28,-
372010100,2,s,V,0,,,63,47,15
372010110,2,s,H,0,,,104,44,59
372010120,2,s,SԒ,0,,,201,87,104
372010130,2,s,Ќ,0,,,168,110,51
372010140,2,s,߉,0,,,184,100,77
372010150,2,s,{,0,,,305,113,186
372010160,2,s,kl,0,,,224,133,85
372010170,2,s,,0,,,144,73,9
37201017001,3,s,P,2,017002,,X,X,X
37201017002,3,s,Q,1,,017001,137,71,4
37201017003,3,s,R,0,,,7,2,5
37201017004,3,s,S,0,,,-,-,-
37201017005,3,s,T,0,,,-,-,-
37201017006,3,s,U,0,,,-,-,-
372010180,2,s,l,0,,,58,23,35
372010190,2,s,铌,0,,,196,81,103
37201019001,3,s,铌P,0,,,120,46,64
37201019002,3,s,铌Q,0,,,76,35,39
372010200,2,s,V,0,,,-,-,-
372010210,2,s,ʒ,0,,,41,21,18
372010220,2,s,,0,,,165,46,104
372010230,2,s,L,0,,,233,130,85
372010240,2,s,,0,,,1932,982,826
37201024001,3,s,P,0,,,193,119,66
37201024002,3,s,Q,0,,,660,283,347
37201024003,3,s,R,0,,,569,278,252
37201024004,3,s,S,0,,,510,302,161
372010250,2,s,,0,,,1009,378,490
37201025001,3,s,P,0,,,497,204,260
37201025002,3,s,Q,0,,,512,174,230
372010260,2,s,,0,,,1514,740,588
37201026000,3,s,,0,,,129,26,5
37201026001,3,s,P,0,,,247,133,92
37201026002,3,s,Q,0,,,555,195,323
37201026003,3,s,R,0,,,583,386,168
372010270,2,s,꒬,0,,,894,465,386
37201027001,3,s,꒬P,0,,,122,81,38
37201027002,3,s,꒬Q,0,,,335,137,175
37201027003,3,s,꒬R,0,,,437,247,173
372010280,2,s,ԉ,0,,,901,405,342
37201028001,3,s,ԉP,0,,,378,186,165
37201028002,3,s,ԉQ,0,,,220,82,113
37201028003,3,s,ԉR,0,,,303,137,64
372010290,2,s,ό,0,,,265,87,167
37201029001,3,s,όʂP,0,,,181,65,106
37201029002,3,s,όʂQ,0,,,84,22,61
372010300,2,s,c,0,,,194,91,92
372010310,2,s,c,0,,,117,53,63
372010320,2,s,˒,0,,,1438,628,740
37201032000,3,s,˒,0,,,15,14,1
37201032001,3,s,˒P,0,,,501,231,256
37201032002,3,s,˒Q,0,,,551,262,269
37201032003,3,s,˒R,0,,,371,121,214
372010330,2,s,Iђ,0,,,1680,878,669
37201033001,3,s,IђP,0,,,563,354,182
37201033002,3,s,IђQ,0,,,760,342,340
37201033003,3,s,IђR,0,,,357,182,147
372010340,2,s,,0,,,1306,923,300
37201034001,3,s,P,0,,,796,566,177
37201034002,3,s,Q,0,,,510,357,123
372010350,2,s,㒬,0,,,932,620,158
37201035001,3,s,㒬P,0,,,471,325,119
37201035002,3,s,㒬Q,0,,,461,295,39
372010360,2,s,ԃm{,0,,,876,431,353
37201036001,3,s,ԃm{P,0,,,339,153,154
37201036002,3,s,ԃm{Q,0,,,342,171,119
37201036003,3,s,ԃm{R,0,,,195,107,80
372010370,2,s,V,0,,,1222,601,482
37201037001,3,s,VP,0,,,329,180,133
37201037002,3,s,VQ,0,,,462,190,179
37201037003,3,s,VR,0,,,431,231,170
372010380,2,s,Ē,0,,,74,56,12
372010390,2,s,V,0,,,184,57,105
372010400,2,s,V_O,0,,,282,171,76
372010410,2,s,,0,,,686,361,253
372010420,2,s,쒬,0,,,741,375,300
372010430,2,s,T,0,,,344,146,173
372010440,2,s,Ԓ,0,,,1236,706,409
37201044001,3,s,ԒP,0,,,117,94,13
37201044002,3,s,ԒQ,0,,,214,105,91
37201044003,3,s,ԒR,0,,,346,192,119
37201044004,3,s,ԒS,0,,,265,149,87
37201044005,3,s,ԒT,0,,,294,166,99
372010450,2,s,_,0,,,174,39,119
372010460,2,s,Vk,0,,,788,371,395
372010470,2,s,{e,0,,,2406,1008,1137
37201047001,3,s,{eP,0,,,1058,520,488
37201047002,3,s,{eQ,0,,,1348,488,649
372010480,2,s,,0,,,1573,661,610
37201048001,3,s,󒬂P,0,,,740,301,298
37201048002,3,s,󒬂Q,0,,,571,248,184
37201048003,3,s,󒬂R,0,,,262,112,128
372010490,2,s,,0,,,829,407,388
372010500,2,s,,0,,,619,315,287
372010510,2,s,˓,0,,,540,384,146
372010520,2,s,,0,,,1524,794,657
37201052001,3,s,P,0,,,825,502,295
37201052002,3,s,Q,0,,,353,144,173
37201052003,3,s,R,0,,,346,148,189
372010530,2,s,a,0,,,830,285,440
37201053001,3,s,aP,0,,,544,197,261
37201053002,3,s,aQ,0,,,286,88,179
372010540,2,s,K,0,,,-,-,-
372010550,2,s,ђ,0,,,1596,861,560
37201055001,3,s,ђP,0,,,915,520,291
37201055002,3,s,ђQ,0,,,681,341,269
372010561,2,s,lm,0,,,1967,1505,409
372010562,2,s,T|[g,0,,,-,-,-
372010570,2,s,ʑ,0,,,31,-,31
372010580,2,s,ۂ̓,0,,,289,183,80
372010590,2,s,,0,,,43,24,18
372010600,2,s,,1,,060001;060002,8,4,4
37201060001,3,s,P,2,0600,,X,X,X
37201060002,3,s,Q,2,0600,,X,X,X
372010610,2,s,̊ے,0,,,96,34,52
372010620,2,s,,0,,,193,80,83
372010630,2,s,ɒ,0,,,76,68,6
372010640,2,s,ÐV,0,,,205,87,98
372010650,2,s,,0,,,68,23,32
372010660,2,s,,0,,,22,18,3
372010670,2,s,b艮,0,,,42,10,26
372010680,2,s,ۋT,0,,,179,151,19
372010690,2,s,V,0,,,40,29,7
372010700,2,s,T䒬,0,,,89,36,48
372010710,2,s,ό,0,,,525,307,183
372010721,2,s,㕟,0,,,1585,845,659
37201072100,3,s,㕟,0,,,1450,761,616
37201072101,3,s,㕟,0,,,135,84,43
372010730,2,s,R,0,,,53,51,1
372010740,2,s,,0,,,219,107,99
372010750,2,s,V,0,,,518,374,122
372010760,2,s,n[,0,,,423,182,213
372010770,2,s,n[,0,,,440,198,222
372010780,2,s,,0,,,673,261,378
372010790,2,s,,0,,,588,268,123
372010800,2,s,t,0,,,628,240,67
372010810,2,s,g,0,,,836,393,351
372010820,2,s,c,0,,,1513,308,461
372010830,2,s,V_,0,,,925,179,573
372010840,2,s,O,0,,,2093,986,802
372010850,2,s,,0,,,1559,785,701
37201085000,3,s,,0,,,508,221,258
37201085001,3,s,P,0,,,598,333,242
37201085002,3,s,Q,0,,,453,231,201
372010860,2,s,꒬,0,,,2344,1160,1047
372010870,2,s,Β,0,,,3433,1724,1436
372010880,2,s,c,0,,,3325,1483,1578
372010890,2,s,c㒬,0,,,3029,1628,959
372010900,2,s,ؑ,0,,,13518,7506,4879
37201090001,3,s,ؑP,0,,,1281,767,451
37201090002,3,s,ؑQ,0,,,1950,1162,649
37201090003,3,s,ؑR,0,,,1182,528,345
37201090004,3,s,ؑS,0,,,771,484,234
37201090005,3,s,ؑT,0,,,255,134,111
37201090006,3,s,ؑU,0,,,2259,1139,858
37201090007,3,s,ؑV,0,,,2732,1481,1156
37201090008,3,s,ؑW,0,,,1381,822,510
37201090009,3,s,ؑX,0,,,1707,989,565
372010910,2,s,t,0,,,1784,1059,665
372010920,2,s,Vc,0,,,1610,1344,217
372010931,2,s,,0,,,5149,3453,1229
37201093100,3,s,,0,,,2443,1403,711
37201093101,3,s,,0,,,2706,2050,518
372010940,2,s,,0,,,1253,1065,158
372010950,2,s,,0,,,802,507,214
372010961,2,s,,0,,,6601,3503,1841
37201096100,3,s,,0,,,3776,1789,1161
37201096101,3,s,,0,,,2825,1714,680
372010970,2,s,Oc,0,,,493,388,87
372010980,2,s,Oc,0,,,910,537,191
372010990,2,s,Tc,0,,,469,356,98
372011000,2,s,R,0,,,1949,1005,667
372011010,2,s,R蒬,0,,,1967,992,645
372011020,2,s,c䒬,0,,,568,443,114
372011030,2,s,ђ,0,,,3456,1760,1490
372011040,2,s,Z,0,,,1047,742,279
372011050,2,s,ђ,0,,,791,523,244
372011060,2,s,OJ,0,,,1561,1340,195
372011070,2,s,쉺,0,,,1822,998,720
372011080,2,s,㒬,0,,,2697,1971,660
372011090,2,s,o쒬,0,,,535,372,153
372011101,2,s,R,0,,,3240,2182,930
37201110100,3,s,R,0,,,3163,2107,928
37201110101,3,s,R,0,,,77,75,2
372011110,2,s,O,0,,,500,249,240
372011120,2,s,p,0,,,745,523,148
372011130,2,s,,0,,,1270,945,294
372011140,2,s,{,0,,,1949,1440,418
372011150,2,s,䒬,0,,,1937,930,374
372011160,2,s,암,0,,,945,852,84
372011170,2,s,{,0,,,619,547,61
372011180,2,s,~,0,,,3145,2147,935
372011190,2,s,R蒬,0,,,847,674,161
372011200,2,s,h,0,,,1323,934,256
372011210,2,s,X,0,,,876,780,84
372011220,2,s,Ԓ,0,,,545,466,69
372011230,2,s,,0,,,1430,650,621
372011240,2,s,ߎs,0,,,2081,1299,705
372011250,2,s,ѓc,0,,,1009,747,107
372011260,2,s,S,0,,,499,345,136
372011270,2,s,S|,0,,,399,259,128
372011280,2,s,S,0,,,288,255,30
372011290,2,s,S,0,,,371,298,67
372011300,2,s,SR,0,,,155,150,5
372011310,2,s,SS,0,,,488,449,33
372011320,2,s,{,0,,,1260,737,438
372011330,2,s,,0,,,872,527,319
372011340,2,s,쒬,0,,,1093,683,348
372011350,2,s,,0,,,372,317,48
372011360,2,s,k,0,,,768,544,208
372011370,2,s,_ݐE,0,,,440,418,16
372011380,2,s,A,0,,,253,87,23
372011390,2,s,R,0,,,502,478,19
372011400,2,s,,0,,,483,422,53
372011410,2,s,T,0,,,386,378,7
372011420,2,s,ؒ,0,,,84,79,5
372011430,2,s,jؒ,0,,,90,82,6
372011440,2,s,Rǒ,0,,,1473,1067,343
372011450,2,s,쓇{,0,,,470,436,30
372011460,2,s,쓇,0,,,1715,1470,193
372011470,2,s,,0,,,742,446,273
372011480,2,s,Tc쒬,0,,,701,536,157
372011490,2,s,\쐼,0,,,981,777,192
372011500,2,s,\쓌,0,,,899,651,231
372011510,2,s,rc,0,,,293,286,2
372011520,2,s,Ac,0,,,372,367,3
372011530,2,s,Ac,0,,,628,619,4
372011540,2,s,,0,,,32,32,-
372011550,2,s,lmCT|[gn,0,,,-,-,-
372011560,2,s,],0,,,459,408,6
372011570,2,s,],0,,,141,139,1
372011580,2,s,]㓌,0,,,269,232,21
372011590,2,s,]㐼,0,,,163,152,8
372011600,2,s,璬,0,,,4078,2981,659
37201160000,3,s,璬,0,,,3786,2755,604
37201160001,3,s,璬,0,,,292,226,55
372011610,2,s,璬咬,0,,,1860,1580,246
372011620,2,s,璬,0,,,729,635,85
372011630,2,s,,0,,,1873,1780,66
372011640,2,s,쒬J,0,,,110,110,-
372011650,2,s,쒬,0,,,363,350,11
372011660,2,s,쒬쓌,0,,,1327,1184,129
372011670,2,s,쒬쓌,0,,,811,708,98
372011680,2,s,쒬,0,,,3261,2943,276
37201168000,3,s,쒬,0,,,3244,2930,276
37201168001,3,s,쒬,0,,,17,13,-
372011690,2,s,쒬,0,,,2578,1843,357
372011700,2,s,쒬,0,,,128,115,13
372011710,2,s,쒬,0,,,77,76,-
372011720,2,s,쒬g,0,,,277,246,8
372011730,2,s,쒬R,0,,,692,588,68
372011740,2,s,쒬,0,,,253,240,12
372011750,2,s,쒬,0,,,439,405,20
372011760,2,s,쒬,0,,,608,578,18
372011770,2,s,쒬r,0,,,293,286,4
372011780,2,s,V,0,,,2961,2166,683
372011790,2,s,V,0,,,1586,1382,184
372011800,2,s,,0,,,832,471,35
372011810,2,s,,0,,,1888,1641,224
372011820,2,s,,0,,,1801,1351,418
37202,1,ۋTs,,0,,,42824,30524,9452
372020010,2,ۋTs,ܒ,0,,,168,132,35
372020020,2,ۋTs,,0,,,83,64,18
372020030,2,ۋTs,ђ,0,,,61,53,2
372020040,2,ۋTs,ĉ,0,,,18,18,-
372020050,2,ۋTs,,0,,,6,2,1
372020060,2,ۋTs,,0,,,24,23,-
372020070,2,ۋTs,@Ò,0,,,5,5,-
372020080,2,ۋTs,R,0,,,273,134,135
372020090,2,ۋTs,`,0,,,6,6,-
372020100,2,ۋTs,ʒ,0,,,71,49,18
372020110,2,ۋTs,x,0,,,92,78,12
372020120,2,ۋTs,l,0,,,108,67,29
372020130,2,ۋTs,{,0,,,55,46,9
372020140,2,ۋTs,,0,,,245,120,114
372020150,2,ۋTs,V,0,,,43,13,30
372020160,2,ۋTs,O,0,,,48,44,2
372020170,2,ۋTs,,0,,,80,42,30
372020180,2,ۋTs,Ԓ,0,,,-,-,-
372020190,2,ۋTs,ZԒ,0,,,46,35,10
372020200,2,ۋTs,Ԓ,0,,,55,50,5
372020210,2,ۋTs,Ԓ,0,,,35,31,4
372020220,2,ۋTs,Ԓ,0,,,79,43,8
372020230,2,ۋTs,\Ԓ,0,,,106,57,8
372020240,2,ۋTs,쒬,0,,,186,116,37
372020250,2,ۋTs,Ò,0,,,1035,567,238
372020260,2,ۋTs,ÐX,0,,,1307,769,487
372020270,2,ۋTs,q,0,,,575,497,63
372020280,2,ۋTs,Ò,0,,,743,482,197
372020290,2,ۋTs,Vc,0,,,175,97,36
372020300,2,ۋTs,c,0,,,1494,937,473
372020310,2,ۋTs,Rk,0,,,1089,676,351
372020320,2,ۋTs,o,0,,,694,470,193
372020330,2,ۋTs,쐼k,0,,,1846,1238,568
372020340,2,ۋTs,쐼,0,,,759,482,226
372020351,2,ۋTs,y풬k,0,,,142,-,134
37202035101,3,ۋTs,y풬kP,0,,,67,-,61
37202035102,3,ۋTs,y풬kQ,0,,,75,-,73
372020352,2,ۋTs,y풬,0,,,3747,2014,1116
37202035201,3,ۋTs,y풬P,0,,,590,379,147
37202035202,3,ۋTs,y풬Q,0,,,163,91,72
37202035203,3,ۋTs,y풬R,0,,,267,199,44
37202035204,3,ۋTs,y풬S,0,,,425,199,144
37202035205,3,ۋTs,y풬T,0,,,658,263,142
37202035206,3,ۋTs,y풬U,0,,,265,123,140
37202035207,3,ۋTs,y풬V,0,,,651,444,185
37202035208,3,ۋTs,y풬W,0,,,565,242,157
37202035209,3,ۋTs,y풬X,0,,,163,74,85
372020353,2,ۋTs,y풬,0,,,1665,1098,518
37202035301,3,ۋTs,y풬P,0,,,238,193,40
37202035302,3,ۋTs,y풬Q,0,,,132,117,13
37202035303,3,ۋTs,y풬R,0,,,125,102,23
37202035304,3,ۋTs,y풬S,0,,,199,162,33
37202035305,3,ۋTs,y풬T,0,,,247,172,59
37202035306,3,ۋTs,y풬U,0,,,163,64,96
37202035307,3,ۋTs,y풬V,0,,,273,132,135
37202035308,3,ۋTs,y풬W,0,,,288,156,119
372020360,2,ۋTs,Sƒ,0,,,3493,2499,891
372020370,2,ۋTs,O,0,,,1539,1083,421
372020380,2,ۋTs,c,0,,,531,334,175
372020390,2,ۋTs,і쒬,0,,,884,681,190
372020400,2,ۋTs,і쒬,0,,,682,514,153
372020410,2,ۋTs,і쒬,0,,,218,183,32
372020420,2,ۋTs,,0,,,1987,1769,188
372020430,2,ۋTs,a,1,,0440,11,1,3
372020440,2,ۋTs,H,2,0430,,X,X,X
372020450,2,ۋTs,{},0,,,67,54,-
372020460,2,ۋTs,{,0,,,42,31,10
372020470,2,ۋTs,{b,0,,,5,5,-
372020480,2,ۋTs,{,0,,,49,48,1
372020490,2,ۋTs,{Y,0,,,7,7,-
372020500,2,ۋTs,{c,0,,,27,27,-
372020510,2,ۋTs,{Kl,1,,0520,9,8,-
372020520,2,ۋTs,{ml,2,0510,,X,X,X
372020530,2,ۋTs,,0,,,7,7,-
372020540,2,ۋTs,L,0,,,16,15,-
372020550,2,ۋTs,L]̉Y,0,,,23,22,1
372020560,2,ۋTs,L̉z,0,,,21,20,-
372020570,2,ۋTs,LbH,0,,,17,17,-
372020580,2,ۋTs,L,0,,,36,34,2
372020590,2,ۋTs,Ls,0,,,14,14,-
372020600,2,ۋTs,LΉY,0,,,16,15,-
372020610,2,ۋTs,L蓇,0,,,19,16,-
372020620,2,ۋTs,蓇,0,,,21,20,-
372020630,2,ۋTs,xm,0,,,409,214,93
37202063001,3,ۋTs,xmP,0,,,191,109,74
37202063002,3,ۋTs,xmQ,1,,063003,139,31,15
37202063003,3,ۋTs,xmR,2,063002,,X,X,X
37202063004,3,ۋTs,xmS,0,,,-,-,-
37202063005,3,ۋTs,xmT,0,,,79,74,4
372020640,2,ۋTs,^,0,,,-,-,-
372020650,2,ۋTs,y,0,,,607,417,180
37202065001,3,ۋTs,yP,0,,,167,111,54
37202065002,3,ۋTs,yQ,0,,,312,199,106
37202065003,3,ۋTs,yR,0,,,128,107,20
372020660,2,ۋTs,铌,0,,,727,379,214
37202066001,3,ۋTs,铌P,0,,,237,111,87
37202066002,3,ۋTs,铌Q,0,,,319,204,100
37202066003,3,ۋTs,铌R,0,,,171,64,27
372020670,2,ۋTs,䋟,0,,,371,267,99
37202067001,3,ۋTs,䋟P,0,,,138,104,31
37202067002,3,ۋTs,䋟Q,0,,,233,163,68
372020680,2,ۋTs,kR,0,,,254,166,63
37202068001,3,ۋTs,kRP,0,,,75,64,9
37202068002,3,ۋTs,kRQ,0,,,179,102,54
372020690,2,ۋTs,{,0,,,340,197,125
37202069001,3,ۋTs,{P,0,,,143,79,58
37202069002,3,ۋTs,{Q,0,,,197,118,67
372020700,2,ۋTs,K,0,,,179,114,58
37202070001,3,ۋTs,KP,0,,,54,49,5
37202070002,3,ۋTs,KQ,0,,,125,65,53
372020710,2,ۋTs,ccn,0,,,208,-,5
372020720,2,ۋTs,鐼,0,,,200,140,55
37202072001,3,ۋTs,鐼P,0,,,101,58,40
37202072002,3,ۋTs,鐼Q,0,,,99,82,15
372020730,2,ۋTs,{,0,,,924,735,168
37202073001,3,ۋTs,{P,0,,,229,187,36
37202073002,3,ۋTs,{Q,0,,,141,130,8
37202073003,3,ۋTs,{R,0,,,194,135,51
37202073004,3,ۋTs,{S,0,,,171,120,51
37202073005,3,ۋTs,{T,0,,,189,163,22
372020740,2,ۋTs,Vl,0,,,251,173,55
37202074001,3,ۋTs,VlP,0,,,100,59,36
37202074002,3,ۋTs,VlQ,0,,,151,114,19
372020750,2,ۋTs,O,0,,,316,238,74
37202075001,3,ۋTs,OP,0,,,190,126,60
37202075002,3,ۋTs,OQ,0,,,126,112,14
372020760,2,ۋTs,,0,,,1001,541,193
37202076001,3,ۋTs,P,0,,,72,37,13
37202076002,3,ۋTs,Q,0,,,262,158,33
37202076003,3,ۋTs,R,0,,,237,131,104
37202076004,3,ۋTs,S,0,,,95,79,14
37202076005,3,ۋTs,T,0,,,335,136,29
372020770,2,ۋTs,V,0,,,182,121,58
37202077001,3,ۋTs,VP,0,,,110,68,40
37202077002,3,ۋTs,VQ,0,,,72,53,18
372020780,2,ۋTs,蒬,0,,,133,105,13
37202078001,3,ۋTs,蒬P,1,,078002,60,49,11
37202078002,3,ۋTs,蒬Q,2,078001,,X,X,X
37202078003,3,ۋTs,蒬R,0,,,73,56,2
372020790,2,ۋTs,юR@R,0,,,674,576,82
372020800,2,ۋTs,юR@R,0,,,896,784,102
372020810,2,ۋTs,юR,0,,,739,708,25
372020820,2,ۋTs,юR⌳,0,,,540,479,57
372020830,2,ۋTs,юR^,0,,,407,318,80
372020840,2,ۋTs,юR쌴,0,,,784,651,125
372020850,2,ۋTs,юR⌳,0,,,2034,1670,195
372020860,2,ۋTs,̒c,0,,,484,449,30
372020870,2,ۋTs,̒c,0,,,227,207,17
372020880,2,ۋTs,̒c,0,,,414,407,6
372020890,2,ۋTs,̒c,0,,,393,389,-
372020900,2,ۋTs,̒IF,0,,,449,436,11
372020910,2,ۋTs,̒IF,0,,,373,344,27
372020920,2,ۋTs,̒xF,0,,,1403,1320,68
37203,1,os,,0,,,20925,15231,4207
372030010,2,os,蒬,0,,,-,-,-
372030020,2,os,o,2,003001,,X,X,X
372030030,2,os,䋟,0,,,230,164,42
37203003001,3,os,䋟P,1,,0020,79,61,15
37203003002,3,os,䋟Q,1,,007002,88,52,16
37203003003,3,os,䋟R,0,,,63,51,11
372030040,2,os,{,0,,,96,67,17
372030050,2,os,,0,,,300,159,95
372030060,2,os,z`,1,,006001;006002,229,41,175
37203006001,3,os,z`P,2,0060,,X,X,X
37203006002,3,os,z`Q,2,0060,,X,X,X
372030070,2,os,Ւ,0,,,126,38,43
37203007001,3,os,ՒP,0,,,126,38,43
37203007002,3,os,ՒQ,2,003002,,X,X,X
372030080,2,os,,0,,,510,369,96
37203008001,3,os,P,0,,,173,139,33
37203008002,3,os,Q,0,,,128,96,30
37203008003,3,os,R,0,,,110,90,13
37203008004,3,os,S,0,,,99,44,20
372030090,2,os,,0,,,429,321,101
37203009001,3,os,P,0,,,74,69,3
37203009002,3,os,Q,0,,,125,116,8
37203009003,3,os,R,0,,,230,136,90
372030100,2,os,,0,,,219,191,18
37203010001,3,os,P,0,,,70,64,4
37203010002,3,os,Q,0,,,75,63,8
37203010003,3,os,R,0,,,74,64,6
372030110,2,os,{,0,,,478,362,103
37203011001,3,os,{P,0,,,243,183,52
37203011002,3,os,{Q,0,,,121,86,31
37203011003,3,os,{R,0,,,114,93,20
372030120,2,os,,0,,,412,350,54
37203012001,3,os,P,0,,,111,106,4
37203012002,3,os,Q,0,,,103,82,18
37203012003,3,os,R,0,,,86,66,18
37203012004,3,os,S,0,,,112,96,14
372030130,2,os,,0,,,548,294,155
37203013001,3,os,P,0,,,74,49,22
37203013002,3,os,Q,0,,,237,103,51
37203013003,3,os,R,0,,,237,142,82
372030140,2,os,,0,,,228,115,103
37203014001,3,os,P,0,,,56,28,27
37203014002,3,os,Q,0,,,48,31,12
37203014003,3,os,R,0,,,124,56,64
372030150,2,os,,0,,,453,249,180
37203015001,3,os,P,0,,,69,34,32
37203015002,3,os,Q,0,,,223,145,73
37203015003,3,os,R,0,,,161,70,75
372030160,2,os,Ò,0,,,316,237,51
37203016001,3,os,ÒP,0,,,53,41,11
37203016002,3,os,ÒQ,0,,,120,97,6
37203016003,3,os,ÒR,0,,,143,99,34
372030170,2,os,vĒ,0,,,1138,451,571
37203017001,3,os,vĒP,0,,,670,221,357
37203017002,3,os,vĒQ,0,,,468,230,214
372030180,2,os,a,1,,018001;018002,248,189,45
37203018001,3,os,aP,2,0180,,X,X,X
37203018002,3,os,aQ,2,0180,,X,X,X
372030190,2,os,D,0,,,27,5,18
37203019001,3,os,DP,0,,,27,5,18
37203019002,3,os,DQ,0,,,-,-,-
372030200,2,os,Vl,0,,,162,110,47
372030210,2,os,xm,0,,,402,295,84
37203021001,3,os,xmP,0,,,226,175,45
37203021002,3,os,xmQ,0,,,176,120,39
372030220,2,os,,0,,,217,171,42
37203022001,3,os,P,0,,,150,117,30
37203022002,3,os,Q,0,,,67,54,12
372030230,2,os,t,0,,,274,186,84
372030240,2,os,r,0,,,210,143,55
372030250,2,os,r,0,,,80,74,5
372030260,2,os,Ԓ,0,,,157,88,56
372030270,2,os,R,0,,,57,48,6
372030280,2,os,~,0,,,379,277,83
37203028001,3,os,~P,0,,,261,193,56
37203028002,3,os,~Q,0,,,118,84,27
372030290,2,os,}w,0,,,210,172,31
372030300,2,os,J,0,,,760,505,230
37203030001,3,os,JP,0,,,279,156,117
37203030002,3,os,JQ,0,,,467,338,110
37203030003,3,os,JR,0,,,14,11,3
372030310,2,os,],0,,,635,492,128
37203031001,3,os,]P,0,,,241,191,47
37203031002,3,os,]Q,0,,,238,155,76
37203031003,3,os,]R,0,,,156,146,5
37203031004,3,os,],0,,,-,-,-
372030320,2,os,]K,0,,,1302,947,267
372030330,2,os,,0,,,665,430,69
372030340,2,os,,0,,,236,226,-
372030350,2,os,퓇,1,,0480,37,34,-
372030360,2,os,^,0,,,49,44,2
372030370,2,os,⍕,0,,,32,31,-
372030380,2,os,C,0,,,80,75,4
372030390,2,os,ѓc,0,,,2200,1806,287
372030400,2,os,Β,0,,,956,812,80
372030410,2,os,{,0,,,1607,1341,110
372030420,2,os,Ò,0,,,2083,1574,385
372030430,2,os,_J,0,,,162,158,2
372030440,2,os,,0,,,473,446,6
372030450,2,os,C,0,,,262,245,4
372030460,2,os,剮y,0,,,326,304,10
372030470,2,os,z,0,,,407,402,-
372030480,2,os,Ԃ̏B,2,0350,,X,X,X
372030490,2,os,Ԃ̏BΒ,0,,,-,-,-
372030500,2,os,Ԃ̏B,0,,,-,-,-
372030510,2,os,̕l,0,,,8,7,1
372030520,2,os,l,0,,,334,173,110
37203052001,3,os,lP,0,,,148,84,61
37203052002,3,os,lQ,0,,,90,38,10
37203052003,3,os,lR,0,,,96,51,39
372030530,2,os,lk,0,,,176,13,152
37203053001,3,os,lkP,0,,,46,3,37
37203053002,3,os,lkQ,1,,053003,98,9,85
37203053003,3,os,lkR,2,053002,,X,X,X
37203053004,3,os,lkS,0,,,32,1,30
372030540,2,os,o`,0,,,-,-,-
37204,1,Pʎs,,0,,,12770,8460,3248
372040010,2,Pʎs,gc,0,,,495,384,98
372040020,2,Pʎs,ؒ,0,,,630,449,166
372040030,2,Pʎs,gc,0,,,1341,708,545
37204003001,3,Pʎs,gcP,0,,,118,93,23
37204003002,3,Pʎs,gcQ,0,,,87,40,46
37204003003,3,Pʎs,gcR,0,,,125,74,47
37204003004,3,Pʎs,gcS,0,,,98,49,45
37204003005,3,Pʎs,gcT,0,,,152,60,88
37204003006,3,Pʎs,gcU,0,,,149,56,89
37204003007,3,Pʎs,gcV,0,,,129,81,41
37204003008,3,Pʎs,gcW,0,,,138,82,44
37204003009,3,Pʎs,gc,0,,,345,173,122
372040040,2,Pʎs,쒬,0,,,968,581,285
372040050,2,Pʎs,喃,0,,,730,529,149
372040060,2,Pʎs,Pʎ,0,,,2019,1234,510
37204006001,3,Pʎs,PʎP,0,,,77,65,11
37204006002,3,Pʎs,PʎQ,0,,,51,47,4
37204006003,3,Pʎs,PʎR,0,,,75,64,11
37204006004,3,Pʎs,PʎS,0,,,76,39,36
37204006005,3,Pʎs,PʎT,0,,,105,83,21
37204006006,3,Pʎs,PʎU,0,,,152,75,74
37204006007,3,Pʎs,PʎV,0,,,141,80,55
37204006008,3,Pʎs,Pʎ,0,,,1342,781,298
372040070,2,Pʎs,,0,,,163,136,20
372040080,2,Pʎs,^k,0,,,802,586,48
372040090,2,Pʎs,ؓ,0,,,522,423,89
372040100,2,Pʎs,c,0,,,957,613,316
372040110,2,Pʎs,,0,,,660,536,115
372040120,2,Pʎs,,0,,,967,671,286
37204012001,3,Pʎs,P,0,,,108,57,50
37204012002,3,Pʎs,,0,,,859,614,236
372040130,2,Pʎs,Oc,0,,,528,444,80
372040140,2,Pʎs,g,0,,,886,677,181
372040150,2,Pʎs,a,0,,,122,111,11
372040160,2,Pʎs,,0,,,333,77,128
37204016001,3,Pʎs,P,0,,,36,17,19
37204016002,3,Pʎs,Q,0,,,186,2,71
37204016003,3,Pʎs,R,0,,,8,-,-
37204016004,3,Pʎs,S,0,,,103,58,38
372040170,2,Pʎs,{,0,,,307,130,124
37204017001,3,Pʎs,{P,0,,,34,21,13
37204017002,3,Pʎs,{Q,0,,,273,109,111
372040180,2,Pʎs,쒬,0,,,169,97,70
37204018001,3,Pʎs,쒬P,0,,,-,-,-
37204018002,3,Pʎs,쒬Q,0,,,-,-,-
37204018003,3,Pʎs,쒬R,0,,,169,97,70
372040190,2,Pʎs,V,0,,,171,74,27
37204019001,3,Pʎs,VP,0,,,86,43,26
37204019002,3,Pʎs,VQ,0,,,85,31,1
37205,1,ωs,,0,,,21633,16833,3334
372050011,2,ωs,a,0,,,348,235,82
37205001101,3,ωs,aP,0,,,130,87,31
37205001102,3,ωs,aQ,0,,,66,27,26
37205001103,3,ωs,aR,0,,,152,121,25
372050012,2,ωs,{,0,,,543,328,180
37205001201,3,ωs,{P,0,,,8,3,4
37205001202,3,ωs,{Q,0,,,49,9,31
37205001203,3,ωs,{R,0,,,115,63,45
37205001204,3,ωs,{S,0,,,37,15,18
37205001205,3,ωs,{T,0,,,156,111,35
37205001206,3,ωs,{U,0,,,58,43,14
37205001207,3,ωs,{V,0,,,120,84,33
372050013,2,ωs,V_,0,,,269,149,115
37205001301,3,ωs,V_P,0,,,45,27,17
37205001302,3,ωs,V_Q,0,,,109,55,51
37205001303,3,ωs,V_R,0,,,115,67,47
372050014,2,ωs,Ζؒ,0,,,332,184,128
37205001401,3,ωs,ΖؒP,0,,,72,17,49
37205001402,3,ωs,ΖؒQ,0,,,40,11,28
37205001403,3,ωs,ΖؒR,0,,,102,56,33
37205001404,3,ωs,ΖؒS,0,,,55,49,6
37205001405,3,ωs,ΖؒT,0,,,63,51,12
372050015,2,ωs,ΐ,0,,,81,66,14
37205001501,3,ωs,ΐP,0,,,40,39,1
37205001502,3,ωs,ΐQ,0,,,41,27,13
372050016,2,ωs,쒬,0,,,375,173,127
37205001601,3,ωs,쒬P,0,,,131,97,27
37205001602,3,ωs,쒬Q,0,,,97,23,12
37205001603,3,ωs,쒬R,0,,,4,4,-
37205001604,3,ωs,쒬S,0,,,61,20,38
37205001605,3,ωs,쒬T,0,,,82,29,50
372050017,2,ωs,h,0,,,69,54,11
37205001701,3,ωs,hP,0,,,13,11,2
37205001702,3,ωs,hQ,0,,,25,23,2
37205001703,3,ωs,hR,0,,,31,20,7
372050018,2,ωs,K,0,,,50,36,14
372050019,2,ωs,{,0,,,229,217,11
37205001901,3,ωs,{P,0,,,96,91,5
37205001902,3,ωs,{Q,0,,,133,126,6
372050020,2,ωs,L,0,,,75,62,13
372050030,2,ωs,,0,,,270,232,26
37205003001,3,ωs,P,0,,,73,63,9
37205003002,3,ωs,Q,0,,,58,51,6
37205003003,3,ωs,R,0,,,139,118,11
372050040,2,ωs,O{,0,,,368,174,170
37205004001,3,ωs,O{P,0,,,93,47,30
37205004002,3,ωs,O{Q,0,,,177,83,88
37205004003,3,ωs,O{R,0,,,91,37,52
37205004004,3,ωs,O{S,0,,,7,7,-
372050050,2,ωs,՘Q,0,,,114,95,8
37205005001,3,ωs,՘QP,0,,,105,87,7
37205005002,3,ωs,՘QQ,0,,,9,8,1
372050060,2,ωs,˒,0,,,387,368,14
37205006001,3,ωs,˒P,0,,,158,151,4
37205006002,3,ωs,˒Q,0,,,134,126,7
37205006003,3,ωs,˒R,0,,,95,91,3
37205006004,3,ωs,˒S,0,,,-,-,-
372050070,2,ωs,,0,,,648,555,23
372050080,2,ωs,{,0,,,563,427,36
372050090,2,ωs,,0,,,411,276,129
372050100,2,ωs,,0,,,613,350,62
372050110,2,ωs,Ac,0,,,727,510,194
372050120,2,ωs,o쒬,0,,,690,452,219
372050130,2,ωs,oc,0,,,2661,2026,502
372050140,2,ωs,ؔV,0,,,359,332,21
372050150,2,ωs,Vc,0,,,338,319,16
372050160,2,ωs,,0,,,233,219,13
372050170,2,ωs,rVK,0,,,701,542,76
372050180,2,ωs,䒬,0,,,590,503,1
372050190,2,ωs,c䒬,0,,,263,219,42
372050200,2,ωs,{咬,0,,,529,294,206
372050210,2,ωs,Ð쒬,0,,,394,288,95
372050220,2,ωs,g,0,,,541,323,180
372050230,2,ωs,ɐ,0,,,204,190,-
372050240,2,ωs,쌴CV,0,,,23,23,-
372050250,2,ωs,쌴,0,,,520,514,4
372050260,2,ωs,쌴쌴,0,,,1798,1539,158
372050270,2,ωs,쌴Ԉ,0,,,357,323,31
372050280,2,ωs,쌴P,0,,,397,375,21
372050290,2,ωs,쌴,0,,,128,127,-
372050300,2,ωs,쌴L,0,,,29,29,-
372050310,2,ωs,쌴cX,0,,,52,52,-
372050320,2,ωs,쌴X,0,,,41,41,-
372050330,2,ωs,쌴,0,,,111,107,-
372050340,2,ωs,쌴ۈ,0,,,204,189,12
372050350,2,ωs,쌴c,0,,,96,95,1
372050360,2,ωs,LlPl,0,,,819,608,108
372050370,2,ωs,Llacl,0,,,656,531,51
372050380,2,ωs,Llac,0,,,797,741,30
372050390,2,ωs,LlY,0,,,402,364,36
372050400,2,ωs,`,0,,,163,159,2
37205040001,3,ωs,`P,0,,,68,66,1
37205040002,3,ωs,`Q,0,,,95,93,1
372050410,2,ωs,ω,0,,,1065,818,152
37206,1,ʂs,,0,,,19504,15452,3066
372060010,2,ʂs,ux,0,,,5824,3379,2153
37206001001,3,ʂs,ux,0,,,4402,2426,1820
37206001002,3,ʂs,ux,0,,,1422,953,333
372060020,2,ʂs,,0,,,112,110,1
372060030,2,ʂs,,0,,,1597,1253,324
372060040,2,ʂs,c,0,,,431,409,5
372060050,2,ʂs,,0,,,774,760,5
372060060,2,ʂs,ÓcÓc,0,,,1717,1550,84
372060070,2,ʂs,Óc߉H,0,,,808,719,18
372060080,2,ʂs,쒬xc,0,,,556,529,1
372060090,2,ʂs,쒬xc,0,,,246,236,-
372060100,2,ʂs,쒬c,0,,,302,278,6
372060110,2,ʂs,쒬,0,,,149,141,4
372060120,2,ʂs,쒬xc,0,,,742,628,34
372060130,2,ʂs,쒬Γc,0,,,620,499,28
372060140,2,ʂs,쒬Γc,0,,,604,561,6
372060150,2,ʂs,쒬_O,0,,,617,559,11
372060160,2,ʂs,a,0,,,437,372,46
372060170,2,ʂs,,0,,,1197,963,155
372060180,2,ʂs,,0,,,726,625,92
372060190,2,ʂs,,0,,,325,295,29
372060200,2,ʂs,OR,0,,,122,117,2
372060210,2,ʂs,a,0,,,182,178,2
372060220,2,ʂs,c,0,,,78,78,-
372060230,2,ʂs,c{,0,,,285,267,15
372060240,2,ʂs,cO,0,,,721,638,40
372060250,2,ʂs,cԓc,0,,,332,308,5
37207,1,s,,0,,,12233,10512,1008
372070010,2,s,,0,,,1329,1124,164
372070020,2,s,ɍ,0,,,141,139,-
372070030,2,s,A,0,,,376,275,70
372070040,2,s,,0,,,798,714,71
372070050,2,s,,0,,,859,679,94
372070060,2,s,R,0,,,109,105,-
372070070,2,s,R,0,,,100,97,-
372070080,2,s,^cR,0,,,160,156,2
372070090,2,s,R,0,,,150,146,1
372070100,2,s,ܖ,0,,,127,122,5
372070110,2,s,c,0,,,1631,1431,47
372070120,2,s,gc,0,,,161,114,2
372070130,2,s,nh,0,,,126,125,-
372070140,2,s,,0,,,215,200,1
372070150,2,s,H,0,,,170,167,-
372070160,2,s,⌳,0,,,116,114,1
372070170,2,s,,0,,,61,60,1
372070180,2,s,C,0,,,226,207,1
372070190,2,s,O{,0,,,1464,1183,223
372070200,2,s,,0,,,349,298,30
372070210,2,s,,0,,,540,446,33
372070220,2,s,,0,,,343,230,41
372070230,2,s,쓌,0,,,505,391,90
372070240,2,s,,0,,,367,365,-
372070250,2,s,,0,,,174,172,-
372070260,2,s,,0,,,226,159,61
372070270,2,s,R,0,,,100,98,-
372070280,2,s,Oa,0,,,162,159,3
372070290,2,s,c,0,,,438,384,40
372070300,2,s,J,0,,,173,166,5
372070310,2,s,,0,,,165,140,4
372070320,2,s,n,0,,,166,163,1
372070330,2,s,y,0,,,142,119,17
372070340,2,s,,0,,,64,64,-
372070350,2,s,,0,,,-,-,-
37208,1,OLs,,0,,,22358,19548,2050
372080010,2,OLs,㍂,0,,,895,690,188
372080020,2,OLs,V,0,,,603,484,109
372080030,2,OLs,㏟,0,,,356,334,19
372080040,2,OLs,,0,,,938,692,121
372080050,2,OLs,H,0,,,244,238,1
372080060,2,OLs,,0,,,394,389,4
372080070,2,OLs,n,0,,,510,387,71
372080080,2,OLs,n,0,,,419,405,10
372080090,2,OLs,,0,,,342,336,2
372080100,2,OLs,㖃,0,,,392,382,7
372080110,2,OLs,R{,0,,,730,655,39
372080120,2,OLs,R{͓,0,,,305,284,-
372080130,2,OLs,R{,0,,,469,424,37
372080140,2,OLs,R{c,0,,,331,254,54
372080150,2,OLs,R{_c,0,,,396,389,4
372080160,2,OLs,O쒬g,0,,,911,859,42
372080170,2,OLs,O쒬,0,,,1088,893,180
372080180,2,OLs,O쒬匩,0,,,1024,971,36
372080190,2,OLs,L,0,,,367,332,28
372080200,2,OLs,L{,0,,,571,471,85
372080210,2,OLs,Ln,0,,,530,474,52
372080220,2,OLs,L}c},0,,,619,517,94
372080230,2,OLs,L}c|c,0,,,156,145,10
372080240,2,OLs,L㍂,0,,,706,624,45
372080250,2,OLs,L{Rb,0,,,595,476,99
372080260,2,OLs,L{R,0,,,208,117,78
372080270,2,OLs,lԒ,0,,,1166,936,187
372080280,2,OLs,lԒl,0,,,2774,2279,370
372080290,2,OLs,lԒc,0,,,62,47,1
372080300,2,OLs,lԒl,0,,,504,494,4
372080310,2,OLs,lԒ,0,,,85,84,-
372080320,2,OLs,lԒ,0,,,105,100,2
372080330,2,OLs,lԒ,0,,,134,134,-
372080340,2,OLs,lԒ,0,,,132,127,5
372080350,2,OLs,lԒuX,0,,,12,11,1
372080360,2,OLs,mm,0,,,1999,1858,61
372080370,2,OLs,mƂ̉Y,0,,,47,47,-
372080380,2,OLs,cc,0,,,780,771,3
372080390,2,OLs,cc,0,,,459,438,1
37322,1,Sy,,0,,,5876,4831,673
373220010,2,Sy,y,0,,,2106,1674,310
37322001001,3,Sy,y,0,,,7,7,-
37322001002,3,Sy,y,0,,,15,13,-
37322001003,3,Sy,y,0,,,22,18,2
37322001004,3,Sy,y,0,,,18,17,1
37322001005,3,Sy,y,0,,,95,78,17
37322001006,3,Sy,y,0,,,29,28,1
37322001007,3,Sy,y,0,,,176,110,60
37322001008,3,Sy,y,0,,,16,15,1
37322001009,3,Sy,y,0,,,11,11,-
37322001010,3,Sy,y,0,,,50,41,7
37322001011,3,Sy,y,0,,,14,14,-
37322001012,3,Sy,y,0,,,56,52,3
37322001013,3,Sy,y,0,,,30,28,2
37322001014,3,Sy,y,0,,,44,23,14
37322001015,3,Sy,y,0,,,60,51,9
37322001016,3,Sy,y,0,,,141,109,18
37322001017,3,Sy,y,0,,,138,90,41
37322001018,3,Sy,y,0,,,304,252,42
37322001019,3,Sy,y,0,,,113,102,8
37322001020,3,Sy,y,0,,,102,96,6
37322001021,3,Sy,y,0,,,129,123,5
37322001022,3,Sy,y,0,,,349,291,52
37322001023,3,Sy,y,0,,,171,90,20
37322001024,3,Sy,y,0,,,-,-,-
37322001025,3,Sy,y,0,,,16,15,1
373220020,2,Sy,,0,,,1098,727,252
37322002001,3,Sy,,0,,,112,106,5
37322002002,3,Sy,,0,,,129,98,31
37322002003,3,Sy,,0,,,382,260,66
37322002004,3,Sy,,0,,,34,24,8
37322002005,3,Sy,,0,,,412,215,137
37322002006,3,Sy,,0,,,29,24,5
373220030,2,Sy,㏯,0,,,346,288,36
37322003001,3,Sy,㏯,0,,,74,56,9
37322003002,3,Sy,㏯,0,,,134,100,23
37322003003,3,Sy,㏯,0,,,138,132,4
373220040,2,Sy,yR,0,,,251,238,8
373220050,2,Sy,,0,,,72,53,4
373220060,2,Sy,nz,0,,,60,56,3
373220070,2,Sy,},0,,,30,28,-
373220080,2,Sy,C,0,,,137,118,3
373220090,2,Sy,,0,,,105,100,4
373220100,2,Sy,`,0,,,111,96,3
373220110,2,Sy,nz,0,,,99,95,3
373220120,2,Sy,Ɋ얖,0,,,215,211,1
37322012001,3,Sy,Ɋ얖,0,,,210,206,1
37322012002,3,Sy,Ɋ얖L,0,,,5,5,-
373220130,2,Sy,],0,,,172,170,2
37322013001,3,Sy,],0,,,151,149,2
37322013002,3,Sy,],0,,,21,21,-
373220140,2,Sy,l,0,,,165,164,1
373220150,2,Sy,{,0,,,62,62,-
373220160,2,Sy,LƉY,0,,,234,188,20
37322016001,3,Sy,LƉY,0,,,85,76,9
37322016002,3,Sy,LƉY,0,,,109,77,7
37322016003,3,Sy,LƉY,0,,,40,35,4
373220170,2,Sy,LC,0,,,140,125,6
37322017001,3,Sy,LC,0,,,60,56,2
37322017002,3,Sy,LC,0,,,80,69,4
373220180,2,Sy,Lb,0,,,33,29,3
373220190,2,Sy,啔,0,,,329,301,12
37322019001,3,Sy,啔,0,,,69,65,2
37322019002,3,Sy,啔,0,,,81,75,6
37322019003,3,Sy,啔,0,,,96,82,1
37322019004,3,Sy,啔,0,,,83,79,3
373220200,2,Sy,,0,,,111,108,2
37322020001,3,Sy,,0,,,96,93,2
37322020002,3,Sy,,0,,,15,15,-
37324,1,S,,0,,,6220,5125,444
373240010,2,S,,0,,,344,282,41
373240020,2,S,rc,0,,,800,697,65
373240030,2,S,R,0,,,130,126,3
373240040,2,S,,0,,,143,137,4
373240050,2,S,g,0,,,58,53,3
373240060,2,S,,0,,,155,141,4
373240070,2,S,,0,,,128,118,4
373240080,2,S,_Y,0,,,63,62,1
373240090,2,S,l,0,,,41,37,-
373240100,2,S,J,0,,,40,35,-
373240110,2,S,c,0,,,750,638,71
373240120,2,S,؏,0,,,121,107,13
373240130,2,S,k,0,,,197,71,3
373240140,2,S,cH,0,,,400,335,17
373240150,2,S,Í],0,,,49,46,1
373240160,2,S,xz,0,,,45,40,4
373240170,2,S,cY,0,,,36,35,1
373240180,2,S,,0,,,234,220,9
373240190,2,S,,0,,,468,403,38
373240200,2,S,ǖ{,0,,,569,287,45
373240210,2,S,Џ,0,,,343,267,39
373240220,2,S,_,0,,,316,282,11
373240230,2,S,gc,0,,,43,41,1
373240240,2,S,c,0,,,310,283,20
373240250,2,S,n,0,,,437,382,46
37341,1,ؓcSOؒ,,0,,,10517,8550,1635
373410010,2,ؓcSOؒ,厚X,0,,,2192,1893,280
373410020,2,ؓcSOؒ,厚㍂,0,,,404,399,2
373410030,2,ؓcSOؒ,厚,0,,,1065,946,97
373410040,2,ؓcSOؒ,厚,0,,,938,870,46
373410050,2,ؓcSOؒ,厚,0,,,291,287,2
373410060,2,ؓcSOؒ,厚R,0,,,92,91,1
373410070,2,ؓcSOؒ,厚q,0,,,131,130,-
373410080,2,ؓcSOؒ,厚,0,,,63,62,-
373410090,2,ؓcSOؒ,厚c,0,,,887,764,74
373410100,2,ؓcSOؒ,厚r,0,,,2485,1484,837
373410110,2,ؓcSOؒ,厚,0,,,1010,797,196
373410120,2,ؓcSOؒ,厚,0,,,577,523,45
373410130,2,ؓcSOؒ,厚,0,,,382,304,55
37364,1,S,,0,,,1301,913,88
373640010,2,S,,0,,,1301,913,88
37386,1,̌SFÒ,,0,,,8213,3857,3133
373860010,2,̌SFÒ,,0,,,3653,2056,951
37386001000,3,̌SFÒ,,0,,,2982,1881,792
37386001001,3,̌SFÒ,,0,,,671,175,159
373860020,2,̌SFÒ,,0,,,481,349,113
373860030,2,̌SFÒ,l,0,,,4079,1452,2069
37386003001,3,̌SFÒ,lԒ,0,,,175,54,95
37386003002,3,̌SFÒ,lԒ,0,,,248,45,171
37386003003,3,̌SFÒ,lOԒ,0,,,152,12,110
37386003004,3,̌SFÒ,llԒ,0,,,261,132,121
37386003005,3,̌SFÒ,lܔԒ,0,,,835,315,425
37386003006,3,̌SFÒ,lZԒ,0,,,974,420,459
37386003007,3,̌SFÒ,lԒ,0,,,738,291,258
37386003008,3,̌SFÒ,lԒ,0,,,315,96,208
37386003009,3,̌SFÒ,lԒ,0,,,381,87,222
37387,1,̌S쒬,,0,,,8406,7625,452
373870010,2,̌S쒬,b,0,,,159,156,-
373870020,2,̌S쒬,b,0,,,108,106,2
373870030,2,̌S쒬,Rc,0,,,342,302,2
373870040,2,̌S쒬,Rc,0,,,439,406,5
373870050,2,̌S쒬,,0,,,155,153,1
373870060,2,̌S쒬,,0,,,228,220,2
373870070,2,̌S쒬,H,0,,,297,284,3
373870080,2,̌S쒬,,0,,,173,165,4
373870090,2,̌S쒬,c,0,,,1578,1480,69
373870100,2,̌S쒬,D,0,,,316,309,5
373870110,2,̌S쒬,,0,,,1989,1747,192
373870120,2,̌S쒬,{,0,,,1166,1044,63
373870130,2,̌S쒬,,0,,,652,497,81
373870140,2,̌S쒬,k,0,,,244,237,1
373870150,2,̌S쒬,,0,,,195,169,12
373870160,2,̌S쒬,H,0,,,365,350,10
37403,1,xSՕ,,0,,,3555,2715,647
374030010,2,xSՕ,|,0,,,925,723,180
374030020,2,xSՕ,ܞ,0,,,627,478,131
374030030,2,xSՕ,,0,,,1027,752,178
374030040,2,xSՕ,,0,,,199,159,37
374030050,2,xSՕ,,0,,,297,252,41
374030060,2,xSՕ,cc,0,,,480,351,80
37404,1,xSxÒ,,0,,,9181,6688,1286
374040010,2,xSxÒ,h,0,,,280,180,58
37404001001,3,xSxÒ,hP,0,,,97,58,4
37404001002,3,xSxÒ,hQ,0,,,102,70,30
37404001003,3,xSxÒ,hR,0,,,81,52,24
374040020,2,xSxÒ,m,0,,,68,66,1
374040030,2,xSxÒ,,0,,,139,122,13
374040040,2,xSxÒ,,0,,,228,78,13
374040050,2,xSxÒ,{,0,,,485,373,63
37404005001,3,xSxÒ,{ʂP,0,,,155,150,4
37404005002,3,xSxÒ,{ʂQ,0,,,236,179,47
37404005003,3,xSxÒ,{ʂR,0,,,94,44,12
374040060,2,xSxÒ,R,0,,,-,-,-
374040070,2,xSxÒ,l,0,,,87,79,4
374040080,2,xSxÒ,l,0,,,72,67,3
374040090,2,xSxÒ,ʂ,0,,,52,47,5
374040100,2,xSxÒ,`,0,,,-,-,-
374040110,2,xSxÒ,ƒ,0,,,185,124,45
374040120,2,xSxÒ,̏o,0,,,163,145,16
374040130,2,xSxÒ,V,0,,,103,94,7
374040140,2,xSxÒ,,0,,,258,184,60
37404014001,3,xSxÒ,P,0,,,141,106,33
37404014002,3,xSxÒ,Q,0,,,117,78,27
374040150,2,xSxÒ,,0,,,193,132,41
374040160,2,xSxÒ,x],0,,,778,360,33
37404016001,3,xSxÒ,x]P,0,,,81,76,5
37404016002,3,xSxÒ,x]Q,0,,,92,87,4
37404016003,3,xSxÒ,x]R,0,,,199,129,7
37404016004,3,xSxÒ,x]S,0,,,406,68,17
37404016005,3,xSxÒ,x]T,0,,,-,-,-
374040170,2,xSxÒ,k,0,,,373,286,74
37404017001,3,xSxÒ,kP,0,,,232,156,67
37404017002,3,xSxÒ,kQ,0,,,39,38,-
37404017003,3,xSxÒ,kR,0,,,102,92,7
374040190,2,xSxÒ,K,0,,,109,44,63
374040200,2,xSxÒ,t,0,,,123,93,28
374040210,2,xSxÒ,厚,0,,,575,414,147
374040220,2,xSxÒ,厚슛,0,,,511,416,77
374040230,2,xSxÒ,厚,0,,,800,680,109
374040240,2,xSxÒ,厚,0,,,596,473,110
374040250,2,xSxÒ,厚,0,,,453,304,136
374040260,2,xSxÒ,厚O,0,,,355,325,21
374040270,2,xSxÒ,厚RK,0,,,754,646,54
374040280,2,xSxÒ,`,0,,,438,53,49
374040290,2,xSxÒ,厚,0,,,214,179,25
374040300,2,xSxÒ,厚,0,,,324,302,17
374040310,2,xSxÒ,厚,0,,,302,265,8
374040320,2,xSxÒ,厚,0,,,94,92,2
374040330,2,xSxÒ,,0,,,19,16,3
374040340,2,xSxÒ,,0,,,50,49,1
37406,1,xS܂̂,,0,,,6353,5917,330
374060010,2,xS܂̂,c,0,,,382,359,4
374060020,2,xS܂̂,,0,,,160,158,1
374060030,2,xS܂̂,쓌,0,,,237,216,10
374060040,2,xS܂̂,Y,0,,,109,106,2
374060050,2,xS܂̂,,0,,,217,215,2
374060060,2,xS܂̂,,0,,,428,403,21
374060070,2,xS܂̂,,0,,,151,125,25
374060080,2,xS܂̂,H,0,,,222,173,48
374060090,2,xS܂̂,l,0,,,560,463,89
374060100,2,xS܂̂,g쉺,0,,,506,431,68
374060110,2,xS܂̂,ݏ,0,,,315,305,7
374060120,2,xS܂̂,^,0,,,189,184,1
374060130,2,xS܂̂,g,0,,,699,682,12
374060140,2,xS܂̂,Y,0,,,174,173,1
374060150,2,xS܂̂,Y,0,,,358,353,1
374060160,2,xS܂̂,,0,,,331,312,4
374060170,2,xS܂̂,,0,,,144,144,-
374060190,2,xS܂̂,,0,,,449,442,4
374060200,2,xS܂̂,,0,,,28,28,-
374060210,2,xS܂̂,R,0,,,113,98,3
374060220,2,xS܂̂,R,0,,,19,19,-
374060230,2,xS܂̂,,0,,,62,61,1
374060240,2,xS܂̂,Ǐ,0,,,50,49,-
374060250,2,xS܂̂,V,0,,,87,86,1
374060260,2,xS܂̂,Re,0,,,64,62,1
374060270,2,xS܂̂,c,0,,,184,157,23
374060280,2,xS܂̂,,0,,,42,41,1
374060290,2,xS܂̂,{c,0,,,73,72,-
