KEY_CODE,HYOSYO,CITYNAME,NAME,HTKSYORI,HTKSAKI,GASSAN,T000852001,T000852002,T000852003
,,,,,,,ZɏZވʐ,,c؉
32201,1,]s,,0,,,81502,50421,23273
322010010,2,]s,a,0,,,259,214,36
322010020,2,]s,ߒ,0,,,196,168,12
322010030,2,]s,{,0,,,32,21,9
322010040,2,]s,{,0,,,329,249,70
32201004001,3,]s,{P,0,,,28,26,1
32201004002,3,]s,{Q,0,,,35,18,15
32201004003,3,]s,{R,0,,,46,39,7
32201004004,3,]s,{S,0,,,103,79,21
32201004005,3,]s,{T,0,,,117,87,26
322010090,2,]s,,0,,,6,6,-
322010100,2,]s,Ďq,0,,,70,41,29
322010110,2,]s,c,0,,,683,392,202
322010120,2,]s,kc,0,,,906,434,396
322010130,2,]s,֒,0,,,251,150,33
322010140,2,]s,΋,0,,,479,266,170
322010150,2,]s,kx,0,,,447,279,152
322010160,2,]s,J,0,,,385,288,81
322010170,2,]s,,0,,,711,386,218
322010180,2,]s,O,0,,,655,426,127
322010190,2,]s,,0,,,272,187,76
322010200,2,]s,,0,,,43,33,9
322010210,2,]s,,0,,,32,23,9
322010220,2,]s,Ќ,0,,,38,33,4
322010230,2,]s,,0,,,157,134,21
322010240,2,]s,,0,,,70,52,12
322010250,2,]s,璹,0,,,44,17,24
322010260,2,]s,q,0,,,281,125,116
322010270,2,]s,`,0,,,303,74,216
322010280,2,]s,약,0,,,285,237,37
322010290,2,]s,,0,,,917,724,179
322010300,2,]s,c,0,,,1428,594,708
322010310,2,]s,Ò,0,,,482,276,196
322010320,2,]s,Âu,0,,,802,450,11
32201032001,3,]s,ÂuP,0,,,169,165,4
32201032002,3,]s,ÂuQ,0,,,141,46,2
32201032003,3,]s,ÂuR,0,,,113,109,4
32201032004,3,]s,ÂuS,0,,,252,3,1
32201032005,3,]s,ÂuT,0,,,127,127,-
322010361,2,]s,,0,,,132,131,-
322010362,2,]s,@g,0,,,1039,765,152
322010370,2,]s,t,0,,,1294,650,574
322010380,2,]s,J,0,,,424,227,186
322010390,2,]s,c,0,,,1113,295,738
322010400,2,]s,Ò,0,,,6106,1959,3628
32201040001,3,]s,Ò,0,,,5531,1573,3525
32201040002,3,]s,Ò,0,,,575,386,103
322010410,2,]s,㓌Ò,0,,,704,636,60
322010420,2,]s,Ò,0,,,662,376,262
322010430,2,]s,,0,,,327,257,20
322010440,2,]s,ޒ,0,,,119,118,1
322010450,2,]s,x,0,,,34,34,-
322010460,2,]s,䒬,0,,,79,76,-
322010470,2,]s,C蒬,0,,,48,48,-
322010480,2,]s,c,0,,,661,301,223
322010490,2,]s,c,0,,,446,430,10
322010500,2,]s,쌴,0,,,54,52,2
322010510,2,]s,{,0,,,156,101,51
322010520,2,]s,,0,,,211,182,14
322010530,2,]s,F,0,,,27,27,-
322010540,2,]s,V,0,,,97,94,3
322010550,2,]s,{,0,,,195,190,4
322010560,2,]s,{,0,,,158,156,1
322010570,2,]s,W,0,,,143,140,1
322010580,2,]s,ؒ,0,,,34,34,-
322010590,2,]s,쌴,0,,,51,49,-
322010600,2,]s,C,0,,,36,35,-
322010610,2,]s,p,0,,,42,42,-
322010620,2,]s,n,0,,,379,290,39
322010630,2,]s,n,0,,,98,93,5
322010640,2,]s,㍲ɒ,0,,,31,31,-
322010650,2,]s,ɒ,0,,,110,101,6
322010660,2,]s,EÒ,0,,,100,71,1
322010670,2,]s,lc,0,,,504,256,126
322010680,2,]s,lɒ,0,,,271,136,33
322010690,2,]s,Îu,0,,,143,137,2
322010700,2,]s,J,0,,,97,92,4
322010710,2,]s,,0,,,36,35,1
322010720,2,]s,Ñ]u,0,,,675,532,6
322010730,2,]s,ŏo,0,,,-,-,-
322010740,2,]s,],0,,,139,137,1
322010750,2,]s,],0,,,87,86,1
322010760,2,]s,H,0,,,341,340,-
322010770,2,]s,{,0,,,97,94,-
322010780,2,]s,_,0,,,140,139,-
322010790,2,]s,쒬,0,,,140,138,1
322010800,2,]s,쒬,0,,,148,146,-
322010810,2,]s,,0,,,135,114,-
322010820,2,]s,{,1,,0830,37,16,19
322010830,2,]s,,2,0820,,X,X,X
322010840,2,]s,a,0,,,84,69,14
322010850,2,]s,,0,,,357,238,82
322010860,2,]s,,0,,,37,36,1
322010870,2,]s,咬,0,,,168,113,45
322010880,2,]s,V_,0,,,154,57,77
322010890,2,]s,ɐ{,0,,,67,38,26
322010900,2,]s,D꒬,0,,,105,84,16
322010910,2,]s,,0,,,87,22,58
322010920,2,]s,吳,0,,,400,176,173
322010930,2,]s,,0,,,907,466,243
322010940,2,]s,Óc,0,,,77,34,37
322010950,2,]s,VG꒬,0,,,141,97,34
322010960,2,]s,G꒬,0,,,1147,735,367
322010970,2,]s,{,0,,,82,42,24
322010980,2,]s,G,0,,,74,56,16
322010990,2,]s,l,0,,,114,79,26
322011010,2,]s,V,0,,,53,47,6
322011020,2,]s,,0,,,53,41,12
322011030,2,]s,h,0,,,158,86,52
322011040,2,]s,t,0,,,193,127,56
322011060,2,]s,Óc,0,,,3066,1629,1183
32201106001,3,]s,ÓcP,0,,,157,67,81
32201106002,3,]s,ÓcQ,0,,,191,111,69
32201106003,3,]s,ÓcR,0,,,497,242,207
32201106004,3,]s,ÓcS,0,,,409,101,272
32201106005,3,]s,ÓcT,0,,,269,176,67
32201106006,3,]s,ÓcU,0,,,202,112,67
32201106007,3,]s,ÓcV,0,,,509,290,185
32201106008,3,]s,ÓcW,0,,,222,113,105
32201106009,3,]s,ÓcX,0,,,216,127,86
32201106010,3,]s,ÓcPO,0,,,394,290,44
322011100,2,]s,K,0,,,338,128,74
322011160,2,]s,Óc,0,,,3439,1794,1469
322011180,2,]s,c,0,,,570,227,158
322011190,2,]s,t,0,,,237,216,17
322011200,2,]s,|,0,,,591,438,140
322011210,2,]s,ӉF,0,,,-,-,-
322011220,2,]s,n,0,,,491,286,76
322011230,2,]s,,0,,,400,331,61
322011240,2,]s,xm,0,,,-,-,-
322011270,2,]s,lT,0,,,3299,1583,1581
32201127001,3,]s,lT؂P,0,,,707,470,211
32201127002,3,]s,lT؂Q,0,,,325,139,171
32201127003,3,]s,lT؂R,0,,,298,174,93
32201127004,3,]s,lT؂S,0,,,443,195,228
32201127005,3,]s,lT؂T,0,,,217,146,68
32201127006,3,]s,lT؂U,0,,,689,303,372
32201127007,3,]s,lT؂V,0,,,609,154,429
32201127008,3,]s,lT؂W,0,,,11,2,9
322011340,2,]s,œ,0,,,47,3,43
322011350,2,]s,œ,0,,,143,61,54
32201135001,3,]s,œP,0,,,22,5,16
32201135002,3,]s,œQ,0,,,83,50,16
32201135003,3,]s,œR,0,,,38,6,22
322011380,2,]s,T,0,,,494,395,89
322011391,2,]s,caR,0,,,33,20,8
322011392,2,]s,Tؕx,0,,,565,370,186
322011400,2,]s,_,0,,,570,434,122
32201140001,3,]s,_P,0,,,215,175,38
32201140002,3,]s,_Q,0,,,355,259,84
322011420,2,]s,̒J,0,,,152,111,39
322011430,2,]s,뒬,0,,,1160,557,164
322011440,2,]s,R㒬,0,,,1834,666,265
322011450,2,]s,呐,0,,,95,89,5
322011460,2,]s,,0,,,106,101,5
322011470,2,]s,,0,,,321,312,7
322011480,2,]s,,0,,,339,332,3
322011490,2,]s,Ζk,0,,,-,-,-
322011500,2,]s,C,0,,,-,-,-
322011510,2,]s,T,0,,,4089,2188,1582
32201151001,3,]s,T؂P,0,,,394,257,78
32201151002,3,]s,T؂Q,0,,,530,244,253
32201151003,3,]s,T؂R,0,,,474,243,195
32201151004,3,]s,T؂S,0,,,596,305,222
32201151005,3,]s,T؂T,0,,,280,142,94
32201151006,3,]s,T؂U,0,,,408,222,170
32201151007,3,]s,T؂V,0,,,254,146,104
32201151008,3,]s,T؂W,0,,,496,297,178
32201151009,3,]s,T؂X,0,,,594,298,261
32201151010,3,]s,T؂PO,0,,,63,34,27
322011520,2,]s,Îu,0,,,3375,1918,904
32201152001,3,]s,ÎuP,0,,,287,188,94
32201152002,3,]s,ÎuQ,0,,,571,340,166
32201152003,3,]s,ÎuR,0,,,585,234,217
32201152004,3,]s,ÎuS,0,,,554,228,77
32201152005,3,]s,ÎuT,0,,,474,279,133
32201152006,3,]s,ÎuU,0,,,421,283,107
32201152007,3,]s,ÎuV,0,,,483,366,110
322011530,2,]s,k,0,,,579,292,16
322011540,2,]s,w,0,,,2062,361,1635
32201154001,3,]s,wP,0,,,671,121,525
32201154002,3,]s,wQ,0,,,1391,240,1110
322011550,2,]s,w,0,,,1090,296,673
32201155001,3,]s,wP,0,,,480,152,306
32201155002,3,]s,wQ,0,,,610,144,367
322011560,2,]s,,0,,,-,-,-
322011570,2,]s,k˒,0,,,-,-,-
322011580,2,]s,@g,0,,,295,294,1
322011590,2,]s,茋,0,,,172,169,3
322011600,2,]s,Ћ,0,,,92,92,-
322011610,2,]s,b,0,,,211,203,5
322011620,2,]s,ÉY,0,,,297,280,7
322011630,2,]s,,0,,,219,216,3
322011640,2,]s,ɖ{,0,,,305,294,1
322011650,2,]s,ɋ{,0,,,214,133,22
322011660,2,]s,,0,,,247,190,8
322011670,2,]s,ku,0,,,97,85,9
322011680,2,]s,u,0,,,99,99,-
322011690,2,]s,u,0,,,105,104,-
322011700,2,]s,,0,,,157,155,1
322011710,2,]s,到,0,,,282,270,2
322011720,2,]s,,0,,,328,313,9
322011730,2,]s,g,0,,,283,277,2
322011740,2,]s,,0,,,69,69,-
322011750,2,]s,,0,,,100,100,-
322011760,2,]s,ۊ֒}Y,0,,,111,111,-
322011770,2,]s,ۊ֒,0,,,134,134,-
322011780,2,]s,ۊ֒kY,0,,,139,127,11
322011790,2,]s,ۊ֒Y,0,,,66,65,-
322011800,2,]s,ۊ֒Ѝ],0,,,246,240,2
322011810,2,]s,ۊ֒,0,,,328,320,7
322011820,2,]s,ۊ֒,0,,,50,46,4
322011830,2,]s,ۊ֒_,0,,,38,38,-
322011840,2,]s,ۊ֒F,0,,,110,109,1
322011850,2,]s,ۊ֒XR,0,,,206,179,13
322011860,2,]s,ۊ֒Y,0,,,102,99,2
322011870,2,]s,ۊ֒ۊ,0,,,211,201,7
322011880,2,]s,Cۊ֒,0,,,-,-,-
322011890,2,]s,_g,0,,,758,709,43
322011900,2,]s,_,0,,,596,524,50
322011910,2,]s,_,0,,,294,258,33
322011920,2,]s,_,0,,,142,135,6
322011930,2,]s,_F,0,,,380,354,7
322011940,2,]s,ʓ,0,,,253,184,6
322011950,2,]s,ʓ,0,,,1080,673,369
322011960,2,]s,ʓzu,0,,,163,158,4
322011970,2,]s,ʓʑ,0,,,663,438,183
322011980,2,]s,ʓJ,0,,,123,122,-
322011990,2,]s,΋ʓ,0,,,-,-,-
322012000,2,]s,,0,,,614,513,79
322012010,2,]s,a,0,,,108,100,7
322012020,2,]s,,0,,,400,363,33
322012030,2,]s,Xz,0,,,639,509,68
322012040,2,]s,Ɏu,0,,,40,40,-
322012050,2,]s,aVc,0,,,-,-,-
322012060,2,]s,㗈,0,,,241,231,5
322012070,2,]s,,0,,,449,416,14
322012080,2,]s,,0,,,171,165,5
322012090,2,]s,Ύ,0,,,-,-,-
322012100,2,]s,q,0,,,179,175,1
322012110,2,]s,,0,,,57,57,-
322012120,2,]s,TK,0,,,68,60,7
322012130,2,]s,nn,0,,,82,82,-
322012140,2,]s,x],0,,,144,140,4
322012150,2,]s,g,0,,,318,305,10
322012160,2,]s,],0,,,260,255,4
322012170,2,]s,],0,,,199,180,9
322012180,2,]s,C,0,,,-,-,-
322012190,2,]s,o_K,0,,,2437,1826,380
322012200,2,]s,o_ӓ,0,,,644,482,57
322012210,2,]s,o_ӓ,0,,,112,111,1
322012220,2,]s,o_t,0,,,207,201,2
322012230,2,]s,o_{,0,,,62,60,2
322012240,2,]s,o_n,0,,,57,56,1
322012250,2,]s,o_{c,0,,,73,72,-
322012261,2,]s,o_ѐV,0,,,700,380,304
32201226101,3,]s,o_ѐVP,0,,,116,42,72
32201226102,3,]s,o_ѐVQ,0,,,85,80,4
32201226103,3,]s,o_ѐVR,0,,,113,49,61
32201226104,3,]s,o_ѐVS,0,,,17,3,14
32201226105,3,]s,o_ѐVT,0,,,92,70,22
32201226106,3,]s,o_ѐVU,0,,,116,73,41
32201226107,3,]s,o_ѐVV,0,,,161,63,90
32201226108,3,]s,o_ѐVW,0,,,-,-,-
322012262,2,]s,o_o_,0,,,539,434,80
322012263,2,]s,o_ӉF,0,,,111,35,71
32201226301,3,]s,o_ӉFP,0,,,32,26,5
32201226302,3,]s,o_ӉFQ,0,,,12,3,9
32201226303,3,]s,o_ӉFR,1,,226304,10,2,8
32201226304,3,]s,o_ӉFS,2,226303,,X,X,X
32201226305,3,]s,o_ӉFT,0,,,8,1,6
32201226306,3,]s,o_ӉFU,0,,,49,3,43
322012264,2,]s,o_ӉF,0,,,220,157,56
32201226401,3,]s,o_ӉFP,0,,,88,63,20
32201226402,3,]s,o_ӉFQ,0,,,88,74,12
32201226403,3,]s,o_ӉFR,0,,,44,20,24
322012270,2,]s,o_ѕl,0,,,-,-,-
322012280,2,]s,,0,,,-,-,-
32202,1,lcs,,0,,,23884,15919,4576
322020010,2,lcs,OmY,0,,,26,24,1
322020020,2,lcs,,0,,,326,252,55
322020030,2,lcs,a,0,,,514,281,187
322020040,2,lcs,c,0,,,241,100,102
322020050,2,lcs,i,0,,,70,55,12
322020060,2,lcs,,0,,,428,181,223
322020070,2,lcs,s,0,,,68,49,17
322020080,2,lcs,,0,,,96,69,27
322020090,2,lcs,V,0,,,118,56,55
322020100,2,lcs,V,0,,,34,25,8
322020110,2,lcs,ђ,0,,,61,36,21
322020120,2,lcs,gq,0,,,68,35,23
322020130,2,lcs,h,0,,,36,29,7
322020140,2,lcs,В뒬,0,,,196,117,32
322020150,2,lcs,`,0,,,453,214,169
322020160,2,lcs,,0,,,54,43,9
322020170,2,lcs,c,0,,,120,86,28
322020180,2,lcs,^,0,,,46,37,8
322020190,2,lcs,Ғ,0,,,125,105,16
322020200,2,lcs,˃P,0,,,99,83,6
322020210,2,lcs,l,0,,,230,197,24
322020220,2,lcs,,0,,,68,36,27
322020230,2,lcs,,0,,,147,84,56
322020240,2,lcs,ˌ,0,,,124,93,19
322020250,2,lcs,,0,,,271,243,22
322020260,2,lcs,,0,,,1600,899,572
322020270,2,lcs,䒬,0,,,735,375,150
322020280,2,lcs,쒬,0,,,709,271,195
322020290,2,lcs,,0,,,926,398,442
322020300,2,lcs,|,0,,,570,301,139
322020310,2,lcs,˒,0,,,144,95,43
322020320,2,lcs,,0,,,119,54,48
322020330,2,lcs,͓,0,,,45,40,3
322020340,2,lcs,쌴,0,,,455,130,288
322020350,2,lcs,䒬,0,,,323,206,77
322020360,2,lcs,OK,0,,,98,90,4
322020370,2,lcs,,0,,,50,50,-
322020380,2,lcs,쒬,0,,,149,144,3
322020390,2,lcs,쒬,0,,,102,98,1
322020400,2,lcs,FÈ䒬,0,,,29,28,1
322020410,2,lcs,Mc,0,,,1502,924,169
322020420,2,lcs,l,0,,,790,601,81
322020430,2,lcs,z,0,,,586,368,178
322020440,2,lcs,r,0,,,735,456,105
322020450,2,lcs,a,0,,,402,240,49
322020460,2,lcs,Ö,0,,,151,144,5
322020470,2,lcs,gn,0,,,25,25,-
322020480,2,lcs,o,0,,,26,24,1
322020490,2,lcs,,0,,,188,162,20
322020500,2,lcs,܋,0,,,26,26,-
322020510,2,lcs,Β,0,,,27,26,-
322020520,2,lcs,Jc,1,,0570,25,25,-
322020530,2,lcs,c,0,,,65,63,2
322020540,2,lcs,R,0,,,48,47,1
322020550,2,lcs,,0,,,293,273,10
322020560,2,lcs,c,0,,,228,146,8
322020570,2,lcs,쒬,2,0520,,X,X,X
322020580,2,lcs,{,0,,,475,285,149
322020590,2,lcs,,0,,,872,682,52
322020600,2,lcs,v㒬,0,,,125,119,3
322020610,2,lcs,{,0,,,737,487,137
322020630,2,lcs,F쒬,0,,,120,111,6
322020640,2,lcs,L,0,,,79,77,1
322020650,2,lcs,,0,,,48,48,-
322020680,2,lcs,},0,,,296,96,6
322020700,2,lcs,l,0,,,-,-,-
322020710,2,lcs,钬v,0,,,171,168,2
322020720,2,lcs,钬,0,,,136,119,7
322020730,2,lcs,钬ǌ,0,,,78,73,2
322020740,2,lcs,钬,0,,,45,45,-
322020750,2,lcs,钬FÈ,0,,,15,15,-
322020760,2,lcs,钬㗈,0,,,80,79,-
322020770,2,lcs,钬,0,,,344,281,42
322020780,2,lcs,钬,0,,,457,350,24
322020790,2,lcs,钬g,0,,,139,126,2
322020800,2,lcs,钬c,0,,,62,60,1
322020810,2,lcs,钬,0,,,78,75,1
322020820,2,lcs,{,0,,,36,35,1
32202082001,3,lcs,{,0,,,13,12,1
32202082002,3,lcs,{mJ,0,,,12,12,-
32202082003,3,lcs,{lm,1,,082004,11,11,-
32202082004,3,lcs,{c,2,082003,,X,X,X
322020830,2,lcs,s,0,,,203,161,17
32202083001,3,lcs,sJ,0,,,15,14,1
32202083002,3,lcs,sXJ,0,,,18,18,-
32202083003,3,lcs,s,0,,,12,9,3
32202083004,3,lcs,su,0,,,22,-,-
32202083006,3,lcs,s,0,,,31,25,5
32202083007,3,lcs,sh,0,,,5,5,-
32202083008,3,lcs,sÉ,0,,,30,25,3
32202083009,3,lcs,sV,0,,,38,33,5
32202083010,3,lcs,smJ,0,,,11,11,-
32202083011,3,lcs,s_㉮,0,,,21,21,-
322020840,2,lcs,ی,0,,,365,100,7
32202084001,3,lcs,ی,0,,,5,5,-
32202084002,3,lcs,یی,0,,,9,8,1
32202084003,3,lcs,ی,0,,,14,13,1
32202084004,3,lcs,یJ,1,,084005,12,12,-
32202084005,3,lcs,یJ,2,084004,,X,X,X
32202084007,3,lcs,ی,0,,,31,27,2
32202084008,3,lcs,ی\,0,,,56,-,1
32202084009,3,lcs,یnJ,0,,,50,15,-
32202084010,3,lcs,ی_{,0,,,18,17,1
32202084011,3,lcs,یc,0,,,5,3,1
32202084012,3,lcs,ی썂Q,0,,,-,-,-
32202084013,3,lcs,ی썂,0,,,165,-,-
322020850,2,lcs,ؓc,0,,,98,92,4
32202085001,3,lcs,ؓcؓcW,0,,,8,8,-
32202085002,3,lcs,ؓcؓcV,0,,,7,7,-
32202085003,3,lcs,ؓcؓcP,0,,,17,17,-
32202085004,3,lcs,ؓcؓcQ̉,0,,,11,11,-
32202085005,3,lcs,ؓcؓcQ̏,0,,,8,5,2
32202085006,3,lcs,ؓcؓcS,0,,,12,12,-
32202085007,3,lcs,ؓcؓcR,0,,,15,13,1
32202085008,3,lcs,ؓcؓcU,0,,,12,12,-
32202085009,3,lcs,ؓcؓcT,0,,,8,7,1
322020860,2,lcs,Rm,0,,,13,12,1
322020870,2,lcs,ac,0,,,66,65,1
32202087001,3,lcs,acac,0,,,11,11,-
32202087002,3,lcs,acac,0,,,15,15,-
32202087003,3,lcs,acJ,0,,,4,4,-
32202087004,3,lcs,acac,0,,,16,15,1
32202087005,3,lcs,acΒJ,0,,,10,10,-
32202087006,3,lcs,acVÒJ,0,,,10,10,-
322020880,2,lcs,dx,0,,,50,46,4
32202088001,3,lcs,dxdx,0,,,21,21,-
32202088002,3,lcs,dxdx,0,,,29,25,4
322020890,2,lcs,{,0,,,104,89,4
32202089001,3,lcs,{{,0,,,55,41,4
32202089002,3,lcs,{ː,0,,,22,21,-
32202089003,3,lcs,{{,0,,,27,27,-
322020900,2,lcs,s,0,,,128,121,7
32202090001,3,lcs,ssP,0,,,13,13,-
32202090002,3,lcs,ssQ,0,,,25,25,-
32202090003,3,lcs,ssR,0,,,24,22,2
32202090004,3,lcs,ssS,0,,,32,28,4
32202090005,3,lcs,ssT,0,,,26,25,1
32202090007,3,lcs,ssV,0,,,8,8,-
322020910,2,lcs,,0,,,20,20,-
32202091001,3,lcs,㗈,0,,,8,8,-
32202091002,3,lcs,\ʂ,2,091003,,X,X,X
32202091003,3,lcs,,1,,091002,12,12,-
322020920,2,lcs,s,0,,,105,104,-
32202092001,3,lcs,s؉z,0,,,26,26,-
32202092002,3,lcs,sؕ,0,,,12,12,-
32202092003,3,lcs,s؊L,0,,,16,16,-
32202092004,3,lcs,sؓ,0,,,8,8,-
32202092005,3,lcs,sؑ,0,,,18,18,-
32202092006,3,lcs,sؒS,0,,,25,24,-
322020930,2,lcs,h{,0,,,74,42,4
322020940,2,lcs,hO,1,,0950,31,27,3
322020950,2,lcs,h,2,0940,,X,X,X
322020960,2,lcs,h,0,,,17,17,-
322020970,2,lcs,h,0,,,25,24,1
322020980,2,lcs,h,0,,,30,25,3
322020990,2,lcs,hc,0,,,20,17,3
322021000,2,lcs,h,0,,,45,41,4
322021010,2,lcs,hȖ,0,,,48,41,-
322021020,2,lcs,hؓs,0,,,191,141,14
322021030,2,lcs,h,0,,,35,33,2
322021040,2,lcs,hc쌴,0,,,7,5,2
322021050,2,lcs,O,0,,,484,410,14
322021060,2,lcs,OÎs,0,,,376,277,80
322021070,2,lcs,OY,0,,,145,129,12
322021080,2,lcs,O͓,0,,,234,221,6
322021090,2,lcs,O܋,0,,,65,61,1
322021100,2,lcs,O,0,,,45,43,2
322021110,2,lcs,OO,0,,,418,314,44
322021120,2,lcs,Oc,0,,,314,140,138
322021130,2,lcs,O͓,0,,,85,78,2
322021140,2,lcs,O,0,,,19,18,1
322021150,2,lcs,OØa,0,,,67,62,1
322021160,2,lcs,O,1,,1170,28,28,-
322021170,2,lcs,OØa,2,1160,,X,X,X
322021180,2,lcs,O,0,,,6,6,-
322021190,2,lcs,OJ,0,,,45,41,3
322021200,2,lcs,O,0,,,252,239,4
322021210,2,lcs,OJ,0,,,43,39,2
32203,1,o_s,,0,,,58866,41051,13109
322030011,2,o_s,wk,0,,,-,-,-
322030012,2,o_s,s,0,,,1823,1232,259
322030020,2,o_s,sk{,0,,,460,294,146
32203002001,3,o_s,sk{P,0,,,45,36,7
32203002002,3,o_s,sk{Q,0,,,142,101,35
32203002003,3,o_s,sk{R,0,,,57,41,13
32203002004,3,o_s,sk{S,0,,,157,92,59
32203002005,3,o_s,sk{T,0,,,59,24,32
322030030,2,o_s,s{,0,,,148,62,81
322030040,2,o_s,Ò,0,,,2640,1819,524
322030050,2,o_s,ÐV蒬,0,,,252,105,95
32203005001,3,o_s,ÐV蒬P,0,,,24,11,12
32203005002,3,o_s,ÐV蒬Q,0,,,6,4,2
32203005003,3,o_s,ÐV蒬R,0,,,20,11,-
32203005004,3,o_s,ÐV蒬S,0,,,67,21,44
32203005005,3,o_s,ÐV蒬T,0,,,46,14,27
32203005006,3,o_s,ÐV蒬U,0,,,49,21,8
32203005007,3,o_s,ÐV蒬V,0,,,40,23,2
322030060,2,o_s,㉖蒬,0,,,1419,759,601
322030070,2,o_s,蒬,0,,,2419,923,1132
322030080,2,o_s,V_,0,,,1343,427,527
322030090,2,o_s,L,0,,,601,198,212
32203009001,3,o_s,LP,1,,009002,181,52,28
32203009002,3,o_s,LQ,2,009001,,X,X,X
32203009003,3,o_s,LR,0,,,77,21,53
32203009004,3,o_s,LS,0,,,72,63,8
32203009005,3,o_s,LT,0,,,56,25,29
32203009006,3,o_s,LU,0,,,215,37,94
322030100,2,o_s,蒬쒬,0,,,215,48,163
32203010001,3,o_s,蒬쒬P,2,010002,,X,X,X
32203010002,3,o_s,蒬쒬Q,1,,010001,51,4,47
32203010003,3,o_s,蒬쒬R,0,,,58,10,46
32203010004,3,o_s,蒬쒬S,0,,,40,5,34
32203010005,3,o_s,蒬쒬T,0,,,66,29,36
322030110,2,o_s,_O,0,,,625,163,447
32203011001,3,o_s,_OP,0,,,67,25,41
32203011002,3,o_s,_OQ,0,,,102,23,76
32203011003,3,o_s,_OR,0,,,150,49,95
32203011004,3,o_s,_OS,0,,,123,32,90
32203011005,3,o_s,_OT,0,,,24,18,4
32203011006,3,o_s,_OU,0,,,159,16,141
322030120,2,o_s,쒬,0,,,169,60,107
32203012001,3,o_s,쒬P,0,,,22,7,15
32203012002,3,o_s,쒬Q,0,,,101,35,65
32203012003,3,o_s,쒬R,0,,,46,18,27
322030130,2,o_s,茴,0,,,128,35,89
32203013001,3,o_s,茴P,0,,,42,13,26
32203013002,3,o_s,茴Q,0,,,86,22,63
322030140,2,o_s,Îu,0,,,728,531,117
322030150,2,o_s,l,0,,,498,418,37
322030160,2,o_s,,0,,,473,348,117
322030170,2,o_s,},0,,,1183,573,533
322030180,2,o_s,񉺒,0,,,962,694,205
322030190,2,o_s,,0,,,251,185,60
322030200,2,o_s,쒬,0,,,406,243,153
322030211,2,o_s,P,0,,,489,143,318
32203021101,3,o_s,PP,0,,,155,38,114
32203021102,3,o_s,PQ,0,,,197,78,112
32203021103,3,o_s,PR,0,,,108,25,67
32203021104,3,o_s,PS,0,,,29,2,25
322030212,2,o_s,P,0,,,206,110,87
322030220,2,o_s,R,0,,,1849,755,842
322030230,2,o_s,˒,0,,,473,245,206
322030240,2,o_s,n,0,,,1343,423,832
322030250,2,o_s,,0,,,186,185,1
322030260,2,o_s,,0,,,57,57,-
322030270,2,o_s,,0,,,415,333,73
322030280,2,o_s,쒬,0,,,248,206,32
322030290,2,o_s,폼,0,,,104,65,37
322030300,2,o_s,,0,,,48,45,3
322030310,2,o_s,]c,0,,,71,31,10
322030320,2,o_s,u,0,,,752,488,250
322030331,2,o_s,ۖk,0,,,136,49,78
32203033101,3,o_s,ۖkP,0,,,59,22,35
32203033102,3,o_s,ۖkQ,0,,,56,15,36
32203033103,3,o_s,ۖkR,0,,,21,12,7
322030332,2,o_s,쒬,0,,,873,438,399
322030340,2,o_s,`,0,,,568,305,246
322030350,2,o_s,,0,,,445,287,145
322030360,2,o_s,,0,,,765,467,279
322030370,2,o_s,іؒ,0,,,192,135,53
322030380,2,o_s,іؒ,0,,,275,267,5
322030390,2,o_s,DÒ,0,,,82,82,-
322030400,2,o_s,㓇,0,,,267,259,-
322030410,2,o_s,J,0,,,18,17,1
322030420,2,o_s,B,0,,,333,331,-
322030430,2,o_s,K,0,,,65,64,-
322030440,2,o_s,Fߎ蒬,0,,,99,97,-
322030450,2,o_s,nؒ,0,,,71,68,-
322030460,2,o_s,R,0,,,118,117,1
322030470,2,o_s,,0,,,231,228,1
322030480,2,o_s,Xv,0,,,62,62,-
322030490,2,o_s,,0,,,200,195,2
322030500,2,o_s,Îu,0,,,643,473,161
322030510,2,o_s,n,0,,,274,233,35
322030520,2,o_s,_咬,0,,,300,268,27
322030530,2,o_s,m{,0,,,852,631,152
322030540,2,o_s,_,0,,,165,150,11
322030550,2,o_s,_,0,,,160,156,2
322030560,2,o_s,_,0,,,461,350,89
322030570,2,o_s,哇,0,,,125,110,9
322030580,2,o_s,_V,0,,,105,101,-
322030590,2,o_s,r,0,,,577,492,50
322030600,2,o_s,,0,,,318,177,129
322030610,2,o_s,,0,,,478,460,13
322030620,2,o_s,O,0,,,155,146,5
322030630,2,o_s,l,0,,,-,-,-
322030640,2,o_s,,0,,,-,-,-
322030650,2,o_s,nؖk,0,,,34,32,2
322030670,2,o_s,V,0,,,282,226,52
32203067001,3,o_s,VP,0,,,68,44,22
32203067002,3,o_s,VQ,0,,,40,22,18
32203067003,3,o_s,VR,0,,,174,160,12
322030680,2,o_s,c,0,,,1902,1581,283
322030690,2,o_s,c,0,,,257,160,81
322030700,2,o_s,啪,0,,,922,761,91
322030710,2,o_s,o,0,,,-,-,-
322030720,2,o_s,,0,,,91,90,-
322030730,2,o_s,k,0,,,203,150,1
322030740,2,o_s,㒬,0,,,203,189,11
322030750,2,o_s,x,0,,,330,300,25
322030760,2,o_s,F꒬,0,,,86,85,1
322030770,2,o_s,,0,,,109,105,1
322030780,2,o_s,{,0,,,67,67,-
322030790,2,o_s,c,0,,,119,117,-
322030800,2,o_s,F꒬,0,,,128,126,2
322030810,2,o_s,͉,0,,,129,125,1
322030820,2,o_s,쒬,0,,,42,42,-
322030830,2,o_s,ʏ,0,,,15,15,-
322030840,2,o_s,ڒ,0,,,29,29,-
322030850,2,o_s,,0,,,87,81,4
322030860,2,o_s,,0,,,439,320,7
322030870,2,o_s,v,0,,,37,35,-
322030880,2,o_s,ΒJ,0,,,51,50,-
322030890,2,o_s,㉪c,0,,,67,65,-
322030900,2,o_s,c,0,,,50,49,-
322030910,2,o_s,vJ,0,,,121,119,1
322030920,2,o_s,v,0,,,232,156,5
322030930,2,o_s,,0,,,285,282,2
322030940,2,o_s,,0,,,129,125,2
322030950,2,o_s,,0,,,312,204,6
322030960,2,o_s,Ò,0,,,108,107,-
322030970,2,o_s,\Z,0,,,153,148,2
322030980,2,o_s,Y,0,,,31,30,-
322030990,2,o_s,Ò,0,,,55,54,-
322031000,2,o_s,ے,0,,,31,31,-
322031010,2,o_s,OÒ,0,,,184,180,-
322031020,2,o_s,ɒÒ,0,,,170,144,6
322031030,2,o_s,Y,0,,,131,130,-
322031040,2,o_s,n,0,,,57,57,-
322031050,2,o_s,싽,0,,,165,165,-
322031060,2,o_s,쒬,0,,,149,147,-
322031070,2,o_s,c,0,,,67,66,-
322031080,2,o_s,c{,0,,,111,108,-
322031090,2,o_s,cc,0,,,72,72,-
322031100,2,o_s,cC,0,,,158,150,1
322031110,2,o_s,c,0,,,194,175,6
322031120,2,o_s,cg,0,,,23,23,-
322031130,2,o_s,cEc,0,,,166,154,3
322031140,2,o_s,cђ,0,,,30,30,-
322031150,2,o_s,cÖ,0,,,29,29,-
322031160,2,o_s,cÉ,0,,,11,11,-
322031170,2,o_s,cg,0,,,42,41,1
322031180,2,o_s,c㋴g,0,,,27,27,-
322031190,2,o_s,c,0,,,58,57,-
322031200,2,o_s,c,0,,,80,77,-
322031210,2,o_s,꒬cV,0,,,53,51,-
322031220,2,o_s,꒬cV,0,,,295,263,2
322031230,2,o_s,꒬c,0,,,351,307,6
322031240,2,o_s,꒬,0,,,234,180,2
322031250,2,o_s,꒬v,0,,,272,234,1
322031260,2,o_s,꒬_,0,,,15,15,-
322031270,2,o_s,Η˒,0,,,286,279,5
322031280,2,o_s,Η˒O,0,,,337,303,29
322031290,2,o_s,Η˒y,0,,,123,61,-
322031300,2,o_s,Η˒,0,,,27,27,-
322031310,2,o_s,Η˒C,0,,,434,401,17
322031320,2,o_s,Η˒,0,,,138,130,7
322031330,2,o_s,Η˒r,0,,,380,305,20
322031340,2,o_s,Вnz,0,,,300,284,8
322031350,2,o_s,Вnz,0,,,603,552,38
322031360,2,o_s,Вnz,0,,,609,532,16
322031370,2,o_s,Вnzk,0,,,318,305,8
322031380,2,o_s,Вr,0,,,557,442,48
322031390,2,o_s,Вkr,0,,,897,725,98
322031400,2,o_s,ВC,0,,,447,421,22
322031410,2,o_s,ВH,0,,,178,137,2
322031420,2,o_s,В,0,,,194,191,1
322031430,2,o_s,Вꡊ,0,,,278,260,12
322031440,2,o_s,В,0,,,118,114,1
322031450,2,o_s,ВF,0,,,112,110,-
322031460,2,o_s,ВY,0,,,76,70,5
322031470,2,o_s,ВL,0,,,33,32,1
322031480,2,o_s,w쒬,0,,,190,80,95
32203148001,3,o_s,w쒬P,0,,,98,23,72
32203148002,3,o_s,w쒬Q,0,,,47,40,6
32203148003,3,o_s,w쒬R,0,,,45,17,17
322031490,2,o_s,Òq,0,,,586,162,373
32203149001,3,o_s,ÒqP,0,,,219,111,82
32203149002,3,o_s,ÒqQ,0,,,138,31,99
32203149003,3,o_s,ÒqR,0,,,229,20,192
322031500,2,o_s,}Ò,0,,,108,47,58
322031510,2,o_s,Ps,0,,,119,80,36
322031520,2,o_s,ۓ,0,,,179,78,99
32203152001,3,o_s,ۓP,0,,,58,38,20
32203152002,3,o_s,ۓQ,0,,,102,34,68
32203152003,3,o_s,ۓR,0,,,19,6,11
322031530,2,o_s,厚w,0,,,312,278,20
322031540,2,o_s,厚,0,,,1264,928,188
322031550,2,o_s,厚_,0,,,125,125,-
322031560,2,o_s,厚㏯,0,,,319,252,64
322031570,2,o_s,厚O,0,,,114,114,-
322031580,2,o_s,厚{,0,,,122,120,1
322031590,2,o_s,厚o,0,,,398,364,33
322031600,2,o_s,厚_X,0,,,302,234,63
322031610,2,o_s,厚@,0,,,188,178,9
322031620,2,o_s,厚,0,,,472,401,66
322031630,2,o_s,厚x,0,,,491,301,168
322031640,2,o_s,厚,0,,,82,81,1
322031650,2,o_s,厚,0,,,80,78,2
322031660,2,o_s,厚㒼],0,,,1303,864,241
322031670,2,o_s,厚],0,,,1278,714,317
322031680,2,o_s,厚,0,,,162,153,5
322031690,2,o_s,厚x,0,,,120,92,3
322031700,2,o_s,厚,0,,,193,189,3
322031710,2,o_s,厚݉,0,,,154,133,19
322031720,2,o_s,厚F,0,,,210,143,62
322031730,2,o_s,厚F,0,,,190,143,42
322031740,2,o_s,厚,0,,,172,168,3
322031750,2,o_s,厚Os,0,,,281,277,3
322031760,2,o_s,厚c,0,,,230,226,-
32204,1,vcs,,0,,,18731,13806,3128
322040010,2,vcs,K,0,,,428,230,113
322040020,2,vcs,y䒬,0,,,135,107,10
322040030,2,vcs,{,0,,,119,95,24
322040040,2,vcs,,0,,,286,210,71
322040050,2,vcs,H,0,,,118,97,11
322040060,2,vcs,O,0,,,253,161,72
322040070,2,vcs,,0,,,902,593,123
322040080,2,vcs,a,0,,,219,108,102
322040090,2,vcs,c,0,,,238,139,34
322040100,2,vcs,L,0,,,130,64,64
322040110,2,vcs,Ւ,0,,,162,89,66
322040120,2,vcs,,0,,,264,214,42
322040130,2,vcs,,0,,,233,149,81
322040140,2,vcs,ԏ钬,0,,,303,175,97
322040150,2,vcs,wO,0,,,338,209,91
322040160,2,vcs,h,0,,,115,83,30
322040170,2,vcs,gc,0,,,455,269,169
322040180,2,vcs,,0,,,516,334,171
322040190,2,vcs,{,0,,,242,172,66
322040191,2,vcs,ܖk,0,,,43,2,36
322040192,2,vcs,ܓ,0,,,49,10,36
322040193,2,vcs,ܐ,0,,,60,15,45
322040200,2,vcs,v钬,0,,,968,740,93
322040210,2,vcs,{,0,,,666,481,116
322040220,2,vcs,g,0,,,672,338,297
322040230,2,vcs,ڂ̐,0,,,148,54,86
322040240,2,vcs,ڂ̖{,0,,,146,37,98
322040250,2,vcs,ڂ̓,0,,,65,29,36
322040260,2,vcs,{q,0,,,815,447,84
322040271,2,vcs,,0,,,2127,1429,432
32204027101,3,vcs,È꒚,0,,,425,313,69
32204027102,3,vcs,Ó񒚖,0,,,317,198,47
32204027103,3,vcs,ÎO,0,,,124,102,13
32204027104,3,vcs,Îl,0,,,352,201,100
32204027105,3,vcs,Ìܒ,1,,027107,378,260,37
32204027106,3,vcs,ØZ,0,,,526,350,166
32204027107,3,vcs,Î,2,027105,,X,X,X
32204027108,3,vcs,Ô,0,,,5,5,-
322040272,2,vcs,Ò,0,,,229,191,35
322040280,2,vcs,ѓc,0,,,154,145,9
322040290,2,vcs,c,0,,,1221,944,89
322040300,2,vcs,Óc,0,,,191,180,11
322040310,2,vcs,ؕ,0,,,220,216,2
322040320,2,vcs,yc,0,,,103,96,1
322040330,2,vcs,,0,,,240,227,11
322040340,2,vcs,R,0,,,62,62,-
322040350,2,vcs,풬,0,,,81,80,1
322040360,2,vcs,푺,0,,,23,23,-
322040370,2,vcs,呐,0,,,74,72,2
322040380,2,vcs,Rܒ,0,,,41,41,-
322040390,2,vcs,q,0,,,33,30,-
322040400,2,vcs,Ԋ咬,0,,,27,26,1
322040410,2,vcs,J,1,,0430;0440,179,153,21
322040420,2,vcs,vXΒ,0,,,155,116,3
322040430,2,vcs,q,2,0410,,X,X,X
322040440,2,vcs,ȎR,2,0410,,X,X,X
322040450,2,vcs,gc,0,,,61,60,-
322040460,2,vcs,gc,0,,,25,24,1
322040470,2,vcs,nJ,0,,,33,33,-
322040480,2,vcs,,0,,,24,22,-
322040490,2,vcs,c,0,,,521,463,35
322040500,2,vcs,x,0,,,205,187,15
322040510,2,vcs,~,0,,,40,40,-
322040520,2,vcs,{꒬,0,,,69,69,-
322040530,2,vcs,PR,0,,,54,53,-
322040540,2,vcs,_c,0,,,177,161,14
322040550,2,vcs,c,0,,,135,129,1
322040560,2,vcs,,0,,,100,98,2
322040570,2,vcs,⒬,0,,,65,62,1
322040580,2,vcs,,0,,,21,21,-
322040590,2,vcs,ؒJ,0,,,11,10,-
322040600,2,vcs,㍕J,0,,,77,67,2
322040610,2,vcs,j,0,,,63,60,2
322040620,2,vcs,,0,,,56,54,2
322040630,2,vcs,,0,,,22,22,-
322040640,2,vcs,h,0,,,11,11,-
322040650,2,vcs,Zn,0,,,95,94,1
322040660,2,vcs,Lc,0,,,33,32,1
322040670,2,vcs,숢풬,0,,,197,194,3
322040680,2,vcs,˓c,0,,,189,178,9
322040690,2,vcs,l,0,,,71,70,-
322040700,2,vcs,щY,0,,,126,120,4
322040710,2,vcs,c,0,,,69,68,1
322040720,2,vcs,s,0,,,70,70,-
322040730,2,vcs,ǒ,0,,,105,103,2
322040740,2,vcs,㒬,0,,,266,256,6
322040750,2,vcs,_,0,,,79,79,-
322040760,2,vcs,o,0,,,59,58,1
322040770,2,vcs,sR{,0,,,103,86,2
322040780,2,vcs,ss,0,,,169,154,5
322040790,2,vcs,sv,0,,,9,9,-
322040800,2,vcs,sۖ,0,,,75,66,1
322040810,2,vcs,sFÐ,0,,,86,66,1
322040820,2,vcs,s,0,,,17,17,-
322040830,2,vcs,sq,0,,,26,26,-
322040840,2,vcs,sq,0,,,33,33,-
322040850,2,vcs,s,0,,,34,34,-
322040860,2,vcs,sOJ,0,,,34,34,-
322040870,2,vcs,s哹,0,,,200,137,9
322040880,2,vcs,CC,0,,,203,165,16
322040890,2,vcs,Cc,0,,,148,138,6
322040900,2,vcs,CΒJ,0,,,23,20,-
322040910,2,vcs,C,0,,,80,73,-
322040920,2,vcs,CL,0,,,32,31,1
322040930,2,vcs,C,0,,,25,22,2
322040940,2,vcs,C,0,,,57,45,-
32205,1,cs,,0,,,13435,11136,1580
322050010,2,cs,c,0,,,3367,2191,937
32205001001,3,cs,cc,0,,,2856,1825,855
32205001002,3,cs,cc,0,,,261,204,43
32205001003,3,cs,cgi,0,,,218,132,39
32205001004,3,cs,c,0,,,32,30,-
322050020,2,cs,썇,0,,,584,554,21
32205002001,3,cs,썇썇,0,,,390,369,16
32205002002,3,cs,썇E,0,,,46,46,-
32205002003,3,cs,썇gi,0,,,148,139,5
322050030,2,cs,Orircj,0,,,260,255,4
32205003001,3,cs,Orircjrc,0,,,193,188,4
32205003002,3,cs,Orircj,0,,,67,67,-
322050040,2,cs,Oriuwj,0,,,233,219,14
32205004001,3,cs,Oriuwjuw,0,,,206,192,14
32205004002,3,cs,OriuwjR,0,,,27,27,-
322050050,2,cs,Orij,0,,,73,73,-
32205005001,3,cs,Orij,0,,,53,53,-
32205005002,3,cs,Orij,0,,,20,20,-
322050060,2,cs,R,0,,,106,105,-
32205006001,3,cs,RR,0,,,82,81,-
32205006002,3,cs,RÖ,0,,,24,24,-
322050070,2,cs,xR,0,,,202,201,1
32205007001,3,cs,xRR,0,,,116,116,-
32205007002,3,cs,xRˍ,0,,,39,38,1
32205007003,3,cs,xR_,0,,,47,47,-
322050080,2,cs,R,0,,,179,173,3
32205008001,3,cs,Rq,0,,,99,94,3
32205008002,3,cs,RR,0,,,80,79,-
322050090,2,cs,g,0,,,464,443,14
322050100,2,cs,v蒬,0,,,1495,1244,109
32205010001,3,cs,v蒬g,0,,,617,581,23
32205010002,3,cs,v蒬h,0,,,878,663,86
322050110,2,cs,䒬,0,,,415,407,5
322050120,2,cs,v,0,,,1044,706,241
32205012001,3,cs,vv,0,,,756,433,229
32205012002,3,cs,vy],0,,,105,92,10
32205012003,3,cs,vp,0,,,115,113,2
32205012004,3,cs,v,0,,,68,68,-
322050130,2,cs,ÊԒ,0,,,472,457,12
322050140,2,cs,܏\Ғ,0,,,479,461,16
322050150,2,cs,剮,0,,,142,140,2
32205015001,3,cs,剮剮,0,,,50,49,1
32205015002,3,cs,剮S,0,,,54,54,-
32205015003,3,cs,剮卑,0,,,38,37,1
322050160,2,cs,v,0,,,473,434,22
32205016001,3,cs,vv,0,,,185,180,3
32205016002,3,cs,vs,0,,,42,41,-
32205016003,3,cs,v,0,,,20,20,-
32205016004,3,cs,v,0,,,80,76,4
32205016005,3,cs,vsP,0,,,146,117,15
322050170,2,cs,X,0,,,178,140,23
322050180,2,cs,㒬,0,,,183,174,3
32205018001,3,cs,㒬,0,,,73,72,-
32205018002,3,cs,㒬,0,,,22,18,-
32205018003,3,cs,㒬Ov{,0,,,34,33,1
32205018004,3,cs,㒬,0,,,54,51,2
322050190,2,cs,c,0,,,131,129,2
322050200,2,cs,㒬,0,,,153,150,1
32205020001,3,cs,㒬,0,,,91,89,1
32205020002,3,cs,㒬V,0,,,62,61,-
322050210,2,cs,Ò,0,,,218,156,12
322050220,2,cs,Òl,0,,,182,154,19
322050230,2,cs,Ò㑺,0,,,43,41,2
322050240,2,cs,Òь,0,,,19,19,-
322050250,2,cs,Ò,0,,,186,178,4
322050260,2,cs,Òc,0,,,43,43,-
322050270,2,cs,Ò,0,,,200,191,5
322050280,2,cs,ÒY,0,,,50,47,1
322050290,2,cs,ÒgY,0,,,42,30,2
322050300,2,cs,Òc,0,,,119,106,12
322050310,2,cs,Òc,0,,,78,78,-
322050320,2,cs,Òc,0,,,26,24,1
322050330,2,cs,Ò,0,,,24,23,1
322050340,2,cs,m,0,,,214,205,6
322050350,2,cs,mm,0,,,749,614,64
322050360,2,cs,mV͓,0,,,170,154,7
322050370,2,cs,m卑,0,,,179,168,5
322050380,2,cs,mnH,0,,,260,249,9
32206,1,s,,0,,,12590,10323,1336
322060010,2,s,ѓ,0,,,760,428,277
322060020,2,s,,0,,,1989,1417,445
322060030,2,s,T,0,,,-,-,-
322060040,2,s,{,0,,,301,202,96
322060050,2,s,\_,0,,,76,48,25
322060060,2,s,c,0,,,874,515,189
322060070,2,s,V\_,0,,,157,144,11
322060080,2,s,bT,0,,,-,-,-
322060090,2,s,c,0,,,147,138,6
322060100,2,s,吶,0,,,62,55,6
322060110,2,s,C,2,0120,,X,X,X
322060120,2,s,g,1,,0110;0550,136,85,46
322060130,2,s,vے,0,,,67,64,3
322060140,2,s,d,0,,,27,27,-
322060150,2,s,c,0,,,29,28,1
322060160,2,s,,0,,,33,33,-
322060170,2,s,Fꑑ,0,,,100,98,1
322060180,2,s,䒬,0,,,47,45,2
322060190,2,s,,0,,,28,28,-
322060200,2,s,g,0,,,35,35,-
322060210,2,s,,0,,,36,34,1
322060220,2,s,܍⒬,0,,,36,36,-
322060230,2,s,`J,0,,,30,29,-
322060240,2,s,ؒ,0,,,23,23,-
322060250,2,s,˒,0,,,275,241,3
322060260,2,s,gc,0,,,53,52,1
322060270,2,s,gc,0,,,76,76,-
322060280,2,s,\`,0,,,21,20,1
322060290,2,s,,0,,,31,30,1
322060300,2,s,ԍ蒬,0,,,61,61,-
322060310,2,s,⒬,0,,,129,96,7
322060320,2,s,,0,,,58,58,-
322060330,2,s,O,0,,,59,59,-
322060340,2,s,ѐ,0,,,64,63,-
322060350,2,s,c,0,,,34,34,-
322060360,2,s,c,0,,,86,86,-
322060370,2,s,䒬,0,,,33,32,1
322060380,2,s,ї,0,,,98,98,-
322060390,2,s,M,0,,,25,25,-
322060400,2,s,_뒬,0,,,26,26,-
322060410,2,s,Ac,0,,,86,85,1
322060420,2,s,Ð쒬,0,,,39,35,1
322060430,2,s,r,0,,,36,33,2
322060440,2,s,r,0,,,714,628,61
322060450,2,s,ԍ],0,,,313,296,14
322060460,2,s,v,0,,,107,77,1
322060470,2,s,,0,,,24,24,-
322060480,2,s,ԍ],0,,,308,299,4
322060490,2,s,ԍ],0,,,154,142,2
322060500,2,s,c,0,,,161,158,1
322060510,2,s,Ò,0,,,185,149,24
322060520,2,s,c,0,,,38,32,-
322060530,2,s,ؐ쒬,0,,,380,226,34
322060540,2,s,Ò,0,,,87,86,1
322060550,2,s,,2,0120,,X,X,X
322060560,2,s,C,0,,,-,-,-
322060570,2,s,肪u,0,,,175,144,1
322060580,2,s,LΌ,0,,,88,62,1
322060590,2,s,L,0,,,243,165,5
322060600,2,s,Lxc,0,,,65,65,-
322060610,2,s,LL,0,,,686,622,33
322060620,2,s,LcJ,0,,,47,47,-
322060630,2,s,LR,0,,,133,132,1
322060640,2,s,L,0,,,74,74,-
322060650,2,s,Lc,0,,,179,171,7
322060660,2,s,L,0,,,76,75,-
322060670,2,s,Lc,0,,,119,117,2
322060680,2,s,LJ,0,,,64,63,1
322060690,2,s,Lc,0,,,66,66,-
322060700,2,s,LR,0,,,147,144,1
322060710,2,s,Lz,0,,,215,209,2
322060720,2,s,LFg,0,,,88,88,-
322060730,2,s,cR`,0,,,24,24,-
322060740,2,s,c,0,,,39,38,-
322060750,2,s,c{,0,,,20,20,-
322060760,2,s,,0,,,23,23,-
322060770,2,s,c,0,,,79,76,-
322060780,2,s,c,0,,,234,187,2
322060790,2,s,ꗢ,0,,,173,142,-
322060800,2,s,ꗢ,0,,,153,150,3
322060810,2,s,ꗢ,0,,,93,64,1
322060820,2,s,K,0,,,99,95,3
322060830,2,s,],0,,,27,27,-
322060840,2,s,{Ry,0,,,39,39,-
322060850,2,s,,0,,,29,29,-
322060860,2,s,,0,,,36,35,1
322060870,2,s,V,0,,,46,46,-
322060880,2,s,ԉ,0,,,41,32,1
322060890,2,s,|,0,,,61,59,1
322060900,2,s,㏬|,0,,,52,52,-
322060910,2,s,\N,0,,,36,35,1
322060920,2,s,\N,0,,,45,45,-
322060930,2,s,,0,,,22,22,-
32207,1,]Îs,,0,,,9870,7561,1265
322070010,2,]Îs,]Ò,0,,,840,544,120
322070020,2,]Îs,̐,0,,,18,18,-
322070030,2,]Îs,c,0,,,28,27,1
322070040,2,]Îs,약,0,,,92,88,1
32207004001,3,]Îs,약,0,,,77,73,1
32207004002,3,]Îs,약c,0,,,15,15,-
322070050,2,]Îs,,0,,,7,7,-
322070060,2,]Îs,,0,,,9,9,-
322070070,2,]Îs,c,0,,,79,78,1
322070080,2,]Îs,Վs,0,,,149,136,5
322070090,2,]Îs,L,0,,,165,135,14
32207009001,3,]Îs,L,0,,,140,111,14
32207009002,3,]Îs,L򒬖{,0,,,25,24,-
322070100,2,]Îs,gq,0,,,319,291,20
322070110,2,]Îs,h쒬,0,,,651,444,133
322070120,2,]Îs,{,0,,,1258,843,225
32207012001,3,]Îs,{_,0,,,1176,761,225
32207012002,3,]Îs,{_,0,,,76,76,-
32207012003,3,]Îs,{H,0,,,6,6,-
322070130,2,]Îs,sÒ,0,,,1159,900,197
322070140,2,]Îs,aؒ,0,,,632,514,95
322070150,2,]Îs,Ëvu,0,,,1309,865,279
322070160,2,]Îs,nÒ,0,,,730,570,86
322070170,2,]Îs,󗘒,0,,,417,288,33
322070180,2,]Îs,n,0,,,280,246,9
322070190,2,]Îs,s,0,,,136,132,2
322070200,2,]Îs,,0,,,161,145,14
322070210,2,]Îs,gϒ,0,,,128,125,1
32207021001,3,]Îs,gϒk,0,,,47,46,1
32207021002,3,]Îs,gϒ{,0,,,66,64,-
32207021003,3,]Îs,gϒ,0,,,15,15,-
322070220,2,]Îs,쒬,0,,,246,224,5
32207022001,3,]Îs,쒬c,2,022002,,X,X,X
32207022002,3,]Îs,쒬È,1,,022001,31,31,-
32207022003,3,]Îs,쒬,0,,,20,19,-
32207022004,3,]Îs,쒬s,0,,,63,58,3
32207022005,3,]Îs,쒬͌,0,,,26,26,-
32207022006,3,]Îs,쒬͌,0,,,22,19,2
32207022007,3,]Îs,쒬_,0,,,36,36,-
32207022008,3,]Îs,쒬c,0,,,48,35,-
322070230,2,]Îs,]R,0,,,21,21,-
322070240,2,]Îs,],0,,,121,116,3
322070250,2,]Îs,]c,0,,,96,77,-
322070260,2,]Îs,]sR,0,,,126,117,5
322070270,2,]Îs,]JZ,0,,,188,171,4
322070280,2,]Îs,],0,,,88,77,2
322070290,2,]Îs,]{,0,,,13,11,1
322070300,2,]Îs,],0,,,43,42,-
322070310,2,]Îs,]z,0,,,76,72,2
322070320,2,]Îs,]c,0,,,44,42,2
322070330,2,]Îs,]c,0,,,86,48,1
322070340,2,]Îs,]J,0,,,67,57,3
322070350,2,]Îs,],0,,,35,34,-
322070360,2,]Îs,]],0,,,53,47,1
32209,1,_s,,0,,,12361,10508,739
322090010,2,_s,؎؎,0,,,596,422,23
322090020,2,_s,؎Vs,0,,,170,150,7
322090030,2,_s,؎,0,,,594,430,26
322090040,2,_s,؎R,0,,,178,164,2
322090050,2,_s,؎FJ,0,,,429,211,141
322090060,2,_s,؎o,0,,,247,243,3
322090070,2,_s,؎o,0,,,154,136,10
322090080,2,_s,؎,0,,,174,171,2
322090090,2,_s,؎FJ,0,,,107,103,3
322090100,2,_s,؎FJ,0,,,74,72,2
322090110,2,_s,؎,0,,,86,85,1
322090120,2,_s,؎k,0,,,-,-,-
322090130,2,_s,؎c,0,,,64,62,1
322090140,2,_s,哌哌,0,,,710,604,82
322090150,2,_s,哌c,0,,,190,147,6
322090160,2,_s,哌V,0,,,220,138,34
322090170,2,_s,哌c,0,,,41,40,1
322090180,2,_s,哌,0,,,31,31,-
322090190,2,_s,哌ѓc,0,,,285,256,21
322090200,2,_s,哌{,0,,,85,74,1
322090210,2,_s,哌哌,0,,,141,132,3
322090220,2,_s,哌Rc,0,,,64,64,-
322090230,2,_s,哌J,0,,,39,38,1
322090240,2,_s,哌,0,,,75,74,1
322090250,2,_s,哌,0,,,84,82,1
322090260,2,_s,哌ma,0,,,238,214,-
322090270,2,_s,哌O,0,,,30,28,2
322090280,2,_s,哌p,0,,,102,102,-
322090290,2,_s,哌PJ,0,,,37,37,-
322090300,2,_s,哌,0,,,174,153,2
322090310,2,_s,哌㍲,0,,,144,141,3
322090320,2,_s,哌,0,,,37,37,-
322090330,2,_s,哌p,0,,,72,61,-
322090340,2,_s,哌,0,,,50,49,-
322090350,2,_s,哌p,0,,,227,165,9
322090360,2,_s,哌v,0,,,72,70,2
322090370,2,_s,哌v,0,,,104,101,2
322090380,2,_s,哌R,0,,,66,64,2
322090390,2,_s,哌E,0,,,50,50,-
322090400,2,_s,哌{,0,,,100,100,-
322090410,2,_s,哌k,0,,,51,49,1
322090420,2,_s,哌,0,,,81,76,3
322090430,2,_s,哌쑺,0,,,57,55,2
322090440,2,_s,哌͓,0,,,43,42,1
322090450,2,_s,哌,0,,,43,43,-
322090460,2,_s,哌c,0,,,27,25,2
322090470,2,_s,哌,0,,,30,29,-
322090480,2,_s,ΒΒ,0,,,557,439,47
322090490,2,_s,Β,0,,,57,57,-
322090500,2,_s,Βߏ,0,,,36,36,-
322090510,2,_s,Β吼,0,,,82,82,-
322090520,2,_s,Β,0,,,146,116,28
322090530,2,_s,ΒF,0,,,118,72,-
322090540,2,_s,Β_,0,,,154,144,10
322090550,2,_s,ΒO,0,,,104,104,-
322090560,2,_s,Β|,0,,,58,58,-
322090570,2,_s,Β,0,,,40,40,-
322090580,2,_s,Β,0,,,35,35,-
322090590,2,_s,Β,0,,,164,152,12
322090600,2,_s,Βq,0,,,60,60,-
322090610,2,_s,ΒJ,0,,,102,86,1
322090620,2,_s,Βq,0,,,66,66,-
322090630,2,_s,ΒV{,0,,,11,11,-
322090640,2,_s,OO,0,,,725,499,61
322090650,2,_s,OFJ,0,,,145,62,77
322090660,2,_s,O,0,,,270,245,21
322090670,2,_s,OɊ,0,,,58,58,-
322090680,2,_s,OE,0,,,53,52,1
322090690,2,_s,OÏ,0,,,213,188,19
322090700,2,_s,OFJ,0,,,42,42,-
322090710,2,_s,Ova,0,,,146,142,2
322090720,2,_s,OJ,0,,,54,45,9
322090730,2,_s,O{,0,,,171,170,1
322090740,2,_s,Ogʏ,0,,,72,72,-
322090750,2,_s,OV,0,,,58,57,1
322090760,2,_s,Oa͓,0,,,72,72,-
322090770,2,_s,O_,0,,,20,20,-
322090780,2,_s,OZd,0,,,50,50,-
322090790,2,_s,O,0,,,72,72,-
322090800,2,_s,O{,0,,,33,33,-
322090810,2,_s,O{,0,,,52,52,-
322090820,2,_s,gcJ,0,,,51,51,-
322090830,2,_s,gc],0,,,31,31,-
322090840,2,_s,gcR,0,,,48,48,-
322090850,2,_s,gc[,0,,,63,47,-
322090860,2,_s,gc,0,,,45,44,-
322090870,2,_s,gcgc,0,,,359,328,3
322090880,2,_s,||,0,,,503,381,35
322090890,2,_s,|,0,,,150,143,6
322090900,2,_s,|},0,,,94,94,-
322090910,2,_s,|g,0,,,139,133,1
322090920,2,_s,|,0,,,21,21,-
322090930,2,_s,|,0,,,88,78,1
32343,1,mSo_,,0,,,4399,3750,143
323430010,2,mSo_,,0,,,102,72,2
323430020,2,mSo_,,0,,,146,143,1
323430030,2,mSo_,ny,0,,,87,75,11
323430040,2,mSo_,O,0,,,84,82,2
323430050,2,mSo_,,0,,,86,85,-
323430060,2,mSo_,O,0,,,615,389,22
323430070,2,mSo_,O,0,,,72,72,-
323430080,2,mSo_,T,0,,,263,229,1
323430090,2,mSo_,S,0,,,81,79,2
323430100,2,mSo_,c,0,,,59,57,-
323430110,2,mSo_,㈢,0,,,264,249,3
323430120,2,mSo_,,0,,,234,186,3
323430130,2,mSo_,O,0,,,169,129,3
323430140,2,mSo_,͓,0,,,40,40,-
323430150,2,mSo_,q,0,,,41,41,-
323430160,2,mSo_,|,0,,,135,132,2
323430170,2,mSo_,C,0,,,161,155,4
323430180,2,mSo_,c,0,,,431,329,37
323430190,2,mSo_,,0,,,221,214,5
323430200,2,mSo_,,0,,,255,192,11
323430210,2,mSo_,c,0,,,168,138,21
323430220,2,mSo_,,0,,,190,177,12
323430230,2,mSo_,J,0,,,102,101,-
323430240,2,mSo_,n,0,,,226,219,-
323430250,2,mSo_,n,0,,,167,165,1
32386,1,ѐΌSѓ쒬,,0,,,1803,1526,50
323860010,2,ѐΌSѓ쒬,Ԗ,0,,,103,101,2
323860020,2,ѐΌSѓ쒬,Ԗ,0,,,173,132,4
323860030,2,ѐΌSѓ쒬,Ԗ,0,,,154,125,4
323860040,2,ѐΌSѓ쒬,J,0,,,31,31,-
323860050,2,ѐΌSѓ쒬,˒J,0,,,31,28,3
323860060,2,ѐΌSѓ쒬,c,0,,,23,22,1
323860070,2,ѐΌSѓ쒬,㗈,0,,,133,93,2
323860080,2,ѐΌSѓ쒬,^,0,,,56,56,-
323860090,2,ѐΌSѓ쒬,c,0,,,48,45,2
323860100,2,ѐΌSѓ쒬,슞,0,,,170,133,1
323860110,2,ѐΌSѓ쒬,,0,,,83,83,-
323860120,2,ѐΌSѓ쒬,J,0,,,45,44,1
323860130,2,ѐΌSѓ쒬,s,0,,,36,35,1
323860140,2,ѐΌSѓ쒬,ԌI,0,,,47,42,2
323860150,2,ѐΌSѓ쒬,,0,,,65,64,1
323860160,2,ѐΌSѓ쒬,ڌ,0,,,163,139,2
323860170,2,ѐΌSѓ쒬,p,0,,,67,64,-
323860180,2,ѐΌSѓ쒬,uÌ,0,,,33,21,1
323860190,2,ѐΌSѓ쒬,_,0,,,110,99,5
323860200,2,ѐΌSѓ쒬,q,0,,,19,19,-
323860210,2,ѐΌSѓ쒬,ڌ,0,,,213,150,18
32441,1,WqS{,,0,,,1422,1042,78
324410010,2,WqS{,厚{,0,,,588,399,54
324410020,2,WqS{,厚,0,,,206,115,11
324410030,2,WqS{,厚c,0,,,15,15,-
324410040,2,WqS{,厚vm,0,,,61,10,-
324410050,2,WqS{,厚J,0,,,27,14,2
324410060,2,WqS{,厚쉺,0,,,176,156,8
324410070,2,WqS{,厚O,0,,,64,62,1
324410080,2,WqS{,厚cE,0,,,60,58,2
324410090,2,WqS{,厚썲,0,,,72,63,-
324410100,2,WqS{,厚k,0,,,26,26,-
324410110,2,WqS{,厚J,0,,,50,50,-
324410120,2,WqS{,厚O,0,,,30,30,-
324410130,2,WqS{,厚,0,,,16,16,-
324410140,2,WqS{,厚n쌴,0,,,8,8,-
324410150,2,WqS{,厚J,0,,,23,20,-
32448,1,WqS,,0,,,1986,1688,69
324480010,2,WqS,,0,,,26,25,1
324480020,2,WqS,,0,,,273,194,14
324480030,2,WqS,,0,,,43,31,1
324480040,2,WqS,,0,,,12,8,2
324480050,2,WqS,v,0,,,47,39,-
324480060,2,WqS,猴,0,,,34,34,-
324480070,2,WqS,Ό,0,,,48,44,-
324480080,2,WqS,F,0,,,16,16,-
324480090,2,WqS,ЎR,0,,,11,11,-
324480100,2,WqS,s,0,,,67,61,4
324480110,2,WqS,J,0,,,33,33,-
324480120,2,WqS,T,0,,,19,19,-
324480130,2,WqS,l,0,,,140,102,10
324480140,2,WqS,ꌴ,0,,,40,38,2
324480150,2,WqS,,0,,,55,53,1
324480160,2,WqS,M,1,,0170,31,31,-
324480170,2,WqS,R,2,0160,,X,X,X
324480180,2,WqS,R,0,,,13,13,-
324480190,2,WqS,ዽ,0,,,89,76,1
324480200,2,WqS,,0,,,9,8,1
324480210,2,WqS,ʐ,0,,,53,46,-
324480220,2,WqS,,0,,,71,59,5
324480230,2,WqS,J,0,,,14,14,-
324480240,2,WqS,n,0,,,29,26,2
324480250,2,WqS,ʕ{,0,,,62,49,6
324480260,2,WqS,uN,0,,,8,8,-
324480270,2,WqS,yX,0,,,30,29,1
324480280,2,WqS,c,0,,,27,21,5
324480290,2,WqS,,0,,,24,22,1
324480300,2,WqS,,0,,,12,12,-
324480310,2,WqS,v쌴,0,,,20,20,-
324480320,2,WqS,n,0,,,23,21,1
324480330,2,WqS,J,0,,,6,6,-
324480340,2,WqS,`,0,,,14,13,1
324480350,2,WqS,ss,0,,,109,95,1
324480360,2,WqS,,0,,,27,27,-
324480370,2,WqS,,0,,,67,54,-
324480380,2,WqS,s{,0,,,106,92,1
324480390,2,WqS,,0,,,81,65,1
324480400,2,WqS,sꐼ,0,,,87,71,4
324480410,2,WqS,~,0,,,20,19,-
324480420,2,WqS,{,0,,,50,45,2
324480430,2,WqS,V,0,,,40,38,1
32449,1,WqSW쒬,,0,,,4097,3376,200
324490010,2,WqSW쒬,䌴,0,,,252,227,9
324490020,2,WqSW쒬,,0,,,481,376,27
324490030,2,WqSW쒬,,0,,,782,594,43
324490040,2,WqSW쒬,,0,,,192,176,2
324490050,2,WqSW쒬,a,0,,,158,146,2
324490060,2,WqSW쒬,,0,,,-,-,-
324490070,2,WqSW쒬,Os,0,,,76,65,6
324490080,2,WqSW쒬,oH,0,,,96,40,2
324490090,2,WqSW쒬,Rc,0,,,48,23,12
324490100,2,WqSW쒬,≮,0,,,37,35,2
324490110,2,WqSW쒬,,0,,,40,34,5
324490120,2,WqSW쒬,v,0,,,26,24,2
324490130,2,WqSW쒬,,0,,,10,10,-
324490140,2,WqSW쒬,,0,,,140,113,2
324490150,2,WqSW쒬,c,0,,,129,127,2
324490160,2,WqSW쒬,c,0,,,230,127,23
324490170,2,WqSW쒬,TJ,0,,,78,76,1
324490180,2,WqSW쒬,TJ,0,,,84,62,16
324490190,2,WqSW쒬,s,0,,,190,164,10
324490200,2,WqSW쒬,F,0,,,32,31,1
324490210,2,WqSW쒬,z{,0,,,46,46,-
324490220,2,WqSW쒬,,0,,,174,128,17
324490230,2,WqSW쒬,J,0,,,45,45,-
324490240,2,WqSW쒬,ac,0,,,60,60,-
324490250,2,WqSW쒬,,0,,,56,55,-
324490260,2,WqSW쒬,㌴,0,,,13,13,-
324490270,2,WqSW쒬,ˉ͓,0,,,54,54,-
324490280,2,WqSW쒬,{,0,,,127,110,1
324490290,2,WqSW쒬,ؐ{c,0,,,10,10,-
324490300,2,WqSW쒬,Fs,0,,,56,56,-
324490310,2,WqSW쒬,c,0,,,67,65,1
324490320,2,WqSW쒬,H,0,,,32,32,-
324490330,2,WqSW쒬,H,0,,,193,170,13
324490340,2,WqSW쒬,c,0,,,83,82,1
32501,1,SØa쒬,,0,,,3229,2604,197
325010010,2,SØa쒬,,0,,,116,103,12
32501001000,3,SØa쒬,,0,,,106,94,11
32501001001,3,SØa쒬,̒J,0,,,10,9,1
32501001002,3,SØa쒬,,0,,,-,-,-
325010020,2,SØa쒬,J,2,0030,,X,X,X
325010030,2,SØa쒬,oP,1,,0020,33,32,1
325010040,2,SØa쒬,{,0,,,40,35,4
32501004000,3,SØa쒬,{,0,,,21,17,4
32501004001,3,SØa쒬,{mJ,0,,,-,-,-
32501004002,3,SØa쒬,{Y,0,,,19,18,-
325010050,2,SØa쒬,ꌳ,0,,,95,91,-
32501005000,3,SØa쒬,ꌳ,0,,,44,44,-
32501005001,3,SØa쒬,ꌳ,0,,,51,47,-
325010060,2,SØa쒬,,0,,,233,155,18
32501006000,3,SØa쒬,,0,,,32,5,-
32501006001,3,SØa쒬,؂̌,0,,,46,23,4
32501006002,3,SØa쒬,؂̌,0,,,39,38,1
32501006003,3,SØa쒬,Vn,0,,,12,11,1
32501006004,3,SØa쒬,,0,,,60,37,9
32501006005,3,SØa쒬,,0,,,44,41,3
325010070,2,SØa쒬,,0,,,289,217,20
32501007001,3,SØa쒬,,0,,,26,20,5
32501007002,3,SØa쒬,,0,,,12,9,2
32501007003,3,SØa쒬,,0,,,25,22,2
32501007004,3,SØa쒬,t,0,,,20,19,-
32501007005,3,SØa쒬,,0,,,38,36,2
32501007006,3,SØa쒬,K,0,,,41,37,3
32501007007,3,SØa쒬,h,0,,,54,50,3
32501007008,3,SØa쒬,,0,,,37,11,-
32501007009,3,SØa쒬,R,0,,,36,13,3
325010080,2,SØa쒬,͑,0,,,81,71,5
32501008001,3,SØa쒬,͑,0,,,50,42,4
32501008002,3,SØa쒬,͑e{,0,,,31,29,1
325010090,2,SØa쒬,r,0,,,131,127,3
32501009001,3,SØa쒬,r],0,,,44,44,-
32501009002,3,SØa쒬,rc,0,,,51,50,1
32501009003,3,SØa쒬,rn,0,,,30,27,2
32501009004,3,SØa쒬,rOn,0,,,6,6,-
325010100,2,SØa쒬,yc,0,,,88,63,1
32501010000,3,SØa쒬,yc,0,,,24,-,-
32501010001,3,SØa쒬,yc,2,010002,,X,X,X
32501010002,3,SØa쒬,yc,1,,010001,52,51,1
32501010003,3,SØa쒬,ycJ,1,,010004,12,12,-
32501010004,3,SØa쒬,yc,2,010003,,X,X,X
325010110,2,SØa쒬,,0,,,24,24,-
325010120,2,SØa쒬,⑺,0,,,32,32,-
32501012001,3,SØa쒬,⑺hJ,0,,,12,12,-
32501012002,3,SØa쒬,⑺,0,,,20,20,-
325010130,2,SØa쒬,l,0,,,17,16,-
325010140,2,SØa쒬,,0,,,107,89,14
325010150,2,SØa쒬,YJ,0,,,48,47,-
325010160,2,SØa쒬,h,0,,,142,117,13
325010170,2,SØa쒬,,0,,,157,107,11
325010180,2,SØa쒬,c,0,,,45,32,3
325010190,2,SØa쒬,X,0,,,256,210,23
325010200,2,SØa쒬,c,0,,,444,342,45
325010210,2,SØa쒬,c,0,,,213,78,11
325010220,2,SØa쒬,kc,0,,,45,44,1
325010230,2,SØa쒬,n,0,,,48,48,-
325010240,2,SØa쒬,l,0,,,7,7,-
325010250,2,SØa쒬,R,0,,,30,29,1
325010260,2,SØa쒬,WP,0,,,33,33,-
325010270,2,SØa쒬,h,0,,,56,46,4
325010280,2,SØa쒬,,1,,0320,39,39,-
325010290,2,SØa쒬,c,0,,,51,49,2
325010300,2,SØa쒬,,0,,,57,56,-
325010310,2,SØa쒬,,0,,,36,36,-
325010320,2,SØa쒬,L,2,0280,,X,X,X
325010330,2,SØa쒬,R,0,,,44,42,1
325010340,2,SØa쒬,,0,,,54,51,2
325010350,2,SØa쒬,,0,,,28,27,1
325010360,2,SØa쒬,R,0,,,38,38,-
325010370,2,SØa쒬,],0,,,43,42,1
325010380,2,SØa쒬,,0,,,29,29,-
32505,1,Sg꒬,,0,,,2653,2111,156
325050010,2,Sg꒬,,0,,,67,59,4
325050020,2,Sg꒬,L,0,,,75,70,3
325050030,2,Sg꒬,c,0,,,139,80,14
325050040,2,Sg꒬,Zs,0,,,418,255,26
325050050,2,Sg꒬,L,0,,,84,60,8
325050060,2,Sg꒬,͓,0,,,99,93,6
325050070,2,Sg꒬,Kn,0,,,55,53,1
325050080,2,Sg꒬,q,0,,,71,69,2
325050090,2,Sg꒬,,0,,,91,86,2
325050100,2,Sg꒬,A,0,,,151,123,9
325050110,2,Sg꒬,,0,,,95,93,1
325050120,2,Sg꒬,^c,0,,,92,91,1
325050130,2,Sg꒬,s,0,,,296,183,35
325050140,2,Sg꒬,K,0,,,38,35,2
325050150,2,Sg꒬,㍂K,0,,,33,32,1
325050160,2,Sg꒬,c쌴,0,,,115,106,8
325050170,2,Sg꒬,,0,,,51,41,-
325050180,2,Sg꒬,,0,,,76,68,6
325050190,2,Sg꒬,Y,0,,,38,37,-
325050200,2,Sg꒬,`ؑ`,0,,,187,129,12
325050210,2,Sg꒬,`ؑ,0,,,85,74,3
325050220,2,Sg꒬,`ؑJ,0,,,41,38,3
325050230,2,Sg꒬,`ؑJ,0,,,69,64,-
325050240,2,Sg꒬,`ؑ{,0,,,65,61,2
325050250,2,Sg꒬,`ؑ쌴,0,,,55,51,4
325050260,2,Sg꒬,`ؑؕJ,0,,,67,60,3
32525,1,BSCm,,0,,,1032,736,83
325250010,2,BSCm,厚,0,,,243,146,31
325250020,2,BSCm,厚Cm,0,,,430,291,34
325250030,2,BSCm,厚F,0,,,71,56,1
325250040,2,BSCm,厚Lc,0,,,51,42,3
325250050,2,BSCm,厚mX,0,,,69,56,3
325250060,2,BSCm,厚g,0,,,78,72,4
325250070,2,BSCm,厚,0,,,90,73,7
32526,1,BSm,,0,,,1475,982,116
325260010,2,BSm,厚F,0,,,103,81,12
325260020,2,BSm,厚ʕ{,0,,,137,74,10
325260030,2,BSm,厚c,0,,,577,396,53
325260040,2,BSm,厚Y,0,,,658,431,41
32527,1,BSmv,,0,,,327,245,23
325270010,2,BSmv,,0,,,327,245,23
32528,1,BSB̓,,0,,,6072,4792,513
325280010,2,BSB̓,,0,,,138,112,20
325280020,2,BSB̓,,0,,,200,158,33
325280030,2,BSB̓,h,0,,,668,410,100
325280040,2,BSB̓,,0,,,393,278,60
325280050,2,BSB̓,`,0,,,374,324,35
325280060,2,BSB̓,,0,,,163,145,14
325280070,2,BSB̓,v,0,,,97,95,1
325280080,2,BSB̓,,0,,,11,11,-
325280090,2,BSB̓,,0,,,51,50,-
325280100,2,BSB̓,ѓc,0,,,78,77,1
325280110,2,BSB̓,,0,,,209,191,13
325280120,2,BSB̓,㐼,0,,,130,127,3
325280130,2,BSB̓,c,0,,,244,222,19
325280140,2,BSB̓,,0,,,84,45,32
325280150,2,BSB̓,rc,0,,,89,58,22
325280160,2,BSB̓,L,0,,,283,212,25
325280180,2,BSB̓,,0,,,310,196,21
325280190,2,BSB̓,c,0,,,50,48,-
325280200,2,BSB̓,,0,,,133,116,5
325280210,2,BSB̓,,0,,,160,140,8
325280220,2,BSB̓,,0,,,54,44,2
325280230,2,BSB̓,,0,,,178,166,11
325280240,2,BSB̓,,0,,,27,25,1
325280250,2,BSB̓,,0,,,78,78,-
325280260,2,BSB̓,Ɍ,0,,,31,31,-
325280270,2,BSB̓,,0,,,-,-,-
325280280,2,BSB̓,k,0,,,300,91,36
325280290,2,BSB̓,є,0,,,28,23,1
325280300,2,BSB̓,z{,0,,,111,83,2
325280310,2,BSB̓,K~,0,,,29,27,-
325280320,2,BSB̓,ߋvH,0,,,31,25,2
325280330,2,BSB̓,H,0,,,60,59,1
325280340,2,BSB̓,S,0,,,180,147,11
325280350,2,BSB̓,Rc,0,,,64,62,1
325280360,2,BSB̓,cc,0,,,22,20,2
325280370,2,BSB̓,,0,,,86,65,2
325280380,2,BSB̓,k,0,,,136,129,4
325280390,2,BSB̓,Y,0,,,21,19,1
325280400,2,BSB̓,c,0,,,6,6,-
325280410,2,BSB̓,,0,,,31,31,-
325280420,2,BSB̓,v,0,,,57,56,1
325280430,2,BSB̓,Ɍ,0,,,7,7,-
325280440,2,BSB̓,c,0,,,8,8,-
325280450,2,BSB̓,,0,,,29,25,3
325280460,2,BSB̓,ߋv,0,,,94,88,1
32528046001,3,BSB̓,ߋvlߋv,0,,,46,45,1
32528046002,3,BSB̓,ߋvߋv,0,,,48,43,-
325280470,2,BSB̓,s,0,,,348,291,5
32528047000,3,BSB̓,sm̗,0,,,-,-,-
32528047001,3,BSB̓,sËv,0,,,6,6,-
32528047002,3,BSB̓,sX,0,,,32,32,-
32528047003,3,BSB̓,sqJ,0,,,28,27,-
32528047004,3,BSB̓,s㗢,0,,,46,45,1
32528047005,3,BSB̓,sR,0,,,13,9,-
32528047006,3,BSB̓,s,0,,,60,51,-
32528047007,3,BSB̓,s,0,,,22,21,-
32528047008,3,BSB̓,s,0,,,82,78,4
32528047009,3,BSB̓,s̖,0,,,18,18,-
32528047010,3,BSB̓,sc,0,,,41,4,-
325280480,2,BSB̓,Ì,0,,,120,100,14
32528048001,3,BSB̓,Ì,0,,,62,62,-
32528048002,3,BSB̓,ÌˌzE̕lcn,0,,,58,38,14
325280490,2,BSB̓,,0,,,71,71,-
