KEY_CODE,HYOSYO,CITYNAME,NAME,HTKSYORI,HTKSAKI,GASSAN,T000852001,T000852002,T000852003
,,,,,,,ZɏZވʐ,,c؉
10201,1,Os,,0,,,135426,90947,34540
102010010,2,Os,_,0,,,1469,881,254
10201001001,3,Os,_P,0,,,200,120,33
10201001002,3,Os,_Q,0,,,344,266,70
10201001003,3,Os,_R,0,,,501,306,73
10201001004,3,Os,_S,0,,,424,189,78
102010050,2,Os,~,0,,,334,235,96
102010060,2,Os,a,0,,,1457,778,492
10201006001,3,Os,aP,0,,,352,254,76
10201006002,3,Os,aQ,0,,,442,223,120
10201006003,3,Os,aR,0,,,663,301,296
102010090,2,Os,a,0,,,505,372,90
10201009001,3,Os,aP,0,,,277,177,61
10201009002,3,Os,aQ,0,,,228,195,29
102010110,2,Os,̒,0,,,842,536,156
10201011001,3,Os,̒P,0,,,379,234,27
10201011002,3,Os,̒Q,0,,,463,302,129
102010130,2,Os,Zg,0,,,606,450,98
10201013001,3,Os,ZgP,0,,,317,231,38
10201013002,3,Os,ZgQ,0,,,289,219,60
102010150,2,Os,{,0,,,1198,936,205
10201015001,3,Os,{P,0,,,146,132,11
10201015002,3,Os,{Q,0,,,273,207,49
10201015003,3,Os,{R,0,,,403,321,52
10201015004,3,Os,{S,0,,,376,276,93
102010190,2,Os,g,0,,,1661,1097,367
10201019001,3,Os,gP,0,,,254,140,57
10201019002,3,Os,gQ,0,,,357,256,93
10201019003,3,Os,gR,0,,,422,332,45
10201019004,3,Os,gS,0,,,628,369,172
102010230,2,Os,铌,0,,,1726,989,469
10201023001,3,Os,铌P,0,,,298,196,89
10201023002,3,Os,铌Q,0,,,218,131,82
10201023003,3,Os,铌R,0,,,345,221,108
10201023004,3,Os,铌S,0,,,377,299,72
10201023005,3,Os,铌T,0,,,488,142,118
102010280,2,Os,蒬,0,,,615,477,104
10201028001,3,Os,蒬P,0,,,91,62,26
10201028002,3,Os,蒬Q,0,,,364,281,65
10201028003,3,Os,蒬R,0,,,160,134,13
102010310,2,Os,g_,0,,,699,451,199
10201031001,3,Os,g_P,0,,,332,179,128
10201031002,3,Os,g_Q,0,,,367,272,71
102010330,2,Os,c,0,,,644,504,113
10201033001,3,Os,cP,0,,,158,141,12
10201033002,3,Os,cQ,0,,,180,112,55
10201033003,3,Os,cR,0,,,153,115,34
10201033004,3,Os,cS,0,,,76,64,9
10201033005,3,Os,cT,0,,,77,72,3
102010380,2,Os,{,0,,,642,493,131
10201038001,3,Os,{P,0,,,291,241,45
10201038002,3,Os,{Q,0,,,112,98,14
10201038003,3,Os,{R,0,,,239,154,72
102010410,2,Os,\,0,,,1207,816,312
10201041001,3,Os,\P,0,,,466,379,70
10201041002,3,Os,\Q,0,,,741,437,242
102010430,2,Os,O͒,0,,,575,384,171
10201043001,3,Os,O͒P,0,,,273,216,54
10201043002,3,Os,O͒Q,0,,,302,168,117
102010450,2,Os,,0,,,1470,846,390
10201045001,3,Os,P,0,,,293,230,47
10201045002,3,Os,Q,0,,,234,158,60
10201045003,3,Os,R,0,,,481,280,100
10201045004,3,Os,S,0,,,462,178,183
102010500,2,Os,Z,0,,,2618,1611,948
102010510,2,Os,V쒬,0,,,754,389,255
102010520,2,Os,,0,,,2458,1831,524
10201052001,3,Os,P,0,,,761,533,202
10201052002,3,Os,Q,0,,,640,505,114
10201052003,3,Os,R,0,,,672,518,132
10201052004,3,Os,S,0,,,385,275,76
102010560,2,Os,쒬,0,,,2992,1407,1198
10201056001,3,Os,쒬P,0,,,642,301,150
10201056002,3,Os,쒬Q,0,,,914,417,465
10201056003,3,Os,쒬R,0,,,916,383,393
10201056004,3,Os,쒬S,0,,,520,306,190
102010600,2,Os,㍲,0,,,634,463,167
102010610,2,Os,ʂœ,0,,,172,151,18
102010620,2,Os,q,0,,,423,305,112
102010630,2,Os,q,0,,,1724,946,421
10201063001,3,Os,qP,0,,,397,235,154
10201063002,3,Os,qQ,0,,,377,104,67
10201063003,3,Os,qR,0,,,617,361,118
10201063004,3,Os,qS,0,,,333,246,82
102010670,2,Os,Ւ,0,,,336,288,10
102010680,2,Os,,0,,,176,170,6
102010690,2,Os,{n,0,,,165,136,26
102010700,2,Os,P,0,,,627,571,52
102010710,2,Os,R,0,,,258,187,64
102010720,2,Os,R,0,,,1439,1000,373
10201072001,3,Os,RP,0,,,935,599,277
10201072002,3,Os,RQ,0,,,504,401,96
102010740,2,Os,,0,,,268,240,25
102010750,2,Os,P,0,,,540,463,70
102010760,2,Os,L,0,,,3663,1120,472
10201076001,3,Os,LP,0,,,862,372,186
10201076002,3,Os,LQ,0,,,1540,447,125
10201076003,3,Os,LR,0,,,1261,301,161
102010790,2,Os,c,0,,,283,239,42
102010800,2,Os,蒬,0,,,174,157,17
102010810,2,Os,T,0,,,506,477,25
102010820,2,Os,ߌH,0,,,283,213,67
102010831,2,Os,Vx,0,,,179,145,31
102010832,2,Os,Vx,0,,,370,363,6
102010840,2,Os,,0,,,113,110,2
102010850,2,Os,͊ے,0,,,234,191,41
102010860,2,Os,ے,0,,,58,58,-
102010870,2,Os,[ے,0,,,85,79,6
102010880,2,Os,쒬,0,,,702,669,24
102010890,2,Os,,0,,,340,316,13
102010900,2,Os,_,0,,,190,176,11
102010910,2,Os,[C,0,,,224,153,67
102010920,2,Os,ܑ㒬,0,,,321,303,12
102010930,2,Os,撬,0,,,526,499,16
102010940,2,Os,q,0,,,577,556,11
102010950,2,Os,䒬,0,,,268,257,6
102010960,2,Os,ے,0,,,128,111,3
102010970,2,Os,ԑ,0,,,838,520,15
10201097001,3,Os,ԑP,0,,,289,280,6
10201097002,3,Os,ԑQ,0,,,549,240,9
102010990,2,Os,O,0,,,1836,1136,662
10201099001,3,Os,OP,0,,,672,454,200
10201099002,3,Os,OQ,0,,,493,309,177
10201099003,3,Os,OR,0,,,671,373,285
102011020,2,Os,K˒,0,,,654,283,364
102011030,2,Os,㉫,0,,,255,224,24
102011040,2,Os,,0,,,478,303,158
102011050,2,Os,ЊL,0,,,2876,1437,1288
10201105001,3,Os,ЊLP,0,,,390,301,81
10201105002,3,Os,ЊLQ,0,,,865,437,363
10201105003,3,Os,ЊLR,0,,,527,260,251
10201105004,3,Os,ЊLS,0,,,551,184,319
10201105005,3,Os,ЊLT,0,,,543,255,274
102011100,2,Os,ЊL,0,,,652,498,142
102011110,2,Os,,0,,,1694,1318,248
102011120,2,Os,Ί֒,0,,,112,78,31
102011130,2,Os,T,0,,,561,376,16
102011140,2,Os,E,0,,,415,385,14
102011150,2,Os,xV,0,,,280,265,13
102011160,2,Os,璬,0,,,576,545,25
102011170,2,Os,]ؒ,0,,,935,646,16
102011180,2,Os,c,0,,,2337,1464,820
102011190,2,Os,ƒ,0,,,250,148,99
102011200,2,Os,Oc,0,,,551,319,224
102011210,2,Os,Oc,0,,,159,150,8
102011220,2,Os,Ȓ,0,,,846,530,289
102011230,2,Os,אVc,0,,,588,383,196
102011240,2,Os,Vc,0,,,1540,884,398
102011250,2,Os,Vc,0,,,1422,923,470
102011260,2,Os,ؒ,0,,,993,474,470
102011270,2,Os,ؒ,0,,,144,93,42
102011280,2,Os,Îs,0,,,636,262,301
102011290,2,Os,Îs,0,,,657,303,295
102011300,2,Os,]c,0,,,1013,564,407
102011310,2,Os,u,0,,,113,95,17
102011320,2,Os,u,0,,,289,211,36
102011330,2,Os,嗘,0,,,1132,872,175
10201133001,3,Os,嗘P,0,,,593,410,104
10201133002,3,Os,嗘Q,0,,,539,462,71
102011350,2,Os,VO,0,,,388,170,207
102011360,2,Os,В,0,,,3205,1665,1095
10201136000,3,Os,В,0,,,2930,1511,976
10201136001,3,Os,В,0,,,275,154,119
102011370,2,Os,В,0,,,931,454,439
10201137001,3,Os,ВP,0,,,417,228,169
10201137002,3,Os,ВQ,0,,,459,195,246
10201137003,3,Os,ВR,0,,,55,31,24
102011390,2,Os,F,0,,,1179,571,562
10201139001,3,Os,FP,0,,,217,118,96
10201139002,3,Os,FQ,0,,,647,318,297
10201139003,3,Os,FR,0,,,315,135,169
102011420,2,Os,n,0,,,291,149,133
10201142001,3,Os,nP,0,,,291,149,133
10201142002,3,Os,nQ,0,,,-,-,-
102011450,2,Os,Αq,0,,,1001,561,413
10201145000,3,Os,Αq,0,,,32,16,16
10201145001,3,Os,ΑqP,0,,,158,123,35
10201145002,3,Os,ΑqQ,0,,,182,135,34
10201145003,3,Os,ΑqR,0,,,152,62,86
10201145004,3,Os,ΑqS,0,,,208,95,111
10201145005,3,Os,ΑqT,0,,,269,130,131
102011500,2,Os,H,0,,,476,218,241
102011510,2,Os,Αq,0,,,397,182,197
102011520,2,Os,В,0,,,1948,1231,683
102011530,2,Os,В,0,,,755,335,404
10201153001,3,Os,ВP,0,,,10,9,1
10201153002,3,Os,ВQ,0,,,376,137,229
10201153003,3,Os,ВR,0,,,236,114,118
10201153004,3,Os,ВS,0,,,133,75,56
102011560,2,Os,ВA,0,,,1365,816,517
102011570,2,Os,В,0,,,321,164,147
102011580,2,Os,䒬,0,,,538,222,304
102011590,2,Os,Вu,0,,,350,293,29
102011600,2,Os,≮,0,,,312,125,163
10201160001,3,Os,≮P,0,,,30,8,20
10201160002,3,Os,≮Q,0,,,282,117,143
102011620,2,Os,׈䒬,0,,,963,836,119
102011630,2,Os,׈䒬,0,,,1671,1131,326
102011640,2,Os,kc,0,,,1298,852,434
102011660,2,Os,o,0,,,2006,846,1122
10201166001,3,Os,oP,0,,,471,224,242
10201166002,3,Os,oQ,0,,,1079,424,633
10201166003,3,Os,oR,0,,,456,198,247
102011690,2,Os,㏬o,0,,,2214,917,1198
10201169001,3,Os,㏬oP,0,,,720,270,382
10201169002,3,Os,㏬oQ,0,,,770,299,450
10201169003,3,Os,㏬oR,0,,,724,348,366
102011720,2,Os,,0,,,740,368,358
102011730,2,Os,,0,,,2003,1366,606
102011740,2,Os,rq,0,,,831,483,273
102011750,2,Os,rq,0,,,1854,722,1054
10201175001,3,Os,rqP,0,,,634,233,369
10201175002,3,Os,rqQ,0,,,753,263,482
10201175003,3,Os,rqR,0,,,258,125,125
10201175004,3,Os,rqS,0,,,209,101,78
102011760,2,Os,֎,0,,,175,158,17
102011770,2,Os,[,0,,,41,38,3
102011780,2,Os,c,0,,,753,537,63
102011790,2,Os,֍,0,,,212,102,55
102011800,2,Os,֍,0,,,1369,625,724
10201180001,3,Os,֍P,0,,,200,107,90
10201180002,3,Os,֍Q,0,,,531,249,270
10201180003,3,Os,֍R,0,,,638,269,364
102011810,2,Os,쌴,0,,,1096,548,524
10201181000,3,Os,쌴,0,,,118,71,46
10201181001,3,Os,쌴P,0,,,517,288,219
10201181002,3,Os,쌴Q,0,,,461,189,259
102011820,2,Os,k,0,,,678,46,10
102011830,2,Os,΂u,0,,,354,270,60
102011840,2,Os,r[,0,,,215,193,21
102011850,2,Os,q,0,,,161,156,2
102011860,2,Os,q,0,,,683,485,54
102011870,2,Os,쒬,0,,,187,148,38
102011880,2,Os,V哇,0,,,1163,678,373
102011890,2,Os,V哇,0,,,1581,1006,530
10201189001,3,Os,V哇P,0,,,418,305,99
10201189002,3,Os,V哇Q,0,,,384,279,94
10201189003,3,Os,V哇R,0,,,779,422,337
102011920,2,Os,哇,0,,,841,600,226
102011930,2,Os,,0,,,179,164,13
102011940,2,Os,㒷钬,0,,,247,208,32
102011950,2,Os,쒬,0,,,95,77,18
102011960,2,Os,쒆,0,,,427,335,85
102011970,2,Os,钬,0,,,204,189,9
102011980,2,Os,c,0,,,133,132,-
102011990,2,Os,`,0,,,2789,2047,695
102012000,2,Os,剮,0,,,187,179,8
102012010,2,Os,,0,,,256,238,17
102012020,2,Os,xc,0,,,632,599,32
102012030,2,Os,r,0,,,330,302,24
102012040,2,Os,rq,0,,,456,431,22
102012050,2,Os,厺,0,,,444,410,25
102012060,2,Os,厺,0,,,247,213,33
102012070,2,Os,ѓy䒬,0,,,233,212,11
102012080,2,Os,V䒬,0,,,88,86,-
102012090,2,Os,V{,0,,,912,833,72
102012100,2,Os,䒬,0,,,248,210,37
102012110,2,Os,Ⓢ䒬,0,,,382,336,39
102012120,2,Os,,0,,,604,497,103
102012130,2,Os,㑝c,0,,,384,353,26
102012140,2,Os,c,0,,,312,287,19
102012150,2,Os,哇,0,,,1110,923,179
102012160,2,Os,߂J,0,,,514,505,8
102012170,2,Os,_̐X,0,,,-,-,-
102012180,2,Os,Z,0,,,315,178,121
10201218001,3,Os,ZP,0,,,260,150,95
10201218004,3,Os,ZS,0,,,55,28,26
102012190,2,Os,V쌴,0,,,1259,701,527
10201219001,3,Os,V쌴P,0,,,783,354,410
10201219002,3,Os,V쌴Q,0,,,476,347,117
102012200,2,Os,t,0,,,274,109,159
102012210,2,Os,Ӓ,0,,,573,468,96
102012220,2,Os,Ζؒ,0,,,1375,980,383
102012230,2,Os,xz,0,,,1400,1132,260
102012240,2,Os,,0,,,386,362,11
102012250,2,Os,E,0,,,494,483,11
102012260,2,Os,ے,0,,,119,118,-
102012270,2,Os,͌l,0,,,489,431,48
102012280,2,Os,z,0,,,1097,832,246
102012290,2,Os,剮,0,,,387,296,57
102012300,2,Os,@ѐΒ,0,,,844,791,44
102012310,2,Os,q,0,,,457,448,2
102012320,2,Os,sV֒,0,,,205,203,1
102012330,2,Os,O,0,,,80,79,-
102012340,2,Os,cP,0,,,316,307,3
102012350,2,Os,n꒬,0,,,154,152,1
102012360,2,Os,Oc,0,,,476,410,65
102012370,2,Os,쒬V,0,,,83,82,-
102012380,2,Os,쒬,0,,,154,152,-
102012390,2,Os,쒬c,0,,,339,334,4
102012400,2,Os,쒬,0,,,131,129,2
102012410,2,Os,쒬V,0,,,377,344,30
102012420,2,Os,쒬F,0,,,622,471,140
102012430,2,Os,쒬[,0,,,557,541,10
102012440,2,Os,쒬,0,,,652,614,29
102012450,2,Os,쒬c,0,,,172,158,13
102012460,2,Os,쒬OF,0,,,50,50,-
102012470,2,Os,쒬㓌c,0,,,50,43,7
102012480,2,Os,쒬c,0,,,40,40,-
102012490,2,Os,쒬s,0,,,35,35,-
102012500,2,Os,쒬,0,,,132,121,11
102012510,2,Os,쒬V,0,,,282,265,15
102012520,2,Os,xmc,0,,,367,289,74
102012530,2,Os,xmc,0,,,71,67,4
102012540,2,Os,xm,0,,,282,274,8
102012550,2,Os,xmV,0,,,281,229,50
102012560,2,Os,xmV,0,,,289,245,42
102012570,2,Os,xmV,0,,,159,149,9
102012580,2,Os,xmV,0,,,732,408,308
102012590,2,Os,xm,0,,,301,262,39
102012600,2,Os,xm,0,,,533,452,80
102012610,2,Os,xm,0,,,265,172,90
102012620,2,Os,xm,0,,,504,450,47
102012630,2,Os,xm,0,,,578,477,97
102012640,2,Os,xm,0,,,324,308,13
102012650,2,Os,xm,0,,,290,258,32
102012660,2,Os,xm,0,,,117,117,-
102012670,2,Os,xm,0,,,384,357,24
102012680,2,Os,xm,0,,,305,300,3
102012690,2,Os,xmԏR,0,,,222,219,2
102012700,2,Os,xmԏR,0,,,265,239,17
102012710,2,Os,xmΈ,0,,,96,94,1
102012720,2,Os,xmΈ,0,,,405,396,8
102012730,2,Os,xmE,0,,,95,94,1
102012740,2,Os,xmsV؏,0,,,88,88,-
102012750,2,Os,xmR,0,,,70,68,-
102012760,2,Os,xmĖ,0,,,244,240,2
102012770,2,Os,xmĖ,0,,,66,66,-
102012780,2,Os,xmԏR,0,,,17,14,-
102012790,2,Os,xmԏR,0,,,9,9,-
102012800,2,Os,xmԏR,0,,,237,227,9
102012810,2,Os,xm,0,,,39,39,-
102012820,2,Os,xmΈ,0,,,121,120,1
102012830,2,Os,xmԏR,0,,,45,44,1
10202,1,s,,0,,,148119,99068,38767
102021010,2,s,,0,,,84,72,11
102021020,2,s,ԍ⒬,0,,,190,110,76
102021030,2,s,,0,,,512,234,194
102021040,2,s,,0,,,605,349,167
102021050,2,s,璬,0,,,367,202,102
102021100,2,s,n,0,,,248,151,90
102021110,2,s,̐쒬,0,,,108,84,19
102021150,2,s,勴,0,,,586,354,219
102021170,2,s,b蒬,0,,,16,14,-
102021180,2,s,Ñ,0,,,41,30,10
102021190,2,s,ac,0,,,191,149,40
102021210,2,s,kʒ,0,,,76,48,23
102021230,2,s,㑠,0,,,98,69,23
102021250,2,s,⒬,0,,,170,51,111
102021270,2,s,,0,,,66,49,14
102021290,2,s,ac,0,,,509,353,133
10202129001,3,s,acP,0,,,128,104,21
10202129002,3,s,acQ,0,,,122,77,43
10202129003,3,s,acR,0,,,104,71,29
10202129004,3,s,acS,0,,,119,101,17
10202129005,3,s,acT,0,,,36,-,23
102021340,2,s,a,0,,,406,302,96
102021350,2,s,⒬,0,,,25,7,15
102021360,2,s,^,0,,,161,125,14
102021370,2,s,V,0,,,27,23,4
102021380,2,s,Vc,0,,,181,96,69
102021410,2,s,L,0,,,471,347,108
102021430,2,s,꒬,0,,,42,20,13
102021440,2,s,Zg,0,,,81,59,19
102021470,2,s,㒬,0,,,40,35,5
102021500,2,s,c,0,,,273,189,74
102021510,2,s,䒬,0,,,153,115,33
102021520,2,s,,0,,,562,272,168
102021530,2,s,,0,,,27,12,2
102021540,2,s,,0,,,511,349,92
102021560,2,s,֒,0,,,21,17,3
102021570,2,s,ߌ,0,,,205,90,97
102021590,2,s,ʒ,0,,,153,75,63
102021600,2,s,Ւ,0,,,346,260,73
102021630,2,s,,0,,,27,23,4
102021640,2,s,|,0,,,1592,1054,437
102021650,2,s,c,0,,,171,137,27
102021690,2,s,w,0,,,116,98,13
102021720,2,s,쒬,0,,,159,98,52
102021730,2,s,{,0,,,183,140,36
102021760,2,s,{,0,,,141,100,31
102021770,2,s,,0,,,144,18,111
102021790,2,s,,0,,,376,235,103
102021800,2,s,쒬,0,,,192,143,42
102021810,2,s,Rc,0,,,96,76,18
102021830,2,s,|,0,,,78,63,14
102021850,2,s,lc,0,,,37,19,15
102021860,2,s,񍇒,0,,,31,31,-
102021880,2,s,,0,,,96,39,52
102021900,2,s,A,0,,,230,184,33
102021920,2,s,ᏼ,0,,,319,238,71
102021950,2,s,ac,0,,,148,91,49
102022010,2,s,ыʒ,0,,,211,145,44
102022020,2,s,ђ˒,0,,,3393,1792,1268
10202202001,3,s,ђ˒,0,,,2084,1145,663
10202202002,3,s,ђ˒,0,,,1288,629,602
10202202003,3,s,ђ˒,0,,,21,18,3
102022030,2,s,Œ˒,0,,,555,338,189
102022040,2,s,ג,0,,,162,115,18
102022050,2,s,≟,0,,,550,252,210
102022100,2,s,]ؒ,0,,,3414,2054,1094
10202210001,3,s,]ؒ,0,,,221,131,81
10202210002,3,s,]ؒ,0,,,321,207,56
10202210003,3,s,]ؒ,0,,,212,117,63
10202210004,3,s,]ؒ,0,,,480,349,115
10202210005,3,s,]ؒ,0,,,238,140,72
10202210006,3,s,]ؒ,0,,,657,396,199
10202210007,3,s,]ؒ,0,,,757,387,335
10202210008,3,s,]ؒ,0,,,281,183,85
10202210009,3,s,]ؒ,0,,,153,113,31
10202210010,3,s,]ؒ,0,,,94,31,57
102022150,2,s,L,0,,,3169,1713,1277
102022200,2,s,֒,0,,,1264,815,386
102022250,2,s,V_,0,,,152,101,50
102022280,2,s,,0,,,326,249,30
102022310,2,s,L,0,,,1597,688,705
10202231001,3,s,L򒬂P,0,,,371,133,163
10202231002,3,s,L򒬂Q,0,,,444,178,244
10202231003,3,s,L򒬂R,0,,,472,270,196
10202231004,3,s,L򒬂S,0,,,310,107,102
102022410,2,s,Ό,0,,,3270,2196,903
10202241001,3,s,Ό,0,,,257,181,68
10202241002,3,s,Ό,0,,,80,58,22
10202241003,3,s,Ό,0,,,529,397,127
10202241004,3,s,Ό,0,,,52,47,4
10202241005,3,s,Ό,0,,,179,129,29
10202241006,3,s,Ό,0,,,836,575,221
10202241007,3,s,Ό,0,,,530,270,238
10202241008,3,s,Ό,0,,,315,206,102
10202241009,3,s,Ό,0,,,405,265,74
10202241010,3,s,Ό,0,,,87,68,18
102022460,2,s,Љ,0,,,1558,982,527
10202246001,3,s,ЉP,0,,,248,176,69
10202246002,3,s,ЉQ,0,,,526,334,166
10202246003,3,s,ЉR,0,,,784,472,292
102022510,2,s,,0,,,1199,969,163
102022560,2,s,敍,0,,,1034,849,158
102022600,2,s,Β,0,,,175,125,31
102022650,2,s,㒬,0,,,1606,737,782
10202265001,3,s,㒬P,0,,,421,196,211
10202265002,3,s,㒬Q,0,,,342,144,170
10202265003,3,s,㒬R,0,,,471,226,236
10202265004,3,s,㒬S,0,,,372,171,165
102023010,2,s,㍲쒬,0,,,2143,1063,618
102023020,2,s,E,0,,,31,20,11
102023040,2,s,㒆,0,,,3597,1707,1667
10202304001,3,s,㒆,0,,,620,294,253
10202304002,3,s,㒆,0,,,885,417,416
10202304003,3,s,㒆,0,,,1001,476,488
10202304004,3,s,㒆,0,,,1068,502,505
10202304005,3,s,㒆,0,,,23,18,5
102023080,2,s,kot,0,,,329,199,26
102023110,2,s,h,0,,,710,443,215
102023150,2,s,쒬,0,,,1076,724,338
102023160,2,s,V钬,0,,,1402,885,441
102023170,2,s,,0,,,968,479,435
102023181,2,s,VՒ,0,,,303,216,76
102023182,2,s,VՒ,0,,,70,49,19
102023190,2,s,,0,,,3199,1354,982
10202319001,3,s,P,0,,,556,213,323
10202319002,3,s,Q,0,,,1395,433,211
10202319003,3,s,R,0,,,564,454,100
10202319004,3,s,S,0,,,684,254,348
102023230,2,s,ot,0,,,797,530,232
102023301,2,s,ac,0,,,381,144,220
102023302,2,s,ac,0,,,165,106,48
102023510,2,s,㏬,0,,,715,427,210
102023520,2,s,㏬,0,,,401,326,23
102023530,2,s,|,0,,,3082,1129,1849
102023570,2,s,,0,,,2208,879,1267
102023580,2,s,,0,,,1641,876,752
102023620,2,s,}꒬,0,,,1393,678,586
102023810,2,s,Vے,0,,,1157,720,390
102023820,2,s,Vۓc,0,,,257,233,15
102023880,2,s,,0,,,1558,693,418
102023900,2,s,,0,,,883,597,269
102024010,2,s,쒬,0,,,2461,1527,683
102024060,2,s,唪ؒ,0,,,1021,586,396
102024090,2,s,ؒ,0,,,1115,664,372
102024120,2,s,ώ,0,,,365,288,66
102024130,2,s,≮,0,,,122,37,79
10202413001,3,s,≮P,0,,,34,2,29
10202413002,3,s,≮Q,0,,,88,35,50
102024150,2,s,≮,0,,,575,244,296
10202415001,3,s,≮P,0,,,402,150,227
10202415002,3,s,≮Q,0,,,29,14,14
10202415003,3,s,≮R,0,,,9,9,-
10202415004,3,s,≮S,0,,,135,71,55
102024200,2,s,lK,0,,,1843,976,616
102024210,2,s,Β,0,,,588,135,426
10202421001,3,s,ΒP,0,,,248,45,188
10202421002,3,s,ΒQ,0,,,131,41,85
10202421003,3,s,ΒR,0,,,134,44,85
10202421004,3,s,ΒS,0,,,75,5,68
102024310,2,s,䕣,0,,,456,182,15
102024330,2,s,蒬,0,,,1885,1311,525
102024350,2,s,哇,0,,,196,186,9
102024380,2,s,@,0,,,998,515,181
102024400,2,s,˒,0,,,458,323,128
102024430,2,s,,0,,,316,293,20
102024460,2,s,,0,,,2116,1693,401
102024490,2,s,c,0,,,107,104,2
102024610,2,s,L,0,,,1498,904,496
102024650,2,s,L,0,,,1408,970,362
102024680,2,s,L,0,,,531,432,91
102024690,2,s,kvے,0,,,378,176,70
102024810,2,s,,0,,,414,356,53
102024830,2,s,en,0,,,400,354,43
102024840,2,s,kVg,0,,,139,118,19
102024850,2,s,s͒,0,,,125,117,8
102024880,2,s,l쒬,0,,,975,888,81
102024900,2,s,Vg,0,,,333,257,35
102024930,2,s,yԒ,0,,,371,356,13
102024960,2,s,,0,,,227,211,15
102025110,2,s,ޒ,0,,,1247,601,544
102025150,2,s,hޒ,0,,,262,243,18
102025160,2,s,č蒬,0,,,563,505,55
102025170,2,s,ޒ,0,,,449,360,88
102025220,2,s,ޒ,0,,,256,163,93
102025250,2,s,ޒ,0,,,497,410,83
102025410,2,s,vÒ,0,,,306,286,12
102025450,2,s,ؕ,0,,,180,174,5
102025460,2,s,R,0,,,773,459,14
10202546001,3,s,RP,0,,,566,260,9
10202546002,3,s,RQ,0,,,207,199,5
102025500,2,s,,0,,,585,470,61
102025510,2,s,R,0,,,1401,1191,67
102025710,2,s,@,0,,,400,320,33
102025750,2,s,I蒬,0,,,247,221,23
102025780,2,s,Vc,0,,,676,337,92
102025820,2,s,,0,,,188,137,46
102025850,2,s,,0,,,940,590,327
102025880,2,s,Ȋђ,0,,,586,482,100
102026000,2,s,q쒬,0,,,5045,3614,1146
10202600001,3,s,q쒬,0,,,420,285,124
10202600002,3,s,q쒬,0,,,380,323,52
10202600003,3,s,q쒬,0,,,615,512,97
10202600004,3,s,q쒬,0,,,384,287,85
10202600005,3,s,q쒬,0,,,321,254,66
10202600006,3,s,q쒬,0,,,233,114,9
10202600007,3,s,q쒬,0,,,260,188,67
10202600008,3,s,q쒬,0,,,495,367,97
10202600009,3,s,q쒬,0,,,112,87,23
10202600010,3,s,q쒬,0,,,88,68,17
10202600011,3,s,q쒬,0,,,70,63,6
10202600012,3,s,q쒬,1,,600014,892,590,251
10202600013,3,s,q쒬,0,,,775,476,252
10202600014,3,s,q쒬,2,600012,,X,X,X
102026030,2,s,{,0,,,218,123,79
102026110,2,s,,0,,,366,183,40
102026140,2,s,ڒ,0,,,405,342,59
102026170,2,s,쒬,0,,,563,359,184
102026200,2,s,,0,,,127,93,31
102026230,2,s,,0,,,481,464,12
102026260,2,s,,0,,,347,262,72
102026300,2,s,,0,,,450,379,66
102026410,2,s,꒬,0,,,234,207,26
102026440,2,s,h蒬,0,,,118,118,-
102026450,2,s,ēc,0,,,130,119,9
102026460,2,s,꒬,0,,,338,290,43
102026490,2,s,,0,,,275,272,2
102026510,2,s,蒬,0,,,354,182,147
102026550,2,s,,0,,,287,278,7
102026560,2,s,qOmq,0,,,212,191,1
102026570,2,s,qOmq,0,,,139,131,3
102026580,2,s,q,0,,,124,110,2
102026590,2,s,qc,0,,,137,136,1
102026600,2,s,qX,0,,,169,151,1
102026610,2,s,qc,0,,,189,178,5
102026620,2,s,qY,0,,,229,216,7
102026630,2,s,qc,0,,,140,136,4
102026640,2,s,,0,,,599,514,61
102026650,2,s,~,0,,,80,78,2
102026660,2,s,V,0,,,40,39,1
102026670,2,s,,0,,,891,784,102
102026680,2,s,,0,,,316,260,54
102026690,2,s,,0,,,1086,884,195
102026700,2,s,,0,,,705,604,92
102026710,2,s,x,0,,,296,286,8
102026720,2,s,Pn,1,,6750,186,182,-
102026730,2,s,acR,0,,,129,118,10
102026740,2,s,,0,,,360,355,5
102026750,2,s,,2,6720,,X,X,X
102026760,2,s,ؑ,0,,,854,761,88
102026770,2,s,,0,,,1345,1052,284
102026780,2,s,Ò,0,,,132,129,2
102026790,2,s,Ò,0,,,387,343,41
102026800,2,s,Ò,0,,,682,599,81
102026810,2,s,Ò,0,,,245,224,21
102026820,2,s,Ò,0,,,474,342,130
102026830,2,s,Ò,0,,,153,109,41
102026840,2,s,Ò,0,,,339,243,94
102026850,2,s,Ò,0,,,694,517,164
102026860,2,s,咬,0,,,473,336,134
102026870,2,s,咬,0,,,201,160,38
102026880,2,s,咬,0,,,567,395,163
102026890,2,s,咬,0,,,153,134,16
102026900,2,s,k,0,,,278,223,47
102026910,2,s,,0,,,213,168,21
102026920,2,s,␅,0,,,103,97,6
102026930,2,s,DԒ,0,,,107,107,-
102026940,2,s,,0,,,212,196,15
102026950,2,s,Ԓ,0,,,356,304,47
102026960,2,s,˓c,0,,,139,106,32
102026970,2,s,ב䒬,0,,,172,154,17
102026980,2,s,,0,,,1014,742,244
102026990,2,s,Oc,0,,,694,543,147
102027000,2,s,,0,,,1366,1012,309
102027010,2,s,J,0,,,1229,751,457
102027020,2,s,,0,,,1439,722,662
102027030,2,s,,0,,,1100,547,528
102027040,2,s,,0,,,408,360,33
102027050,2,s,ۓnc,0,,,523,440,56
102027060,2,s,o,0,,,424,390,34
102027070,2,s,,0,,,598,411,143
102027080,2,s,V,0,,,290,237,50
102027090,2,s,V,0,,,213,150,55
102027100,2,s,V,0,,,364,249,108
102027110,2,s,V,0,,,331,215,113
102027120,2,s,V,0,,,151,110,40
102027130,2,s,V,0,,,182,106,71
102027140,2,s,V,0,,,1181,695,276
102027150,2,s,V,0,,,226,148,72
102027160,2,s,V,0,,,1051,593,133
102027170,2,s,V,0,,,1010,612,297
102027180,2,s,V,0,,,-,-,-
102027190,2,s,c,0,,,1007,900,40
10202719001,3,s,c,0,,,96,78,2
10202719002,3,s,c,0,,,99,99,-
10202719003,3,s,c,0,,,55,50,5
10202719004,3,s,c,0,,,128,115,11
10202719005,3,s,c,0,,,89,79,10
10202719006,3,s,c,0,,,38,36,1
10202719007,3,s,c,0,,,65,59,5
10202719008,3,s,c,0,,,54,53,1
10202719009,3,s,c,0,,,91,48,-
10202719010,3,s,c,0,,,52,51,1
10202719011,3,s,c,0,,,154,148,2
10202719012,3,s,c,0,,,35,34,1
10202719013,3,s,c,0,,,51,50,1
102027200,2,s,c,0,,,542,515,12
10202720014,3,s,c,0,,,90,87,3
10202720015,3,s,c,0,,,123,113,4
10202720016,3,s,c,0,,,74,74,-
10202720017,3,s,c,0,,,63,59,2
10202720018,3,s,c,0,,,53,52,-
10202720020,3,s,c,0,,,139,130,3
102027210,2,s,㎺c,0,,,387,377,6
10202721019,3,s,㎺c,0,,,29,29,-
10202721021,3,s,㎺c,0,,,55,53,2
10202721022,3,s,㎺c,0,,,52,50,1
10202721023,3,s,㎺c,0,,,89,89,-
10202721024,3,s,㎺c,0,,,162,156,3
102027221,2,s,YR,0,,,36,33,1
102027222,2,s,YΒ,0,,,32,28,-
102027230,2,s,哇,0,,,378,359,19
102027240,2,s,,0,,,867,647,156
10202724040,3,s,,0,,,178,120,38
10202724041,3,s,,0,,,225,129,54
10202724042,3,s,,0,,,146,115,30
10202724043,3,s,,0,,,79,76,3
10202724044,3,s,,0,,,89,72,16
10202724045,3,s,,0,,,150,135,15
102027250,2,s,,0,,,608,503,96
10202725036,3,s,,0,,,175,142,32
10202725037,3,s,,0,,,96,92,3
10202725038,3,s,,0,,,61,54,2
10202725039,3,s,,0,,,276,215,59
102027260,2,s,㗢,0,,,841,737,74
10202726026,3,s,㗢,0,,,29,29,-
10202726027,3,s,㗢,0,,,44,44,-
10202726028,3,s,㗢,0,,,73,72,1
10202726029,3,s,㗢,0,,,79,74,4
10202726030,3,s,㗢,0,,,61,54,6
10202726031,3,s,㗢,0,,,50,49,1
10202726032,3,s,㗢,0,,,72,69,3
10202726033,3,s,㗢,0,,,100,73,14
10202726034,3,s,㗢,0,,,240,191,34
10202726035,3,s,㗢,0,,,93,82,11
102027270,2,s,{,0,,,748,703,24
10202727050,3,s,{,0,,,185,163,9
10202727051,3,s,{,0,,,75,72,-
10202727052,3,s,{,0,,,109,103,5
10202727053,3,s,{,0,,,82,81,-
10202727054,3,s,{,0,,,117,116,1
10202727055,3,s,{,0,,,180,168,9
102027280,2,s,l,0,,,657,549,90
10202728047,3,s,l,0,,,304,237,63
10202728048,3,s,l,0,,,140,120,18
10202728049,3,s,l,0,,,213,192,9
102027290,2,s,⒬,0,,,157,138,2
102027300,2,s,\,0,,,181,176,4
10202730057,3,s,\,0,,,127,125,1
10202730058,3,s,\,0,,,54,51,3
102027310,2,s,R[h7310̌v,0,,,248,243,3
10202731011,3,s,{,0,,,8,8,-
10202731059,3,s,\,0,,,172,168,3
10202731060,3,s,{,0,,,68,67,-
102027320,2,s,Ocq,0,,,142,134,1
102027330,2,s,_˒,0,,,83,70,12
102027340,2,s,R[h7340̌v,0,,,593,481,87
10202734001,3,s,g䒬g,0,,,108,74,21
10202734002,3,s,g䒬r,0,,,90,78,10
10202734003,3,s,g䒬c,0,,,143,102,36
10202734004,3,s,g䒬g,0,,,104,94,6
10202734005,3,s,g䒬g,0,,,63,60,3
10202734006,3,s,g䒬g,0,,,85,73,11
102027350,2,s,R[h7350̌v,0,,,294,230,62
10202735001,3,s,g䒬g,0,,,38,19,19
10202735002,3,s,g䒬g,0,,,22,22,-
10202735003,3,s,g䒬g,0,,,144,109,33
10202735004,3,s,g䒬g,0,,,35,32,3
10202735005,3,s,g䒬g,0,,,55,48,7
102027360,2,s,g䒬g,0,,,205,186,19
102027370,2,s,g䒬,0,,,209,189,19
102027380,2,s,g䒬,0,,,549,508,36
10202738001,3,s,g䒬,0,,,31,31,-
10202738002,3,s,g䒬,0,,,72,72,-
10202738003,3,s,g䒬,0,,,180,165,14
10202738004,3,s,g䒬,0,,,266,240,22
102027390,2,s,g䒬I,0,,,123,120,2
102027400,2,s,g䒬ЎR,0,,,236,184,48
102027410,2,s,g䒬{,0,,,283,242,29
102027420,2,s,g䒬,0,,,232,168,44
102027430,2,s,g䒬r,0,,,601,436,158
10202743001,3,s,g䒬r,0,,,467,320,140
10202743002,3,s,g䒬r,0,,,134,116,18
102027440,2,s,g䒬c,0,,,318,236,53
102027450,2,s,g䒬g,0,,,86,85,1
102027460,2,s,R[h7460̌v,0,,,311,285,24
10202746001,3,s,g䒬,0,,,38,37,1
10202746002,3,s,g䒬_,0,,,33,33,-
10202746003,3,s,g䒬_,0,,,240,215,23
102027470,2,s,g䒬,0,,,126,124,1
10202747001,3,s,g䒬,0,,,70,70,-
10202747002,3,s,g䒬,0,,,56,54,1
102027480,2,s,R[h7480̌v,0,,,44,42,1
10202748001,3,s,g䒬J,0,,,30,28,1
10202748002,3,s,g䒬,1,,748003,14,14,-
10202748003,3,s,g䒬J,2,748002,,X,X,X
102027490,2,s,g䒬,0,,,63,63,-
102027500,2,s,g䒬,0,,,137,136,1
10202750001,3,s,g䒬,0,,,92,91,1
10202750002,3,s,g䒬,0,,,45,45,-
102027510,2,s,g䒬,0,,,154,153,-
10202751001,3,s,g䒬,0,,,41,41,-
10202751002,3,s,g䒬,0,,,39,39,-
10202751003,3,s,g䒬,0,,,31,30,-
10202751004,3,s,g䒬,0,,,28,28,-
10202751005,3,s,g䒬,0,,,15,15,-
102027520,2,s,R[h7520̌v,0,,,267,237,29
10202752001,3,s,g䒬ΐ_,0,,,101,83,18
10202752002,3,s,g䒬[,0,,,37,37,-
10202752003,3,s,g䒬,0,,,129,117,11
102027530,2,s,g䒬,0,,,175,154,19
102027540,2,s,g䒬F,0,,,109,109,-
102027550,2,s,g䒬,0,,,169,113,55
102027560,2,s,g䒬,0,,,204,170,32
102027570,2,s,g䒬n,0,,,482,430,41
102027580,2,s,g䒬,0,,,151,139,5
102027590,2,s,g䒬,0,,,91,90,1
102027600,2,s,g䒬,0,,,96,93,-
102027610,2,s,g䒬㉜,0,,,59,57,-
102027620,2,s,g䒬㉜,0,,,63,63,-
102027630,2,s,R[h7630̌v,0,,,62,62,-
10202763001,3,s,g䒬,0,,,49,49,-
10202763002,3,s,g䒬I,0,,,13,13,-
102027640,2,s,g䒬g,0,,,582,352,171
102027650,2,s,g䒬{,0,,,487,395,89
102027660,2,s,g䒬,0,,,135,126,7
102027670,2,s,g䒬z,0,,,905,880,14
10202767001,3,s,g䒬zP,0,,,304,293,8
10202767002,3,s,g䒬zQ,0,,,345,334,5
10202767003,3,s,g䒬zR,0,,,256,253,1
10203,1,ːs,,0,,,45342,33046,8523
102030010,2,ːs,{,0,,,856,505,249
10203001001,3,ːs,{P,0,,,147,72,67
10203001002,3,ːs,{Q,0,,,139,74,47
10203001003,3,ːs,{R,0,,,210,115,57
10203001004,3,ːs,{S,0,,,108,88,18
10203001005,3,ːs,{T,0,,,131,98,25
10203001006,3,ːs,{U,0,,,121,58,35
102030020,2,ːs,R,0,,,55,49,4
102030030,2,ːs,ג,0,,,117,95,18
102030040,2,ːs,ђ,0,,,816,437,161
10203004001,3,ːs,ђP,0,,,204,130,65
10203004002,3,ːs,ђQ,0,,,225,172,48
10203004003,3,ːs,ђR,0,,,387,135,48
102030050,2,ːs,DP,0,,,70,43,25
102030060,2,ːs,ؒ,0,,,33,31,2
102030070,2,ːs,,0,,,77,41,30
102030080,2,ːs,,0,,,112,82,29
102030090,2,ːs,Vh,0,,,777,641,100
10203009001,3,ːs,VhP,0,,,277,224,33
10203009002,3,ːs,VhQ,0,,,218,181,29
10203009003,3,ːs,VhR,0,,,282,236,38
102030100,2,ːs,Og,0,,,288,234,52
10203010001,3,ːs,OgP,0,,,121,84,36
10203010002,3,ːs,OgQ,0,,,167,150,16
102030110,2,ːs,~,0,,,166,135,26
102030120,2,ːs,Օ,0,,,133,116,15
102030130,2,ːs,l,0,,,653,469,103
10203013001,3,ːs,lP,0,,,370,278,51
10203013002,3,ːs,lQ,0,,,283,191,52
102030140,2,ːs,,0,,,913,693,195
10203014001,3,ːs,P,0,,,314,236,72
10203014002,3,ːs,Q,0,,,273,210,60
10203014003,3,ːs,R,1,,0180,326,247,63
102030150,2,ːs,ݒ,0,,,4,3,1
102030160,2,ːs,,1,,0170,10,10,-
102030170,2,ːs,,2,0160,,X,X,X
102030180,2,ːs,,2,014003,,X,X,X
102030190,2,ːs,,0,,,37,19,18
102030200,2,ːs,,0,,,1954,1249,454
10203020001,3,ːs,P,0,,,375,208,68
10203020002,3,ːs,Q,0,,,363,244,115
10203020003,3,ːs,R,0,,,244,86,30
10203020004,3,ːs,S,0,,,266,185,76
10203020005,3,ːs,T,0,,,278,227,45
10203020006,3,ːs,U,0,,,186,150,32
10203020007,3,ːs,V,0,,,242,149,88
102030210,2,ːs,L,0,,,172,120,35
102030220,2,ːs,{O,0,,,389,272,108
10203022001,3,ːs,{OP,0,,,167,121,45
10203022002,3,ːs,{OQ,0,,,222,151,63
102030230,2,ːs,璬,0,,,1306,1032,161
10203023001,3,ːs,璬P,0,,,559,438,69
10203023002,3,ːs,璬Q,0,,,275,237,35
10203023003,3,ːs,璬R,0,,,472,357,57
102030240,2,ːs,b,0,,,142,82,35
10203024001,3,ːs,bP,0,,,31,26,5
10203024002,3,ːs,bQ,0,,,111,56,30
102030250,2,ːs,h,0,,,352,298,30
102030260,2,ːs,iy,0,,,161,129,30
102030270,2,ːs,\,0,,,156,127,28
102030280,2,ːs,{{,0,,,796,526,258
10203028001,3,ːs,{{P,0,,,187,145,40
10203028002,3,ːs,{{Q,0,,,301,183,113
10203028003,3,ːs,{{R,0,,,164,110,52
10203028004,3,ːs,{{S,0,,,144,88,53
102030290,2,ːs,v,0,,,537,277,244
10203029001,3,ːs,vP,0,,,206,97,107
10203029002,3,ːs,vQ,0,,,219,122,92
10203029003,3,ːs,vR,0,,,112,58,45
102030300,2,ːs,v,0,,,193,134,58
10203030001,3,ːs,vP,0,,,166,109,57
10203030002,3,ːs,vQ,0,,,27,25,1
102030310,2,ːs,V_,0,,,1018,438,503
10203031001,3,ːs,V_P,0,,,75,43,32
10203031002,3,ːs,V_Q,0,,,351,138,203
10203031003,3,ːs,V_R,0,,,592,257,268
102030320,2,ːs,䒬,0,,,141,74,61
102030330,2,ːs,쒬,0,,,3318,2435,676
10203033001,3,ːs,쒬P,0,,,254,192,53
10203033002,3,ːs,쒬Q,0,,,467,343,113
10203033003,3,ːs,쒬R,0,,,343,159,52
10203033004,3,ːs,쒬S,0,,,418,318,97
10203033005,3,ːs,쒬T,0,,,358,273,65
10203033006,3,ːs,쒬U,0,,,696,588,97
10203033007,3,ːs,쒬V,0,,,782,562,199
102030340,2,ːs,R[h0340̌v,0,,,6578,4527,1459
10203034001,3,ːs,L򒬂P,0,,,759,557,175
10203034002,3,ːs,L򒬂Q,0,,,1322,860,360
10203034003,3,ːs,L򒬂R,0,,,952,738,205
10203034004,3,ːs,L򒬂S,0,,,726,575,111
10203034005,3,ːs,L򒬂T,0,,,1050,784,250
10203034006,3,ːs,L򒬂U,0,,,916,628,222
10203034007,3,ːs,L򒬂V,0,,,191,135,55
10203034008,3,ːs,L򒬊ԃm,0,,,662,250,81
102030350,2,ːs,~c,0,,,1414,1159,198
10203035001,3,ːs,~cP,0,,,815,578,186
10203035002,3,ːs,~cQ,0,,,205,195,5
10203035003,3,ːs,~cR,0,,,125,120,4
10203035004,3,ːs,~cS,0,,,235,232,3
10203035005,3,ːs,~cT,0,,,34,34,-
102030360,2,ːs,,0,,,6814,4709,1125
10203036002,3,ːs,Q,0,,,2639,2047,466
10203036003,3,ːs,R,0,,,1471,816,206
10203036004,3,ːs,S,0,,,175,135,37
10203036005,3,ːs,T,0,,,2481,1664,415
10203036006,3,ːs,Q,0,,,48,47,1
102030370,2,ːs,,0,,,3146,2670,235
10203037001,3,ːs,P,0,,,361,327,12
10203037002,3,ːs,Q,0,,,774,702,65
10203037003,3,ːs,R,0,,,730,642,83
10203037004,3,ːs,S,0,,,258,237,10
10203037005,3,ːs,T,0,,,1023,762,65
102030380,2,ːs,H,0,,,3384,2523,598
10203038001,3,ːs,HP,0,,,718,536,20
10203038002,3,ːs,HQ,0,,,906,827,67
10203038003,3,ːs,HR,0,,,573,473,91
10203038004,3,ːs,HS,0,,,695,371,304
10203038005,3,ːs,HT,0,,,492,316,116
102030390,2,ːs,,0,,,2133,1337,476
10203039001,3,ːs,P,0,,,1824,1181,438
10203039002,3,ːs,Q,0,,,309,156,38
102030400,2,ːs,VԏR,0,,,91,89,2
102030410,2,ːs,R[h0410̌v,0,,,172,168,1
10203041001,3,ːs,V,0,,,58,57,-
10203041002,3,ːs,VԏR,0,,,114,111,1
102030420,2,ːs,V,0,,,78,77,1
102030430,2,ːs,V,0,,,49,49,-
102030440,2,ːs,Vv,0,,,155,154,1
102030450,2,ːs,V,0,,,67,67,-
102030460,2,ːs,V߃PJ,0,,,228,219,9
10203046001,3,ːs,V߃PJ,0,,,115,107,8
10203046002,3,ːs,V߃PJ,0,,,113,112,1
102030470,2,ːs,VR,0,,,809,777,26
10203047001,3,ːs,VR,0,,,96,96,-
10203047002,3,ːs,VR,0,,,70,70,-
10203047003,3,ːs,VR,0,,,86,86,-
10203047004,3,ːs,VR,0,,,189,188,1
10203047005,3,ːs,VR,0,,,165,165,-
10203047006,3,ːs,VR,0,,,203,172,25
102030480,2,ːs,V,0,,,392,300,89
10203048001,3,ːs,V,0,,,297,211,83
10203048002,3,ːs,V,0,,,95,89,6
102030490,2,ːs,V,0,,,380,352,28
10203049001,3,ːs,V,0,,,54,54,-
10203049002,3,ːs,V,0,,,235,207,28
10203049003,3,ːs,V,0,,,91,91,-
102030500,2,ːs,V,0,,,137,136,-
102030510,2,ːs,VV,0,,,2841,2267,539
10203051001,3,ːs,VV,0,,,871,691,162
10203051002,3,ːs,VV,0,,,594,426,167
10203051003,3,ːs,VV,0,,,460,374,80
10203051004,3,ːs,VV,0,,,313,245,64
10203051005,3,ːs,VV,0,,,603,531,66
102030520,2,ːs,ۍ,0,,,113,101,2
102030530,2,ːs,ۍ،,0,,,25,25,-
102030540,2,ːs,ۍ,0,,,161,154,7
102030550,2,ːs,ۍ,0,,,289,266,14
102030560,2,ːs,ۍ,0,,,134,124,4
10204,1,ɐs,,0,,,78888,53876,21142
102040010,2,ɐs,ȗ֒,0,,,432,274,106
102040020,2,ɐs,蒬,0,,,296,174,70
102040030,2,ɐs,a,0,,,524,352,123
102040040,2,ɐs,t,0,,,302,240,58
102040050,2,ɐs,쑽,0,,,482,303,171
102040060,2,ɐs,@,0,,,248,180,62
102040070,2,ɐs,,0,,,217,115,97
102040080,2,ɐs,,0,,,356,215,134
102040090,2,ɐs,ؑ,0,,,541,390,134
102040100,2,ɐs,L,0,,,660,435,216
102040110,2,ɐs,{,0,,,156,132,22
102040120,2,ɐs,,0,,,505,304,171
102040130,2,ɐs,Β,0,,,332,238,89
102040140,2,ɐs,O,0,,,444,298,136
102040150,2,ɐs,,0,,,415,239,129
102040160,2,ɐs,⒬,0,,,233,163,56
102040170,2,ɐs,Oa,0,,,415,405,7
102040180,2,ɐs,{֒,0,,,275,164,6
102040190,2,ɐs,,0,,,395,322,57
102040200,2,ɐs,Aؖ{,0,,,714,641,63
102040210,2,ɐs,L钬,0,,,1178,826,173
102040220,2,ɐs,zK,0,,,1219,814,386
102040230,2,ɐs,To,0,,,979,682,284
102040240,2,ɐs,a,0,,,1139,674,415
102040250,2,ɐs,{O,0,,,533,229,290
102040260,2,ɐs,{,0,,,517,292,198
102040270,2,ɐs,Aؒ,0,,,918,376,522
102040280,2,ɐs,,0,,,2048,1050,818
10204028001,3,ɐs,򒬂Q,0,,,852,550,283
10204028002,3,ɐs,򒬂P,0,,,1196,500,535
102040300,2,ɐs,kؒ,0,,,321,258,57
102040310,2,ɐs,ؒ,0,,,811,536,257
102040320,2,ɐs,ΘC,0,,,1550,1084,426
10204032001,3,ɐs,ΘCP,0,,,499,395,99
10204032002,3,ɐs,ΘCQ,0,,,1051,689,327
102040340,2,ɐs,ΘC,0,,,626,487,135
102040350,2,ɐs,Ђ낹,0,,,344,205,131
102040360,2,ɐs,ΘC쒬,0,,,442,339,99
102040370,2,ɐs,Vh,0,,,1159,591,125
102040380,2,ɐs,쒬,0,,,192,41,144
102040390,2,ɐs,gu],0,,,2481,2124,308
10204039001,3,ɐs,gu]P,0,,,1260,1032,189
10204039002,3,ɐs,gu]Q,0,,,438,374,61
10204039003,3,ɐs,gu]R,0,,,783,718,58
102040420,2,ɐs,x,0,,,1140,680,403
102040430,2,ɐs,c,0,,,1584,941,486
102040440,2,ɐs,ג,0,,,525,416,89
102040450,2,ɐs,{q,0,,,2812,1407,1360
102040460,2,ɐs,A撬,0,,,2084,1175,841
102040470,2,ɐs,A{,0,,,993,463,496
102040480,2,ɐs,A挳,0,,,1933,960,902
102040490,2,ɐs,c,0,,,1682,969,557
102040500,2,ɐs,c,0,,,231,208,20
102040510,2,ɐs,V{,0,,,347,339,6
102040520,2,ɐs,{Ò,0,,,88,67,19
102040530,2,ɐs,B˒,0,,,410,282,118
102040540,2,ɐs,厛,0,,,120,112,7
102040550,2,ɐs,䒬,0,,,1384,880,443
102040560,2,ɐs,R,0,,,2073,1066,593
102040570,2,ɐs,x,0,,,450,326,99
102040580,2,ɐs,,0,,,231,107,118
102040590,2,ɐs,Ē,0,,,686,522,146
102040600,2,ɐs,˒J˒,0,,,365,175,166
102040610,2,ɐs,,0,,,354,264,86
102040620,2,ɐs,l,0,,,880,412,442
102040630,2,ɐs,P,0,,,1650,940,679
102040640,2,ɐs,吳,0,,,267,227,39
102040650,2,ɐs,x˒,0,,,1272,753,496
102040660,2,ɐs,,0,,,212,184,26
102040670,2,ɐs,n˒,0,,,1144,1057,65
10204067001,3,ɐs,n˒V_,0,,,97,96,1
10204067002,3,ɐs,n˒Oc,0,,,152,140,11
10204067003,3,ɐs,n˒,0,,,163,157,1
10204067004,3,ɐs,n˒{,0,,,102,99,3
10204067005,3,ɐs,n˒,0,,,215,172,39
10204067006,3,ɐs,n˒,0,,,123,115,5
10204067007,3,ɐs,n˒o[^EL,0,,,292,278,5
102040740,2,ɐs,,0,,,1020,792,207
10204074001,3,ɐs,{,0,,,536,367,156
10204074002,3,ɐs,,0,,,484,425,51
102040760,2,ɐs,@,0,,,244,196,42
102040770,2,ɐs,@,0,,,178,176,2
102040780,2,ɐs,̒,0,,,57,57,-
102040790,2,ɐs,ѓ,0,,,75,70,5
102040800,2,ɐs,H,0,,,940,421,95
102040810,2,ɐs,vے,0,,,1316,965,302
10204081001,3,ɐs,vےP,0,,,230,169,57
10204081002,3,ɐs,vےQ,0,,,606,434,167
10204081003,3,ɐs,vےR,0,,,480,362,78
102040820,2,ɐs,ȑ,0,,,804,450,339
102040830,2,ɐs,Ԗx,0,,,358,268,86
102040840,2,ɐs,ԖJ,0,,,359,283,74
102040850,2,ɐs,ђ,0,,,534,502,28
10204085001,3,ɐs,ђQ,0,,,221,210,10
10204085003,3,ɐs,ђP,0,,,313,292,18
102040860,2,ɐs,쒬,0,,,322,276,38
102040870,2,ɐs,钬,0,,,76,64,-
102040880,2,ɐs,쒬,0,,,114,114,-
102040890,2,ɐs,Ԗx䒬,0,,,1107,760,341
10204089001,3,ɐs,Ԗx䒬Q,0,,,524,412,109
10204089003,3,ɐs,Ԗx䒬P,0,,,583,348,232
102040900,2,ɐs,G,0,,,824,516,300
102040910,2,ɐs,ܖڋ,0,,,220,206,13
102040920,2,ɐs,s꒬,0,,,1344,977,351
10204092001,3,ɐs,s꒬P,0,,,731,570,152
10204092002,3,ɐs,s꒬Q,0,,,613,407,199
102040930,2,ɐs,x,0,,,535,406,121
102040940,2,ɐs,,0,,,312,254,56
102040950,2,ɐs,䒬,0,,,193,187,6
102040960,2,ɐs,,0,,,681,483,189
102040970,2,ɐs,,0,,,599,312,281
102040980,2,ɐs,O,0,,,1188,785,387
102040990,2,ɐs,ە,0,,,1451,1238,196
102041000,2,ɐs,c䒬,0,,,2192,1736,426
10204100001,3,ɐs,c䒬P,0,,,1114,933,174
10204100002,3,ɐs,c䒬Q,0,,,598,496,89
10204100003,3,ɐs,c䒬R,0,,,480,307,163
102041010,2,ɐs,蒬,0,,,1344,1151,181
10204101001,3,ɐs,蒬P,0,,,618,538,69
10204101002,3,ɐs,蒬Q,0,,,726,613,112
102041020,2,ɐs,c,0,,,302,213,86
102041030,2,ɐs,ە,0,,,598,460,131
102041040,2,ɐs,,0,,,168,125,40
102041050,2,ɐs,,0,,,189,155,34
102041060,2,ɐs,,0,,,235,192,25
102041070,2,ɐs,,0,,,57,51,6
102041080,2,ɐs,,0,,,117,92,24
102041090,2,ɐs,,0,,,84,78,6
102041100,2,ɐs,,0,,,278,225,52
102041110,2,ɐs,m,0,,,116,110,6
102041120,2,ɐs,ɗ^v,0,,,399,352,43
102041130,2,ɐs,ɗ^v,0,,,544,414,119
102041140,2,ɐs,ɗ^v,0,,,227,204,22
102041150,2,ɐs,ؓ,0,,,244,211,3
102041160,2,ɐs,SX,0,,,215,180,11
102041170,2,ɐs,,0,,,277,275,-
102041180,2,ɐs,,0,,,337,320,16
102041190,2,ɐs,㟺,0,,,521,458,60
102041200,2,ɐs,V,0,,,246,190,55
102041210,2,ɐs,㟺,0,,,6,-,4
102041220,2,ɐs,ې,0,,,405,390,5
102041230,2,ɐs,㕐m,0,,,305,271,2
102041240,2,ɐs,m,0,,,368,321,22
102041250,2,ɐs,m,0,,,454,366,60
102041260,2,ɐs,,0,,,198,197,-
102041270,2,ɐs,,0,,,143,139,3
102041280,2,ɐs,,0,,,104,101,3
102041290,2,ɐs,,0,,,115,113,1
102041300,2,ɐs,,0,,,30,30,-
102041310,2,ɐs,,0,,,102,100,2
102041320,2,ɐs,,0,,,107,81,1
102041330,2,ɐs,,0,,,156,152,2
102041340,2,ɐs,ĉ,0,,,77,77,-
102041350,2,ɐs,ĉ,0,,,257,194,59
102041360,2,ɐs,h,0,,,534,381,147
102041370,2,ɐs,,0,,,762,519,164
102041380,2,ɐs,Oc,0,,,362,211,125
102041390,2,ɐs,,0,,,162,87,74
102041400,2,ɐs,,0,,,173,171,1
102041410,2,ɐs,SX,0,,,254,129,116
102041420,2,ɐs,,0,,,242,150,86
102041430,2,ɐs,Vh,0,,,254,166,79
102041440,2,ɐs,ې꒚,0,,,461,456,4
10205,1,cs,,0,,,83186,56993,20447
102050010,2,cs,{,0,,,393,220,159
102050020,2,cs,{,0,,,369,211,106
102050030,2,cs,{,0,,,356,219,74
102050040,2,cs,{,0,,,165,89,69
102050050,2,cs,{,0,,,145,87,40
102050060,2,cs,{,0,,,650,406,225
102050070,2,cs,{,0,,,194,142,51
102050080,2,cs,R,0,,,261,201,54
102050090,2,cs,R,0,,,195,128,62
102050100,2,cs,l,0,,,298,114,131
102050110,2,cs,l,0,,,420,225,182
102050120,2,cs,l,0,,,706,154,316
102050130,2,cs,{,0,,,93,56,34
102050140,2,cs,,0,,,168,140,25
102050150,2,cs,,0,,,135,91,40
102050160,2,cs,ђ˒,0,,,1544,809,630
102050170,2,cs,l,0,,,752,393,333
102050180,2,cs,V䒬,0,,,899,359,492
102050190,2,cs,V䒬,0,,,1082,437,435
102050200,2,cs,,0,,,535,278,245
102050210,2,cs,ђ˒,0,,,1146,704,411
102050220,2,cs,ʏ,0,,,1483,972,323
102050231,2,cs,P,0,,,1280,638,585
102050232,2,cs,P,0,,,797,424,280
102050240,2,cs,V,0,,,875,430,392
102050250,2,cs,ؒ,0,,,938,381,387
102050260,2,cs,,0,,,264,167,91
102050270,2,cs,x,0,,,542,194,119
102050280,2,cs,,0,,,605,343,116
102050290,2,cs,,0,,,303,205,14
102050300,2,cs,іk,0,,,370,254,30
102050310,2,cs,ѓ쒬,0,,,479,398,56
102050320,2,cs,ѐ,0,,,374,283,86
102050330,2,cs,ѓ,0,,,771,531,214
102050340,2,cs,ю,0,,,240,199,39
102050350,2,cs,L,0,,,566,436,125
102050360,2,cs,Ì˒,0,,,322,265,48
102050370,2,cs,␣쒬,0,,,1446,741,586
102050380,2,cs,lc,0,,,1160,557,538
102050390,2,cs,גJ,0,,,912,554,305
102050400,2,cs,đ,0,,,742,404,305
102050410,2,cs,,0,,,820,422,376
102050420,2,cs,V,0,,,442,232,112
102050430,2,cs,V,0,,,270,228,40
102050440,2,cs,V,0,,,562,328,91
102050450,2,cs,V,0,,,488,324,89
102050460,2,cs,V,0,,,132,126,6
102050470,2,cs,V,0,,,187,165,21
102050480,2,cs,㏬ђ,0,,,320,277,41
102050490,2,cs,䒬,0,,,351,290,59
102050500,2,cs,䒬,0,,,208,178,20
102050510,2,cs,ǉ,0,,,317,254,51
102050520,2,cs,Ό,0,,,551,372,164
102050530,2,cs,Ό,0,,,253,100,3
102050540,2,cs,,0,,,930,625,278
102050550,2,cs,,0,,,692,394,84
102050560,2,cs,F쒬,0,,,651,332,234
102050570,2,cs,꒬,0,,,344,334,9
102050580,2,cs,V,0,,,646,456,9
102050590,2,cs,V,0,,,638,365,250
102050600,2,cs,哇,0,,,557,292,152
102050610,2,cs,哇,0,,,173,163,9
102050620,2,cs,哇,0,,,95,76,18
102050631,2,cs,ߐc,0,,,394,360,33
102050632,2,cs,ߐc,0,,,246,107,25
102050640,2,cs,R㒬,0,,,1197,703,356
102050650,2,cs,R,0,,,464,339,119
102050660,2,cs,R,0,,,439,292,123
102050670,2,cs,V쒬,0,,,365,311,44
102050680,2,cs,R,0,,,164,89,12
102050690,2,cs,˒,0,,,990,731,46
102050700,2,cs,,0,,,43,43,-
102050710,2,cs,,0,,,232,225,7
102050720,2,cs,,0,,,181,179,1
102050730,2,cs,k䒬,0,,,54,54,-
102050740,2,cs,h,0,,,64,64,-
102050750,2,cs,㋭˒,0,,,87,86,-
102050760,2,cs,˒,0,,,65,64,1
102050770,2,cs,˒,0,,,152,152,-
102050780,2,cs,΋,0,,,268,201,57
102050790,2,cs,䒬,0,,,346,280,59
102050800,2,cs,䒬,0,,,207,134,17
102050811,2,cs,,0,,,1134,772,290
102050812,2,cs,,0,,,827,324,490
102050820,2,cs,,0,,,771,498,236
102050830,2,cs,,0,,,345,335,6
102050840,2,cs,V,0,,,185,184,-
102050850,2,cs,Ζؒ,0,,,268,205,58
102050861,2,cs,ђ,0,,,527,353,166
102050862,2,cs,ђ,0,,,322,280,26
102050870,2,cs,d},0,,,103,98,3
102050880,2,cs,v,0,,,849,355,450
102050890,2,cs,v,0,,,507,231,254
102050900,2,cs,vǒ,0,,,132,97,32
102050910,2,cs,vǒ,0,,,217,193,24
102050920,2,cs,vǒ,0,,,225,176,47
102050930,2,cs,vǒ,0,,,146,133,12
102050940,2,cs,Rǒ,0,,,1004,642,347
102050951,2,cs,Rǒ,0,,,396,285,111
102050952,2,cs,Rǒ,0,,,218,162,50
102050961,2,cs,Rǒ,0,,,683,483,189
102050962,2,cs,Rǒ,0,,,275,188,75
102050970,2,cs,Rǒ,0,,,302,203,95
102050980,2,cs,ʏ,0,,,329,216,106
102050990,2,cs,V,0,,,814,559,242
102051000,2,cs,e,0,,,253,247,4
102051010,2,cs,쒬,0,,,101,101,-
102051020,2,cs,J,0,,,66,65,1
102051031,2,cs,c,0,,,106,102,3
102051032,2,cs,c,0,,,53,53,-
102051040,2,cs,,0,,,404,216,170
102051050,2,cs,c,0,,,609,315,279
102051061,2,cs,c,0,,,153,110,37
102051062,2,cs,c,0,,,189,129,59
102051070,2,cs,,0,,,398,331,63
102051080,2,cs,,0,,,1841,1038,447
102051090,2,cs,㒬,0,,,472,443,26
102051100,2,cs,ێR,0,,,651,411,231
102051110,2,cs,s꒬,0,,,413,268,138
102051120,2,cs,s꒬,0,,,590,369,214
102051130,2,cs,,0,,,402,271,125
102051140,2,cs,xᒬ,0,,,385,226,152
102051150,2,cs,,0,,,372,261,4
102051160,2,cs,Β,0,,,184,178,5
102051170,2,cs,cx,0,,,126,121,5
102051180,2,cs,g,0,,,159,151,6
102051190,2,cs,g,0,,,167,150,17
102051200,2,cs,ێR,0,,,242,226,14
102051210,2,cs,h,0,,,284,265,15
102051220,2,cs,,0,,,336,238,93
102051230,2,cs,鐼,0,,,769,767,1
102051240,2,cs,,0,,,145,94,49
102051250,2,cs,,0,,,57,44,13
102051260,2,cs,,0,,,54,50,4
102051270,2,cs,,0,,,40,33,5
102051280,2,cs,,0,,,92,67,24
102051290,2,cs,,0,,,119,79,35
102051300,2,cs,vÒ,0,,,127,75,49
102051310,2,cs,⏼,0,,,278,206,63
102051320,2,cs,⏼,0,,,68,61,6
102051330,2,cs,O,0,,,42,36,6
102051340,2,cs,ؒ,0,,,91,89,1
102051350,2,cs,x,0,,,190,164,23
102051360,2,cs,x,0,,,101,98,1
102051370,2,cs,c,0,,,73,72,-
102051380,2,cs,,0,,,93,93,-
102051390,2,cs,O,0,,,53,52,-
102051400,2,cs,T,0,,,646,438,172
10205140001,3,cs,T,0,,,196,145,46
10205140002,3,cs,T,0,,,399,242,126
10205140003,3,cs,T,0,,,51,51,-
102051410,2,cs,ڒ,0,,,201,201,-
102051420,2,cs,{,0,,,143,143,-
102051440,2,cs,q,0,,,46,42,4
102051450,2,cs,⏼,0,,,70,22,3
102051460,2,cs,Ǔc,0,,,141,119,21
102051470,2,cs,Ǔc,0,,,302,280,21
102051480,2,cs,Ǔc,0,,,43,43,-
102051490,2,cs,Ǔc,0,,,99,97,1
102051500,2,cs,Ǔc,0,,,187,146,41
102051510,2,cs,Ǔc,0,,,83,81,1
102051520,2,cs,Ǔc,0,,,71,70,-
102051530,2,cs,Ǔc,0,,,48,44,4
102051540,2,cs,쒬,0,,,500,341,69
10205154001,3,cs,쒬,0,,,282,226,50
10205154002,3,cs,쒬,0,,,218,115,19
102051550,2,cs,o˒,0,,,85,73,12
102051560,2,cs,o˒,0,,,46,46,-
102051570,2,cs,쒬,0,,,70,70,-
102051580,2,cs,pc,0,,,44,44,-
102051590,2,cs,샖u,0,,,220,217,2
102051600,2,cs,,0,,,135,133,2
102051610,2,cs,VcԖx,0,,,203,173,11
102051620,2,cs,Vc؍蒬,0,,,2698,2004,552
10205162001,3,cs,Vc؍蒬,0,,,778,451,249
10205162002,3,cs,Vc؍蒬,0,,,480,400,76
10205162003,3,cs,Vc؍蒬,0,,,390,304,82
10205162004,3,cs,Vc؍蒬,0,,,428,313,103
10205162005,3,cs,Vc؍蒬,0,,,622,536,42
102051670,2,cs,Vc]c,0,,,563,533,21
10205167001,3,cs,Vc]c,0,,,369,358,5
10205167002,3,cs,Vc]c,0,,,194,175,16
102051680,2,cs,Vc]c,0,,,83,79,4
102051690,2,cs,Vcc,0,,,427,397,21
102051700,2,cs,Vc]c,0,,,474,449,24
102051710,2,cs,Vcc,0,,,224,222,1
102051720,2,cs,Vc쒬,0,,,667,639,14
102051730,2,cs,Vcԍ˒,0,,,207,163,35
102051740,2,cs,VcEq咬,0,,,25,25,-
102051750,2,cs,Vc咬,0,,,152,124,23
102051760,2,cs,VcÔI,0,,,56,50,4
102051770,2,cs,Vc卪,0,,,585,444,79
102051780,2,cs,VcVc,0,,,40,39,-
102051790,2,cs,Vcsq,0,,,190,180,8
102051800,2,cs,Vc䒬,0,,,568,472,92
10205180001,3,cs,Vc䒬,0,,,224,211,13
10205180002,3,cs,Vc䒬,0,,,297,222,71
10205180003,3,cs,Vc䒬,0,,,47,39,8
102051810,2,cs,Vcc,0,,,822,749,67
10205181001,3,cs,Vcc,0,,,244,227,14
10205181002,3,cs,Vcc,0,,,241,213,26
10205181003,3,cs,Vcc,0,,,89,79,10
10205181004,3,cs,Vcc,0,,,248,230,17
102051830,2,cs,Vcs䒬,0,,,644,556,85
10205183001,3,cs,Vcs䒬,0,,,197,183,12
10205183002,3,cs,Vcs䒬,0,,,70,57,12
10205183003,3,cs,Vcs䒬,0,,,377,316,61
102051870,2,cs,Vc,0,,,263,254,9
102051890,2,cs,Vcؒ,0,,,487,457,-
102051900,2,cs,Vc,0,,,58,57,1
102051910,2,cs,Vcs,0,,,174,154,16
102051920,2,cs,Vc㒆,0,,,114,109,5
102051930,2,cs,Vcr,0,,,50,50,-
102051940,2,cs,Vc,0,,,63,37,24
102051950,2,cs,Vc䒬,0,,,188,163,23
102051960,2,cs,M˒,0,,,124,105,18
102051970,2,cs,M˒,0,,,268,221,41
102051980,2,cs,匴,0,,,450,317,128
102051990,2,cs,M˒,0,,,399,308,87
102052000,2,cs,M˒,0,,,135,131,4
102052010,2,cs,M˒,0,,,81,63,18
102052020,2,cs,M˒,0,,,111,99,9
102052030,2,cs,M˒,0,,,332,251,66
102052040,2,cs,M˒,0,,,305,230,72
102052050,2,cs,RV_,0,,,446,332,89
102052060,2,cs,匴,0,,,153,134,19
102052070,2,cs,匴,0,,,252,180,70
102052080,2,cs,匴,0,,,233,141,87
102052090,2,cs,匴,0,,,292,217,61
102052100,2,cs,匴,0,,,244,203,40
102052110,2,cs,匴,0,,,383,327,54
102052120,2,cs,匴,0,,,563,427,129
102052130,2,cs,匴,0,,,1095,844,226
102052140,2,cs,匴,0,,,322,283,37
102052150,2,cs,ZΒ,0,,,210,198,12
102052160,2,cs,匴,0,,,206,167,31
102052170,2,cs,匴,0,,,187,106,77
102052180,2,cs,vے,0,,,240,157,79
102052190,2,cs,匴,0,,,223,182,38
102052200,2,cs,RV_,0,,,176,174,2
102052210,2,cs,񍇒,0,,,64,44,15
10206,1,cs,,0,,,18910,13977,4054
102060010,2,cs,q,0,,,363,223,130
102060020,2,cs,q,0,,,243,217,23
102060030,2,cs,,0,,,548,379,155
102060040,2,cs,꒬,0,,,1568,833,477
102060050,2,cs,ޖؒ,0,,,522,343,157
102060060,2,cs,,0,,,405,243,134
102060070,2,cs,㌴,0,,,946,508,401
102060080,2,cs,V,0,,,635,430,183
102060090,2,cs,V,0,,,515,368,128
102060100,2,cs,V,0,,,38,34,3
102060110,2,cs,n,0,,,119,87,23
102060120,2,cs,,0,,,39,36,3
102060130,2,cs,VVc,0,,,404,309,83
102060140,2,cs,V,0,,,64,57,6
102060150,2,cs,b蒬,0,,,378,274,91
102060160,2,cs,Y,0,,,253,210,38
102060170,2,cs,,0,,,273,182,65
102060180,2,cs,,0,,,1024,694,299
102060190,2,cs,ˎ쒬,0,,,521,344,158
102060200,2,cs,V,0,,,147,119,27
102060210,2,cs,{,0,,,241,208,33
102060220,2,cs,{,0,,,178,151,27
102060230,2,cs,v,0,,,594,270,289
102060240,2,cs,v,0,,,193,184,7
102060250,2,cs,v,0,,,588,288,287
102060260,2,cs,˒,0,,,733,536,181
102060270,2,cs,h,0,,,403,207,124
102060280,2,cs,R,0,,,85,84,1
10206028001,3,cs,R,0,,,33,32,1
10206028002,3,cs,R,0,,,46,46,-
10206028003,3,cs,R,0,,,6,6,-
102060310,2,cs,㔭m,0,,,187,181,2
10206031001,3,cs,㔭m,0,,,83,80,1
10206031002,3,cs,㔭m,0,,,56,54,1
10206031003,3,cs,㔭m,0,,,48,47,-
102060340,2,cs,m,0,,,104,104,-
102060350,2,cs,mVc,0,,,85,82,2
102060360,2,cs,m,0,,,61,61,-
102060370,2,cs,J,0,,,244,230,12
102060380,2,cs,ޗǒ,0,,,102,102,-
102060390,2,cs,H˒,0,,,18,18,-
102060400,2,cs,c,0,,,277,231,45
102060410,2,cs,⒬,0,,,115,105,8
102060420,2,cs,c,0,,,199,168,29
102060430,2,cs,c,0,,,234,202,16
102060440,2,cs,y㒬,0,,,369,338,28
10206044001,3,cs,y㒬,0,,,171,147,22
10206044002,3,cs,y㒬,0,,,198,191,6
102060460,2,cs,F^䒬,0,,,53,52,1
102060470,2,cs,,0,,,47,47,-
102060480,2,cs,x,0,,,89,88,-
102060490,2,cs,劘,0,,,64,64,-
102060500,2,cs,Pj,0,,,111,94,14
102060510,2,cs,Ζn,0,,,148,135,12
10206051001,3,cs,Ζn,0,,,107,94,12
10206051002,3,cs,Ζn,0,,,41,41,-
102060530,2,cs,ː_,0,,,157,152,3
102060540,2,cs,R[h0540̌v,0,,,371,335,22
10206054000,3,cs,⒬,0,,,7,7,-
10206054001,3,cs,c,0,,,171,145,14
10206054002,3,cs,c,0,,,193,183,8
102060560,2,cs,c,0,,,186,162,22
102060570,2,cs,c,0,,,604,530,67
102060580,2,cs,`,0,,,187,185,-
10206058001,3,cs,`,0,,,124,122,-
10206058002,3,cs,`,0,,,63,63,-
102060600,2,cs,{,0,,,129,123,6
10206060001,3,cs,{,0,,,101,95,6
10206060002,3,cs,{,0,,,28,28,-
102060620,2,cs,䒬,0,,,20,19,1
102060630,2,cs,򒬍,0,,,313,286,26
102060640,2,cs,򒬐},0,,,83,80,2
102060650,2,cs,򒬊⎺,0,,,30,30,-
102060660,2,cs,򒬔,0,,,124,119,3
102060670,2,cs,򒬕o,0,,,89,89,-
102060680,2,cs,򒬏Ìꕃ,0,,,543,417,121
102060690,2,cs,򒬉Ìꕃ,0,,,78,77,1
102060700,2,cs,ǊL,0,,,232,193,11
102060710,2,cs,,0,,,320,261,29
102060720,2,cs,k,0,,,71,60,5
102060730,2,cs,˒J,0,,,65,61,2
102060740,2,cs,V_,0,,,150,100,22
102060750,2,cs,匴,0,,,170,141,3
102060760,2,cs,,0,,,74,70,2
102060770,2,cs,,0,,,30,29,1
102060780,2,cs,,0,,,64,58,1
102060790,2,cs,,1,,0800,10,10,-
102060800,2,cs,`,2,0790,,X,X,X
102060810,2,cs,싽,0,,,18,18,-
102060820,2,cs,e싽,0,,,33,29,2
102060830,2,cs,,0,,,12,12,-
102060840,2,cs,,0,,,17,17,-
102060850,2,cs,֑g,0,,,38,36,-
102060860,2,cs,,0,,,137,130,-
102060870,2,cs,{,0,,,28,28,-
10207,1,ٗюs,,0,,,29759,20752,7055
102071010,2,ٗюs,{,0,,,1174,792,290
10207101001,3,ٗюs,{P,0,,,190,151,20
10207101002,3,ٗюs,{Q,0,,,352,219,104
10207101003,3,ٗюs,{R,0,,,145,114,18
10207101004,3,ٗюs,{S,0,,,487,308,148
102071050,2,ٗюs,c,0,,,176,79,86
102071060,2,ٗюs,xm,0,,,454,253,173
102071070,2,ٗюs,h,0,,,422,178,184
102071080,2,ٗюs,,0,,,218,172,35
102071090,2,ٗюs,{,0,,,336,231,73
102071100,2,ٗюs,㊯,0,,,179,122,42
102071110,2,ٗюs,h,0,,,161,100,56
102071120,2,ٗюs,L,0,,,422,286,104
102071130,2,ٗюs,,0,,,509,344,157
102071140,2,ٗюs,蒬,0,,,211,129,79
102071150,2,ٗюs,钬,0,,,324,222,80
102071160,2,ٗюs,g,0,,,542,387,144
102072010,2,ٗюs,@t,0,,,255,197,56
102072060,2,ٗюs,,0,,,365,317,41
102072070,2,ٗюs,{,0,,,372,252,46
102072080,2,ٗюs,˒J,0,,,287,258,23
102072090,2,ٗюs,≺,0,,,338,220,98
102072100,2,ٗюs,L,0,,,82,40,38
102072110,2,ٗюs,ד,0,,,111,92,10
102072120,2,ٗюs,˒,0,,,41,41,-
102072130,2,ٗюs,cJ,0,,,37,37,-
102072140,2,ٗюs,lcJ,0,,,43,43,-
102073010,2,ٗюs,哇,0,,,760,697,8
102074030,2,ٗюs,Ԑc,0,,,274,196,74
102074040,2,ٗюs,Ԑc{,0,,,209,206,1
102074050,2,ٗюs,Ԑc,0,,,203,182,11
102074060,2,ٗюs,H,0,,,256,203,48
102074070,2,ٗюs,ԎR,0,,,810,517,276
102074080,2,ٗюs,풬,0,,,344,171,6
102074090,2,ٗюs,H,0,,,175,174,1
102075010,2,ٗюs,Vh,0,,,607,361,230
10207501001,3,ٗюs,VhP,0,,,257,140,105
10207501002,3,ٗюs,VhQ,0,,,350,221,125
102075030,2,ٗюs,Β,0,,,896,532,333
10207503001,3,ٗюs,ΒP,0,,,476,289,168
10207503002,3,ٗюs,ΒQ,0,,,420,243,165
102075050,2,ٗюs,,0,,,1165,652,449
10207505001,3,ٗюs,P,0,,,523,370,145
10207505002,3,ٗюs,Q,0,,,461,194,222
10207505003,3,ٗюs,R,0,,,181,88,82
102075070,2,ٗюs,,0,,,294,238,50
102075080,2,ٗюs,,0,,,584,371,186
102075100,2,ٗюs,xH,0,,,1289,932,335
102075130,2,ٗюs,,0,,,278,89,21
102075140,2,ٗюs,,0,,,258,156,90
102075150,2,ٗюs,ߓ,0,,,996,648,206
102075160,2,ٗюs,,0,,,536,464,66
102075170,2,ٗюs,cؒ,0,,,485,429,50
102075180,2,ٗюs,zK,0,,,323,189,74
102075200,2,ٗюs,,0,,,412,218,184
102075210,2,ٗюs,,0,,,268,174,85
102075220,2,ٗюs,K,0,,,589,363,214
102075230,2,ٗюs,xm,0,,,834,519,292
102076010,2,ٗюs,Ӓ,0,,,193,175,18
102076030,2,ٗюs,Oђ,0,,,436,358,5
102076040,2,ٗюs,Oђ,0,,,309,294,15
102076050,2,ٗюs,J,0,,,38,38,-
102077010,2,ٗюs,,0,,,836,714,78
102077020,2,ٗюs,Vh,0,,,153,82,64
102077040,2,ٗюs,,0,,,498,255,43
102077050,2,ٗюs,،˒,0,,,143,143,-
102077060,2,ٗюs,,0,,,697,572,72
102077070,2,ٗюs,X,0,,,1152,787,340
10207707001,3,ٗюs,XP,0,,,458,298,147
10207707002,3,ٗюs,XQ,0,,,370,248,118
10207707003,3,ٗюs,XR,0,,,324,241,75
102077100,2,ٗюs,,0,,,745,570,162
102077120,2,ٗюs,,0,,,1175,760,354
102077130,2,ٗюs,J,0,,,879,607,230
102077140,2,ٗюs,ԓy,0,,,390,219,137
102077150,2,ٗюs,k,0,,,698,485,195
102078040,2,ٗюs,c,0,,,152,150,2
102078050,2,ٗюs,㑁c,0,,,111,102,5
102078060,2,ٗюs,T˒,0,,,53,53,-
102078070,2,ٗюs,,0,,,799,562,187
102078080,2,ٗюs,쒬,0,,,356,316,38
102078090,2,ٗюs,Vc,0,,,42,37,5
10208,1,as,,0,,,28223,22673,4295
102080010,2,as,,0,,,202,89,73
102080020,2,as,,0,,,278,152,33
102080030,2,as,,0,,,372,213,103
102080040,2,as,V,0,,,105,78,27
102080050,2,as,m,0,,,30,21,9
102080060,2,as,쒬,0,,,125,109,11
102080070,2,as,˒,0,,,167,145,20
102080080,2,as,{,0,,,10,9,1
102080090,2,as,񋏒,0,,,127,111,16
102080100,2,as,≺,0,,,505,354,140
102080110,2,as,ؒ,0,,,281,230,48
102080120,2,as,m,0,,,43,37,6
102080130,2,as,m,0,,,79,68,10
102080140,2,as,쌴,0,,,63,54,9
102080150,2,as,h,0,,,39,31,6
102080160,2,as,,0,,,332,273,51
102080170,2,as,,0,,,538,419,108
102080180,2,as,,0,,,471,259,59
102080190,2,as,㋽,0,,,281,192,83
102080200,2,as,m,0,,,96,71,11
102080210,2,as,C,0,,,191,136,35
102080220,2,as,ۖ,0,,,342,300,31
102080230,2,as,v,0,,,191,138,50
102080240,2,as,쒬,0,,,1118,763,325
102080250,2,as,{,0,,,496,293,54
102080260,2,as,q,0,,,50,50,-
102080270,2,as,쓇,0,,,307,297,7
102080280,2,as,c꓇,0,,,147,145,-
102080290,2,as,c꓇㑺,0,,,75,74,1
102080300,2,as,Lnij,0,,,583,458,117
102080310,2,as,Lnij,0,,,638,483,146
102080320,2,as,،ikj,0,,,735,526,140
102080330,2,as,،i암j,0,,,723,518,195
102080340,2,as,ci암j,0,,,776,511,181
102080350,2,as,cikj,0,,,691,516,163
102080360,2,as,sKcij,0,,,328,228,83
102080370,2,as,sKcij,0,,,814,568,234
102080380,2,as,{Ό,0,,,233,165,63
102080390,2,as,Ό,0,,,964,697,234
102080400,2,as,ikj,0,,,184,118,59
102080410,2,as,i암j,0,,,288,178,92
102080420,2,as,imj,0,,,270,201,67
102080430,2,as,imj,0,,,357,313,43
102080440,2,as,i񂲂̗j,0,,,354,340,2
102080450,2,as,yl,0,,,325,309,13
102080460,2,as,䍑,0,,,299,157,95
102080470,2,as,ΌiFj,0,,,220,129,85
102080480,2,as,Όicj,0,,,396,193,161
102080490,2,as,厚ɍ,0,,,1015,683,217
102080500,2,as,厚q,0,,,148,123,20
102080510,2,as,厚,0,,,28,26,2
102080520,2,as,厚q,0,,,274,274,-
102080530,2,as,厚,0,,,283,273,5
102080540,2,as,厚㔒,0,,,432,423,4
102080550,2,as,厚,0,,,1362,1183,164
102080560,2,as,厚x,0,,,239,234,1
102080570,2,as,厚kq,0,,,633,604,19
102080580,2,as,厚,0,,,921,782,129
102080590,2,as,厚,0,,,248,217,27
102080600,2,as,厚Ëvc,0,,,835,773,43
10208060001,3,as,厚Ëvc,0,,,159,156,3
10208060002,3,as,厚Ëvc,0,,,238,216,6
10208060003,3,as,厚Ëvc,0,,,325,289,34
10208060004,3,as,厚Ëvc,0,,,113,112,-
102080610,2,as,厚~,0,,,189,177,11
102080620,2,as,厚䏬c,0,,,285,282,1
10208062001,3,as,厚䏬c,0,,,64,62,1
10208062002,3,as,厚䏬c,0,,,122,122,-
10208062003,3,as,厚䏬c,0,,,99,98,-
102080630,2,as,厚[R,0,,,85,84,1
102080640,2,as,厚I,0,,,73,68,5
102080650,2,as,厚,0,,,134,131,3
102080660,2,as,厚aC,0,,,340,332,7
102080670,2,as,厚k,0,,,102,100,2
102080680,2,as,厚ۑ,0,,,196,182,14
102080690,2,as,厚,0,,,163,160,3
102080700,2,as,厚,0,,,99,99,-
102080710,2,as,厚Oc,0,,,182,174,6
102080720,2,as,厚Oc,0,,,353,340,7
10208072001,3,as,厚Oc,0,,,98,96,-
10208072002,3,as,厚Oc,0,,,255,244,7
102080730,2,as,厚M,0,,,121,104,4
102080740,2,as,厚{c,0,,,161,161,-
102080750,2,as,厚h,0,,,78,78,-
102080760,2,as,厚kԏR,0,,,26,26,-
10208076001,3,as,厚kԏR,1,,077002,4,4,-
10208076002,3,as,厚kԏR,0,,,-,-,-
10208076003,3,as,厚kԏR,0,,,22,22,-
10208076004,3,as,厚kԏR,0,,,-,-,-
102080770,2,as,厚ԏR,0,,,X,X,X
10208077001,3,as,厚ԏR,0,,,-,-,-
10208077002,3,as,厚ԏR,2,076001,,X,X,X
102080780,2,as,厚,0,,,695,655,36
10208078001,3,as,厚,0,,,242,219,22
10208078002,3,as,厚,0,,,200,191,8
10208078003,3,as,厚,0,,,253,245,6
102080790,2,as,厚,0,,,117,117,-
102080800,2,as,厚,0,,,343,339,2
10208080001,3,as,厚,0,,,158,157,-
10208080002,3,as,厚,0,,,185,182,2
102080810,2,as,厚쎺,0,,,218,216,2
102080820,2,as,厚쎺,0,,,168,166,1
102080830,2,as,厚㔠c,0,,,183,182,1
102080840,2,as,厚c,0,,,227,221,6
102080850,2,as,厚c,0,,,238,228,8
102080860,2,as,厚^,0,,,777,724,44
10208086001,3,as,厚^,0,,,103,103,-
10208086002,3,as,厚^,0,,,350,314,33
10208086003,3,as,厚^,0,,,129,125,3
10208086004,3,as,厚^,0,,,195,182,8
102080870,2,as,厚ԏR,0,,,13,13,-
10209,1,s,,0,,,24234,19066,4041
102090010,2,s,,0,,,502,392,87
102090020,2,s,,0,,,136,96,38
10209002001,3,s,,0,,,44,29,14
10209002002,3,s,,0,,,54,35,18
10209002003,3,s,,0,,,38,32,6
102090030,2,s,,0,,,278,240,38
10209003001,3,s,,0,,,141,127,14
10209003002,3,s,,0,,,137,113,24
102090071,2,s,,0,,,294,203,66
102090072,2,s,,0,,,307,220,87
102090080,2,s,,0,,,256,173,77
102090090,2,s,,0,,,295,184,106
102090100,2,s,,0,,,57,53,3
10209010001,3,s,,0,,,20,19,1
10209010002,3,s,,0,,,37,34,2
102090120,2,s,,0,,,544,421,109
102090130,2,s,,0,,,99,68,29
10209013001,3,s,,0,,,58,34,22
10209013002,3,s,,0,,,41,34,7
102090140,2,s,,0,,,296,226,42
102090151,2,s,,0,,,633,435,192
102090152,2,s,I{,0,,,752,488,193
102090171,2,s,,0,,,570,458,93
102090172,2,s,,0,,,731,614,105
102090181,2,s,,0,,,614,453,156
102090182,2,s,,0,,,562,393,156
102090190,2,s,,0,,,269,245,22
102090200,2,s,,0,,,141,127,13
102090210,2,s,,0,,,340,263,74
10209021001,3,s,,0,,,184,133,50
10209021002,3,s,,0,,,156,130,24
102090231,2,s,˒,0,,,304,227,76
102090232,2,s,˒,0,,,354,295,53
102090240,2,s,,0,,,486,379,105
102090251,2,s,I{,0,,,443,317,125
102090252,2,s,I{,0,,,405,277,121
102090260,2,s,V,0,,,162,91,61
102090270,2,s,V,0,,,259,133,122
102090281,2,s,V,0,,,446,319,102
102090282,2,s,V,0,,,352,185,159
102090290,2,s,V,0,,,167,97,66
102090300,2,s,,0,,,726,559,156
102090310,2,s,,0,,,426,367,59
102090320,2,s,,0,,,692,587,101
102090330,2,s,,0,,,330,211,114
102090340,2,s,,0,,,500,314,67
102090350,2,s,XVc,0,,,249,212,37
102090361,2,s,,0,,,312,265,45
102090362,2,s,XVc,0,,,8,-,-
102090370,2,s,,0,,,243,209,33
102090380,2,s,I{,0,,,336,274,57
102090390,2,s,I{,0,,,350,263,84
102090401,2,s,,0,,,423,361,60
102090402,2,s,,0,,,468,274,95
102090410,2,s,,0,,,551,496,44
102090420,2,s,{,0,,,457,426,29
102090430,2,s,{,0,,,416,383,33
102090440,2,s,,0,,,477,323,27
102090450,2,s,㗎,0,,,273,269,3
102090460,2,s,,0,,,86,86,-
102090470,2,s,{,0,,,259,215,17
102090480,2,s,{,0,,,464,187,22
102090490,2,s,{,0,,,165,162,3
102090500,2,s,R[h0500̌v,0,,,109,107,2
10209050001,3,s,쏜,0,,,24,24,-
10209050002,3,s,c,0,,,85,83,2
102090520,2,s,_c,0,,,244,233,4
102090530,2,s,,0,,,96,94,2
102090540,2,s,۔,0,,,141,137,3
102090550,2,s,O{,0,,,146,141,5
102090560,2,s,R,0,,,32,32,-
102090570,2,s,R,0,,,20,19,-
102090580,2,s,R,0,,,15,15,-
102090590,2,s,{,0,,,181,141,38
102090600,2,s,,0,,,197,195,2
102090610,2,s,,0,,,291,289,1
102090620,2,s,,0,,,283,215,63
102090630,2,s,ΔW,0,,,187,172,13
102090640,2,s,Oc,0,,,428,422,5
102090650,2,s,Oc,0,,,37,36,-
102090660,2,s,,0,,,127,115,12
102090670,2,s,,0,,,96,95,-
102090680,2,s,R[h0680̌v,0,,,102,101,1
10209068001,3,s,,0,,,35,35,-
10209068002,3,s,,0,,,67,66,1
102090700,2,s,,0,,,60,59,-
102090710,2,s,,0,,,100,98,-
10209071001,3,s,,0,,,44,44,-
10209071002,3,s,,0,,,56,54,-
102090730,2,s,,0,,,74,74,-
10209073001,3,s,,0,,,25,25,-
10209073002,3,s,,0,,,49,49,-
102090740,2,s,S,0,,,877,704,101
10209074001,3,s,S,0,,,109,75,13
10209074002,3,s,S,0,,,131,99,26
10209074003,3,s,S,0,,,68,60,7
10209074004,3,s,S,0,,,81,69,12
10209074005,3,s,S,0,,,219,168,32
10209074006,3,s,S,0,,,192,161,6
10209074007,3,s,S,0,,,77,72,5
102090750,2,s,@,0,,,625,568,18
10209075001,3,s,@,0,,,44,44,-
10209075002,3,s,@,0,,,142,109,10
10209075003,3,s,@,0,,,326,305,6
10209075004,3,s,@,0,,,113,110,2
102090760,2,s,Og,0,,,257,254,2
10209076001,3,s,Og,0,,,80,80,-
10209076002,3,s,Og,0,,,68,68,-
10209076003,3,s,Og,0,,,32,31,1
10209076004,3,s,Og,0,,,47,47,-
10209076005,3,s,Og,0,,,30,28,1
102090770,2,s,,0,,,161,154,5
10209077001,3,s,,0,,,115,108,5
10209077002,3,s,,0,,,46,46,-
102090780,2,s,۔ZR,0,,,25,24,1
102090790,2,s,⌴,0,,,58,57,1
10209079001,3,s,⌴,0,,,33,33,-
10209079002,3,s,⌴,0,,,12,11,1
10209079003,3,s,⌴,0,,,13,13,-
10210,1,xs,,0,,,17930,14412,2436
102101010,2,xs,s,0,,,2011,1339,479
10210101001,3,xs,s,0,,,371,267,84
10210101002,3,xs,s,0,,,543,326,99
10210101003,3,xs,s,0,,,481,341,126
10210101004,3,xs,s,0,,,229,184,42
10210101005,3,xs,s,0,,,322,169,117
10210101006,3,xs,s,0,,,65,52,11
102101020,2,xs,x,0,,,2906,2084,626
10210102001,3,xs,x,0,,,71,56,11
10210102002,3,xs,x,0,,,239,189,45
10210102003,3,xs,x,0,,,72,66,3
10210102004,3,xs,x,0,,,36,35,1
10210102005,3,xs,x,0,,,43,28,13
10210102006,3,xs,x,0,,,52,46,6
10210102007,3,xs,x,0,,,116,100,11
10210102008,3,xs,x,0,,,127,116,8
10210102009,3,xs,x,0,,,62,62,-
10210102010,3,xs,x,0,,,358,291,63
10210102011,3,xs,x,0,,,136,85,48
10210102012,3,xs,x,0,,,795,433,219
10210102013,3,xs,x,0,,,288,237,47
10210102014,3,xs,x,0,,,511,340,151
102101030,2,xs,],0,,,427,339,78
102101040,2,xs,c,0,,,665,458,39
102101050,2,xs,N,0,,,133,126,7
102101060,2,xs,c,0,,,177,173,2
102101070,2,xs,,0,,,506,442,57
10210107001,3,xs,,0,,,221,196,23
10210107002,3,xs,,0,,,285,246,34
102101080,2,xs,ʕ,0,,,37,36,-
102101510,2,xs,㍕,0,,,188,185,-
10210151001,3,xs,㍕,0,,,69,68,-
10210151002,3,xs,㍕,0,,,119,117,-
102101520,2,xs,,0,,,391,376,12
10210152001,3,xs,,0,,,110,103,5
10210152002,3,xs,,0,,,281,273,7
102102010,2,xs,m{,0,,,1002,761,188
10210201001,3,xs,m{,0,,,339,241,83
10210201002,3,xs,m{,0,,,476,372,69
10210201003,3,xs,m{,0,,,129,93,33
10210201004,3,xs,m{,0,,,58,55,3
102102020,2,xs,Fc,0,,,428,348,70
102102030,2,xs,{,0,,,283,259,23
102102040,2,xs,__,0,,,651,468,158
102102050,2,xs,c,0,,,197,149,38
102102510,2,xs,哇,0,,,29,29,-
102102520,2,xs,㍂,0,,,584,512,71
10210252001,3,xs,㍂,0,,,183,156,27
10210252002,3,xs,㍂,0,,,401,356,44
102102530,2,xs,,0,,,879,603,144
10210253001,3,xs,,0,,,260,179,79
10210253002,3,xs,,0,,,224,95,3
10210253003,3,xs,,0,,,395,329,62
102102540,2,xs,,0,,,675,439,184
102102550,2,xs,,0,,,600,339,100
10210255001,3,xs,,0,,,313,219,88
10210255002,3,xs,,0,,,140,116,11
10210255003,3,xs,,0,,,147,4,1
102103010,2,xs,,0,,,223,222,1
10210301001,3,xs,,0,,,89,88,1
10210301002,3,xs,,0,,,134,134,-
102103020,2,xs,,0,,,48,47,1
102103030,2,xs,,0,,,427,409,16
10210303001,3,xs,,0,,,366,348,16
10210303002,3,xs,,0,,,61,61,-
102103040,2,xs,{,0,,,250,237,9
10210304001,3,xs,{,0,,,131,119,8
10210304002,3,xs,{,0,,,119,118,1
102103510,2,xs,㍂,0,,,188,165,20
102103520,2,xs,,0,,,134,123,11
102103530,2,xs,,0,,,234,222,8
102103540,2,xs,K,0,,,116,112,2
102103550,2,xs,K,0,,,44,44,-
102103560,2,xs,c,0,,,156,151,2
102103570,2,xs,,0,,,104,102,1
102103580,2,xs,,0,,,96,96,-
102103590,2,xs,n,0,,,80,80,-
102104010,2,xs,ֈ,0,,,421,412,7
10210401001,3,xs,ֈ,0,,,118,118,-
10210401002,3,xs,ֈ,0,,,153,153,-
10210401003,3,xs,ֈ,0,,,150,141,7
102104020,2,xs,,0,,,151,146,5
102104030,2,xs,,0,,,54,54,-
102104040,2,xs,_,0,,,216,211,4
102104050,2,xs,㏬,0,,,193,165,26
102104510,2,xs,O,0,,,264,247,6
10210451001,3,xs,O,0,,,141,125,6
10210451002,3,xs,O,0,,,123,122,-
102104520,2,xs,O,0,,,287,275,5
10210452001,3,xs,O,0,,,139,137,2
10210452002,3,xs,O,0,,,148,138,3
102104530,2,xs,,0,,,108,108,-
102104540,2,xs,`c,0,,,498,481,10
102104550,2,xs,`㍂c,0,,,164,154,9
102104560,2,xs,`ؘA,0,,,87,85,2
102104570,2,xs,``,0,,,22,22,-
102104580,2,xs,`勍,0,,,71,71,-
102104590,2,xs,`x,0,,,11,11,-
102104600,2,xs,`,0,,,81,73,7
102104610,2,xs,`×,0,,,30,30,-
102104620,2,xs,`s,0,,,52,47,5
102104630,2,xs,`,0,,,125,123,2
102104640,2,xs,`,0,,,159,158,-
102104650,2,xs,`kR,0,,,67,64,1
10211,1,s,,0,,,21990,18538,2004
102110011,2,s,h,0,,,490,364,117
10211001100,3,s,h,0,,,331,226,97
10211001101,3,s,hP,0,,,159,138,20
102110012,2,s,,0,,,2907,2184,388
10211001200,3,s,,0,,,953,709,89
10211001201,3,s,P,0,,,508,414,86
10211001202,3,s,Q,0,,,349,290,42
10211001203,3,s,R,0,,,528,400,99
10211001204,3,s,S,0,,,225,189,31
10211001205,3,s,T,0,,,344,182,41
102110013,2,s,ʓ,0,,,624,413,82
102110014,2,s,É,0,,,563,511,51
102110015,2,s,,0,,,63,61,1
102110021,2,s,s,0,,,3077,2118,594
10211002100,3,s,s,0,,,2210,1709,435
10211002101,3,s,sP,0,,,390,70,32
10211002102,3,s,sQ,0,,,244,134,100
10211002103,3,s,sR,0,,,180,159,21
10211002104,3,s,sS,0,,,53,46,6
102110022,2,s,,0,,,552,466,75
102110023,2,s,,0,,,304,252,20
102110024,2,s,ʐ,0,,,384,293,54
102110031,2,s,镔,0,,,1092,926,110
10211003101,3,s,镔P,0,,,313,259,37
10211003102,3,s,镔Q,0,,,85,85,-
10211003103,3,s,镔R,0,,,364,304,35
10211003104,3,s,镔S,0,,,330,278,38
102110032,2,s,镔,0,,,18,18,-
102110033,2,s,镔,0,,,265,244,21
102110034,2,s,镔,0,,,333,277,3
102110035,2,s,|,0,,,330,311,19
102110040,2,s,R[h0040̌v,0,,,1242,1210,13
10211004029,3,s,J,0,,,323,323,-
10211004030,3,s,{,0,,,566,536,12
10211004031,3,s,Ԑmc,0,,,179,179,-
10211004032,3,s,Ԑmc,0,,,174,172,1
102110050,2,s,R[h0050̌v,0,,,1034,937,86
10211005033,3,s,,0,,,543,457,80
10211005034,3,s,a,0,,,355,344,6
10211005035,3,s,J,0,,,136,136,-
102110060,2,s,@,0,,,1517,1356,130
10211006001,3,s,@P,0,,,105,104,1
10211006002,3,s,@Q,0,,,157,148,6
10211006036,3,s,@,0,,,1255,1104,123
102110070,2,s,R[h0070̌v,0,,,1261,1186,6
10211007039,3,s,H,0,,,119,118,-
10211007040,3,s,H,0,,,301,238,1
10211007041,3,s,H,0,,,206,204,2
10211007042,3,s,H,0,,,369,363,2
10211007043,3,s,HԂ݂̂肪u,0,,,266,263,1
102110080,2,s,R[h0080̌v,0,,,708,704,-
10211008043,3,s,,0,,,311,308,-
10211008044,3,s,,0,,,243,242,-
10211008045,3,s,,0,,,154,154,-
102110090,2,s,cVx,0,,,612,559,33
102110100,2,s,cc,0,,,508,410,34
102110110,2,s,c,0,,,218,209,4
102110120,2,s,cܗ,0,,,343,327,4
102110130,2,s,c{,0,,,135,134,1
102110140,2,s,c,0,,,85,80,3
102110150,2,s,cR,0,,,56,54,1
102110160,2,s,ckq,0,,,24,23,1
102110170,2,s,cq,0,,,14,11,1
102110180,2,s,cl,0,,,687,594,85
102110190,2,s,c񌬍݉,0,,,776,645,28
102110200,2,s,c,0,,,454,407,26
102110210,2,s,csc,0,,,143,139,3
102110220,2,s,cc,0,,,166,166,-
102110230,2,s,cq,0,,,101,100,1
102110240,2,s,c,0,,,122,79,1
102110250,2,s,c,0,,,136,134,2
102110260,2,s,cy,0,,,215,213,1
102110270,2,s,cV,0,,,144,141,2
102110280,2,s,c㑝c,0,,,287,282,3
10212,1,݂ǂs,,0,,,18706,13723,4213
102120010,2,݂ǂs,},0,,,4694,3284,1329
10212001001,3,݂ǂs,},0,,,409,333,68
10212001002,3,݂ǂs,},0,,,1542,996,525
10212001003,3,݂ǂs,},0,,,919,677,227
10212001004,3,݂ǂs,},0,,,692,514,162
10212001005,3,݂ǂs,},0,,,936,605,311
10212001007,3,݂ǂs,},0,,,75,67,7
10212001008,3,݂ǂs,},0,,,121,92,29
102120020,2,݂ǂs,}v{,0,,,1313,929,353
102120030,2,݂ǂs,},0,,,3837,2783,936
10212003006,3,݂ǂs,},0,,,182,175,7
10212003007,3,݂ǂs,},0,,,1215,924,200
10212003008,3,݂ǂs,},0,,,578,484,88
10212003009,3,݂ǂs,},0,,,1831,1175,635
10212003010,3,݂ǂs,},0,,,31,25,6
102120040,2,݂ǂs,}c,0,,,684,592,88
102120050,2,݂ǂs,ԁXԁX,0,,,4675,3174,1357
10212005001,3,݂ǂs,ԁXԁX,0,,,292,187,41
10212005002,3,݂ǂs,ԁXԁX,0,,,97,67,28
10212005003,3,݂ǂs,ԁXԁX,0,,,120,81,33
10212005004,3,݂ǂs,ԁXԁX,0,,,150,98,49
10212005005,3,݂ǂs,ԁXԁX,0,,,187,146,38
10212005006,3,݂ǂs,ԁXԁX,0,,,270,216,44
10212005007,3,݂ǂs,ԁXԁX,0,,,728,411,299
10212005008,3,݂ǂs,ԁXԁX,0,,,1380,967,397
10212005013,3,݂ǂs,ԁXԁX,0,,,1451,1001,428
102120060,2,݂ǂs,ԁXˌ,0,,,1261,1060,116
10212006009,3,݂ǂs,ԁXˌ,0,,,506,418,69
10212006010,3,݂ǂs,ԁXˌ,0,,,232,184,9
10212006011,3,݂ǂs,ԁXˌ,0,,,293,256,17
10212006012,3,݂ǂs,ԁXˌ,0,,,230,202,21
102120070,2,݂ǂs,ԁXÌ,0,,,302,291,8
102120080,2,݂ǂs,ԁX,0,,,322,238,6
10212008015,3,݂ǂs,ԁX,0,,,187,168,6
10212008016,3,݂ǂs,ԁX,0,,,135,70,-
102120090,2,݂ǂs,ԁX,0,,,282,220,-
10212009017,3,݂ǂs,ԁX,0,,,71,71,-
10212009018,3,݂ǂs,ԁX,0,,,140,78,-
10212009019,3,݂ǂs,ԁX,0,,,71,71,-
102120100,2,݂ǂs,ԁX,0,,,29,29,-
102120110,2,݂ǂs,ԁX,0,,,102,100,1
102120120,2,݂ǂs,ԁX_~,0,,,234,150,1
102120130,2,݂ǂs,ԁX_~,0,,,43,42,-
102120140,2,݂ǂs,ԁX,0,,,54,52,1
102120150,2,݂ǂs,,0,,,82,80,1
102120160,2,݂ǂs,ԗ,0,,,284,252,3
10212016002,3,݂ǂs,ԗ,0,,,126,94,3
10212016003,3,݂ǂs,ԗ,0,,,75,75,-
10212016004,3,݂ǂs,ԗ,0,,,83,83,-
102120170,2,݂ǂs,,0,,,88,88,-
102120180,2,݂ǂs,,0,,,77,70,1
102120190,2,݂ǂs,_,0,,,152,130,1
102120200,2,݂ǂs,,0,,,36,36,-
102120210,2,݂ǂs,,0,,,22,18,-
102120220,2,݂ǂs,,0,,,133,105,11
10344,1,kQnSY,,0,,,4816,3965,577
103440010,2,kQnSY,厚,0,,,579,491,50
103440020,2,kQnSY,厚Rqc,0,,,942,759,115
103440030,2,kQnSY,厚V,0,,,1813,1466,265
103440040,2,kQnSY,厚Ln,0,,,1482,1249,147
103440050,2,kQnSY,厚쌴,0,,,-,-,-
10345,1,kQnSg,,0,,,7162,5520,1531
103450010,2,kQnSg,q,0,,,427,285,137
103450020,2,kQnSg,c,0,,,874,753,114
10345002001,3,kQnSg,c,0,,,646,536,105
10345002002,3,kQnSg,c,0,,,228,217,9
103450040,2,kQnSg,c,0,,,851,688,155
103450050,2,kQnSg,k,0,,,592,458,125
103450060,2,kQnSg,쉺,0,,,495,450,42
103450070,2,kQnSg,w,0,,,188,147,40
103450080,2,kQnSg,v,0,,,2865,2014,780
10345008001,3,kQnSg,v,0,,,612,404,200
10345008002,3,kQnSg,v,0,,,839,540,254
10345008003,3,kQnSg,v,0,,,810,598,200
10345008004,3,kQnSg,v,0,,,604,472,126
103450110,2,kQnSg,,0,,,870,725,138
10345011001,3,kQnSg,,0,,,134,110,24
10345011002,3,kQnSg,,0,,,374,324,45
10345011003,3,kQnSg,,0,,,362,291,69
10366,1,S쑺,,0,,,571,390,25
103660010,2,S쑺,厚,0,,,31,24,-
103660020,2,S쑺,厚a,0,,,31,30,1
103660030,2,S쑺,厚R,0,,,58,47,2
103660040,2,S쑺,厚VH,0,,,115,76,7
103660050,2,S쑺,厚I,0,,,21,17,2
103660060,2,S쑺,厚,0,,,156,84,6
103660070,2,S쑺,厚茴,0,,,159,112,7
10367,1,S_,,0,,,893,811,20
103670010,2,S_,厚,0,,,71,69,2
103670020,2,S_,厚,0,,,31,21,1
103670030,2,S_,厚,0,,,98,85,2
103670040,2,S_,厚,0,,,149,124,11
103670050,2,S_,厚,0,,,40,40,-
103670060,2,S_,厚X,0,,,11,11,-
103670070,2,S_,厚c,0,,,60,59,1
103670080,2,S_,厚,0,,,50,49,1
103670090,2,S_,厚,0,,,26,26,-
103670100,2,S_,厚,0,,,27,27,-
103670110,2,S_,厚Dq,0,,,65,65,-
103670120,2,S_,厚,0,,,127,107,-
103670130,2,S_,厚_P,0,,,73,64,1
103670140,2,S_,厚,0,,,51,50,1
103670150,2,S_,厚,0,,,14,14,-
10382,1,ÊySmc,,0,,,3024,2769,143
103820010,2,ÊySmc,厚mc,0,,,610,521,56
103820020,2,ÊySmc,厚,0,,,120,101,14
103820030,2,ÊySmc,厚g,0,,,166,130,5
103820040,2,ÊySmc,厚IR,0,,,42,41,1
103820050,2,ÊySmc,厚nR,0,,,651,590,40
103820060,2,ÊySmc,厚R,0,,,27,26,-
103820070,2,ÊySmc,厚,0,,,25,25,-
103820080,2,ÊySmc,厚,0,,,338,323,4
103820090,2,ÊySmc,厚㏬,0,,,54,54,-
103820100,2,ÊySmc,厚q,0,,,145,143,2
103820110,2,ÊySmc,厚{h,0,,,76,64,9
103820120,2,ÊySmc,厚q,0,,,214,211,-
103820130,2,ÊySmc,厚q,0,,,210,206,4
103820140,2,ÊySmc,厚,0,,,27,27,-
103820150,2,ÊySmc,厚{,0,,,38,38,-
103820160,2,ÊySmc,厚,0,,,11,10,1
103820170,2,ÊySmc,厚K,0,,,74,71,-
103820180,2,ÊySmc,厚q,0,,,184,176,7
103820190,2,ÊySmc,厚,0,,,12,12,-
10383,1,ÊySq,,0,,,948,881,37
103830010,2,ÊySq,厚u,0,,,79,77,1
103830020,2,ÊySq,厚,0,,,47,44,2
103830030,2,ÊySq,厚H,0,,,53,48,3
103830040,2,ÊySq,厚Fq,0,,,10,10,-
103830050,2,ÊySq,厚,0,,,139,116,8
103830060,2,ÊySq,厚Z,0,,,108,107,1
103830070,2,ÊySq,厚mc,0,,,46,43,3
103830080,2,ÊySq,厚,0,,,113,107,5
103830090,2,ÊySq,厚剖,0,,,120,117,3
103830100,2,ÊySq,厚猴,0,,,43,34,-
103830110,2,ÊySq,厚֌,0,,,120,109,10
103830120,2,ÊySq,厚w,0,,,70,69,1
10384,1,ÊySÊy,,0,,,4515,4081,341
103840010,2,ÊySÊy,厚,0,,,570,538,27
103840020,2,ÊySÊy,厚,0,,,235,214,18
103840030,2,ÊySÊy,厚,0,,,51,51,-
103840040,2,ÊySÊy,厚,0,,,107,105,1
103840050,2,ÊySÊy,厚Pc,0,,,427,390,26
103840060,2,ÊySÊy,厚H,0,,,310,308,1
103840070,2,ÊySÊy,厚,0,,,911,748,149
103840080,2,ÊySÊy,厚,0,,,330,240,69
103840090,2,ÊySÊy,厚q,0,,,504,494,7
103840100,2,ÊySÊy,厚V,0,,,335,332,3
103840110,2,ÊySÊy,厚,0,,,355,288,35
103840120,2,ÊySÊy,厚,0,,,233,227,4
103840130,2,ÊySÊy,厚J,0,,,147,146,1
10421,1,ȌSV,,0,,,6343,5297,673
104210010,2,ȌSV,厚V,0,,,942,696,165
10421001001,3,ȌSV,厚V,0,,,168,150,12
10421001002,3,ȌSV,厚V,0,,,207,146,32
10421001003,3,ȌSV,厚V,0,,,292,214,65
10421001004,3,ȌSV,厚V,0,,,275,186,56
104210020,2,ȌSV,R[h0020̌v,0,,,763,530,95
10421002001,3,ȌSV,厚V,0,,,141,103,16
10421002002,3,ȌSV,厚ܓc,0,,,121,18,2
10421002003,3,ȌSV,厚V,0,,,86,67,15
10421002004,3,ȌSV,厚V,0,,,60,42,16
10421002005,3,ȌSV,厚V,0,,,59,51,7
10421002006,3,ȌSV,厚V,0,,,43,39,4
10421002007,3,ȌSV,厚V,0,,,42,35,6
10421002008,3,ȌSV,厚V,0,,,211,175,29
104210030,2,ȌSV,R[h0030̌v,0,,,1557,1158,359
10421003001,3,ȌSV,厚V,0,,,423,303,110
10421003002,3,ȌSV,厚ɐ,0,,,115,88,24
10421003003,3,ȌSV,厚ɐ,0,,,106,70,32
10421003004,3,ȌSV,厚ɐ,0,,,131,96,26
10421003005,3,ȌSV,厚ɐ,0,,,177,139,32
10421003006,3,ȌSV,厚ɐ,0,,,285,187,92
10421003007,3,ȌSV,厚ɐ,0,,,228,202,24
10421003008,3,ȌSV,厚ɐ,0,,,92,73,19
104210040,2,ȌSV,厚R,0,,,111,102,8
10421004001,3,ȌSV,厚R,0,,,62,59,2
10421004002,3,ȌSV,厚R,0,,,49,43,6
104210050,2,ȌSV,厚s,0,,,95,92,2
10421005001,3,ȌSV,厚s,0,,,56,55,-
10421005002,3,ȌSV,厚s,0,,,39,37,2
104210060,2,ȌSV,厚Rc,0,,,194,194,-
10421006001,3,ȌSV,厚Rc,0,,,73,73,-
10421006002,3,ȌSV,厚Rc,0,,,75,75,-
10421006003,3,ȌSV,厚Rc,0,,,46,46,-
104210070,2,ȌSV,厚n,0,,,258,250,4
10421007001,3,ȌSV,厚n,0,,,46,44,2
10421007002,3,ȌSV,厚n,0,,,89,85,1
10421007003,3,ȌSV,厚n,0,,,57,56,-
10421007004,3,ȌSV,厚n,0,,,66,65,1
104210080,2,ȌSV,R[h0080̌v,0,,,165,158,5
10421008001,3,ȌSV,厚Rc,0,,,26,26,-
10421008002,3,ȌSV,厚n,0,,,31,30,1
10421008003,3,ȌSV,厚n,0,,,53,49,3
10421008004,3,ȌSV,厚ܓc,0,,,55,53,1
104210090,2,ȌSV,厚l,0,,,349,298,8
10421009001,3,ȌSV,厚l,0,,,54,54,-
10421009002,3,ȌSV,厚l,0,,,41,41,-
10421009003,3,ȌSV,厚l,0,,,213,163,8
10421009004,3,ȌSV,厚l,0,,,41,40,-
104210100,2,ȌSV,厚ܓc,0,,,252,236,7
10421010001,3,ȌSV,厚ܓc,0,,,93,88,5
10421010002,3,ȌSV,厚ܓc,0,,,52,45,-
10421010003,3,ȌSV,厚ܓc,0,,,107,103,2
104210110,2,ȌSV,厚{,0,,,113,113,-
10421011001,3,ȌSV,厚{,0,,,29,29,-
10421011002,3,ȌSV,厚{,0,,,47,47,-
10421011003,3,ȌSV,厚{,0,,,37,37,-
104210120,2,ȌSV,厚ܔc,0,,,187,182,2
10421012001,3,ȌSV,厚ܔc,0,,,48,47,-
10421012002,3,ȌSV,厚ܔc,0,,,38,38,-
10421012003,3,ȌSV,厚ܔc,0,,,101,97,2
104210130,2,ȌSV,厚a,0,,,133,132,1
10421013001,3,ȌSV,厚a,0,,,40,40,-
10421013002,3,ȌSV,厚a,0,,,31,31,-
10421013003,3,ȌSV,厚a,0,,,21,20,1
10421013004,3,ȌSV,厚a,0,,,41,41,-
104210140,2,ȌSV,厚哹,0,,,16,16,-
104210150,2,ȌSV,厚,0,,,103,100,1
10421015001,3,ȌSV,厚,0,,,19,18,-
10421015002,3,ȌSV,厚,0,,,26,24,1
10421015003,3,ȌSV,厚,0,,,28,28,-
10421015004,3,ȌSV,厚,0,,,30,30,-
104210160,2,ȌSV,厚,0,,,271,264,5
10421016001,3,ȌSV,厚,0,,,49,48,-
10421016002,3,ȌSV,厚,0,,,81,80,1
10421016003,3,ȌSV,厚,0,,,78,73,4
10421016004,3,ȌSV,厚,0,,,63,63,-
104210170,2,ȌSV,厚,0,,,178,174,3
10421017001,3,ȌSV,厚,0,,,69,66,3
10421017002,3,ȌSV,厚,0,,,38,38,-
10421017003,3,ȌSV,厚,0,,,59,58,-
10421017004,3,ȌSV,厚,0,,,12,12,-
104210180,2,ȌSV,厚ԍ,0,,,106,102,2
10421018001,3,ȌSV,厚ԍ,0,,,42,39,2
10421018002,3,ȌSV,厚ԍ,0,,,31,31,-
10421018003,3,ȌSV,厚ԍ,0,,,33,32,-
104210190,2,ȌSV,厚ȌE,0,,,8,8,-
104210200,2,ȌSV,厚J,0,,,46,39,3
104210210,2,ȌSV,厚{,0,,,30,18,-
104210220,2,ȌSV,厚q,0,,,29,28,1
104210230,2,ȌSV,厚e,0,,,106,102,-
104210240,2,ȌSV,厚Ԋ,0,,,85,80,1
104210250,2,ȌSV,厚R,0,,,246,225,1
10424,1,ȌS쌴,,0,,,2039,1670,156
104240010,2,ȌS쌴,厚쌴,0,,,22,18,-
104240020,2,ȌS쌴,厚쌴,0,,,42,30,1
104240030,2,ȌS쌴,厚,0,,,40,32,-
104240040,2,ȌS쌴,厚,0,,,86,77,-
104240050,2,ȌS쌴,厚쌴,0,,,252,212,15
104240060,2,ȌS쌴,厚,0,,,384,273,53
104240071,2,ȌS쌴,厚H,0,,,185,112,42
104240072,2,ȌS쌴,厚ÐX,0,,,19,19,-
104240080,2,ȌS쌴,厚^쉮,0,,,175,167,7
104240090,2,ȌS쌴,厚K,0,,,345,303,13
104240100,2,ȌS쌴,厚ky,0,,,489,427,25
10425,1,ȌSڗ,,0,,,3320,2971,161
104250010,2,ȌSڗ,厚c,0,,,438,395,17
104250020,2,ȌSڗ,厚,0,,,359,341,6
104250030,2,ȌSڗ,厚,0,,,436,428,7
104250040,2,ȌSڗ,厚O,0,,,379,331,17
104250050,2,ȌSڗ,厚E,0,,,102,62,19
104250060,2,ȌSڗ,厚L,0,,,36,36,-
104250070,2,ȌSڗ,厚O,0,,,253,226,23
104250080,2,ȌSڗ,厚,0,,,814,733,47
10425008001,3,ȌSڗ,厚,0,,,775,704,38
10425008002,3,ȌSڗ,厚,0,,,39,29,9
104250090,2,ȌSڗ,厚c,0,,,225,161,16
104250100,2,ȌSڗ,厚ܑq,0,,,63,63,-
104250110,2,ȌSڗ,厚,0,,,195,187,8
104250120,2,ȌSڗ,厚,0,,,20,8,1
10426,1,ȌSÒ,,0,,,2738,1788,414
104260010,2,ȌSÒ,厚,0,,,2511,1569,409
104260020,2,ȌSÒ,厚O,0,,,227,219,5
10428,1,ȌSR,,0,,,1163,1065,26
104280010,2,ȌSR,厚R,0,,,830,770,22
104280020,2,ȌSR,厚K,0,,,333,295,4
10429,1,ȌSȒ,,0,,,5142,4631,275
104290010,2,ȌSȒ,厚,0,,,1120,883,163
10429001001,3,ȌSȒ,厚̒,0,,,111,94,15
10429001002,3,ȌSȒ,厚̒,0,,,152,116,30
10429001003,3,ȌSȒ,厚,0,,,139,108,22
10429001004,3,ȌSȒ,厚V,0,,,95,82,6
10429001005,3,ȌSȒ,厚ݏ,0,,,26,26,-
10429001006,3,ȌSȒ,厚,0,,,138,121,14
10429001007,3,ȌSȒ,厚ݏ,0,,,36,35,-
10429001008,3,ȌSȒ,厚݉,0,,,276,177,67
10429001009,3,ȌSȒ,厚{,0,,,131,112,5
10429001010,3,ȌSȒ,厚Rc,0,,,-,-,-
10429001011,3,ȌSȒ,厚쒬,0,,,16,12,4
104290020,2,ȌSȒ,厚,0,,,411,323,40
10429002001,3,ȌSȒ,厚ˏ̋{,0,,,66,64,1
10429002002,3,ȌSȒ,厚ː[,0,,,42,42,-
10429002003,3,ȌSȒ,厚˓o,0,,,160,113,9
10429002004,3,ȌSȒ,厚˓c,0,,,21,20,1
10429002005,3,ȌSȒ,厚ˉ,0,,,122,84,29
104290030,2,ȌSȒ,厚,0,,,72,59,6
104290040,2,ȌSȒ,厚,0,,,382,299,30
10429004001,3,ȌSȒ,厚䐼g,0,,,54,54,-
10429004002,3,ȌSȒ,厚c,0,,,38,36,2
10429004003,3,ȌSȒ,厚͌,0,,,57,9,6
10429004004,3,ȌSȒ,厚䏼̖,0,,,93,68,16
10429004005,3,ȌSȒ,厚R,0,,,29,29,-
10429004006,3,ȌSȒ,厚䌴g,0,,,100,92,6
10429004007,3,ȌSȒ,厚\P,0,,,11,11,-
104290050,2,ȌSȒ,厚AI,0,,,324,308,13
10429005001,3,ȌSȒ,厚AIk,0,,,66,65,1
10429005002,3,ȌSȒ,厚AI,0,,,28,28,-
10429005003,3,ȌSȒ,厚AI,0,,,45,41,4
10429005005,3,ȌSȒ,厚AI,0,,,58,57,-
10429005006,3,ȌSȒ,厚AIkg,0,,,46,41,4
10429005007,3,ȌSȒ,厚AI,0,,,33,32,1
10429005008,3,ȌSȒ,厚AIot,0,,,48,44,3
104290060,2,ȌSȒ,厚,0,,,100,97,2
10429006001,3,ȌSȒ,厚V,0,,,33,31,1
10429006002,3,ȌSȒ,厚h,0,,,29,29,-
10429006003,3,ȌSȒ,厚Vo,0,,,34,33,1
10429006004,3,ȌSȒ,厚L,0,,,4,4,-
104290070,2,ȌSȒ,厚,0,,,87,87,-
10429007001,3,ȌSȒ,厚,0,,,11,11,-
10429007002,3,ȌSȒ,厚dc,0,,,11,11,-
10429007003,3,ȌSȒ,厚򑾘YJ,0,,,12,12,-
10429007004,3,ȌSȒ,厚,0,,,18,18,-
10429007005,3,ȌSȒ,厚l,0,,,18,18,-
10429007006,3,ȌSȒ,厚n,0,,,-,-,-
10429007007,3,ȌSȒ,厚V,0,,,8,8,-
10429007008,3,ȌSȒ,厚ޗt,0,,,9,9,-
104290080,2,ȌSȒ,厚,0,,,108,107,1
10429008001,3,ȌSȒ,厚,0,,,30,29,1
10429008002,3,ȌSȒ,厚,0,,,50,50,-
10429008003,3,ȌSȒ,厚ÒJ,0,,,28,28,-
104290090,2,ȌSȒ,厚q,0,,,126,117,1
10429009001,3,ȌSȒ,厚q,0,,,31,30,-
10429009002,3,ȌSȒ,厚q{,0,,,95,87,1
104290100,2,ȌSȒ,厚≺,0,,,222,211,1
10429010001,3,ȌSȒ,厚≺ȎR,0,,,-,-,-
10429010002,3,ȌSȒ,厚≺,0,,,74,72,1
10429010003,3,ȌSȒ,厚≺V_,0,,,70,62,-
10429010004,3,ȌSȒ,厚≺oR,0,,,14,13,-
10429010005,3,ȌSȒ,厚≺L,0,,,64,64,-
104290110,2,ȌSȒ,厚J,0,,,128,128,-
10429011001,3,ȌSȒ,厚J,0,,,56,56,-
10429011002,3,ȌSȒ,厚J,0,,,31,31,-
10429011003,3,ȌSȒ,厚J啽,0,,,9,9,-
10429011004,3,ȌSȒ,厚J,0,,,10,10,-
10429011005,3,ȌSȒ,厚J,0,,,7,7,-
10429011006,3,ȌSȒ,厚J,0,,,15,15,-
104290120,2,ȌSȒ,厚O,0,,,286,285,-
10429012001,3,ȌSȒ,厚Ol,0,,,33,33,-
10429012002,3,ȌSȒ,厚O,0,,,29,29,-
10429012003,3,ȌSȒ,厚O|,0,,,17,17,-
10429012004,3,ȌSȒ,厚OK,0,,,16,16,-
10429012005,3,ȌSȒ,厚Oؑ,0,,,26,26,-
10429012006,3,ȌSȒ,厚Ox,0,,,72,71,-
10429012007,3,ȌSȒ,厚OÉ,0,,,38,38,-
10429012008,3,ȌSȒ,厚OגJ,0,,,25,25,-
10429012009,3,ȌSȒ,厚O,0,,,11,11,-
10429012010,3,ȌSȒ,厚O,0,,,19,19,-
104290130,2,ȌSȒ,厚c,0,,,122,120,2
10429013001,3,ȌSȒ,厚c,0,,,34,33,1
10429013002,3,ȌSȒ,厚cV,0,,,21,20,1
10429013003,3,ȌSȒ,厚cc,0,,,37,37,-
10429013004,3,ȌSȒ,厚c,0,,,7,7,-
10429013005,3,ȌSȒ,厚cGXq,0,,,23,23,-
104290140,2,ȌSȒ,厚,0,,,276,258,1
10429014001,3,ȌSȒ,厚˕J,0,,,39,38,-
10429014002,3,ȌSȒ,厚ˈc,0,,,44,43,-
10429014003,3,ȌSȒ,厚ˉ̕,0,,,32,31,-
10429014004,3,ȌSȒ,厚ˏh,0,,,41,41,-
10429014005,3,ȌSȒ,厚ˉh,0,,,40,40,-
10429014006,3,ȌSȒ,厚ˏ,0,,,35,21,-
10429014007,3,ȌSȒ,厚ˌÉ,0,,,19,18,1
10429014008,3,ȌSȒ,厚ˌ䏊JˁA,0,,,26,26,-
104290150,2,ȌSȒ,厚,0,,,210,208,2
10429015001,3,ȌSȒ,厚cJ,0,,,10,10,-
10429015002,3,ȌSȒ,厚cJ,0,,,22,22,-
10429015003,3,ȌSȒ,厚x,0,,,30,29,1
10429015004,3,ȌSȒ,厚,0,,,36,36,-
10429015005,3,ȌSȒ,厚,0,,,9,9,-
10429015006,3,ȌSȒ,厚,0,,,15,15,-
10429015007,3,ȌSȒ,厚J,0,,,18,18,-
10429015008,3,ȌSȒ,厚,0,,,14,14,-
10429015009,3,ȌSȒ,厚Y,0,,,15,15,-
10429015010,3,ȌSȒ,厚\,0,,,11,11,-
10429015011,3,ȌSȒ,厚,0,,,22,21,1
10429015012,3,ȌSȒ,厚,2,015013,,X,X,X
10429015013,3,ȌSȒ,厚IW,1,,015012,8,8,-
104290160,2,ȌSȒ,厚{h,0,,,174,172,1
10429016001,3,ȌSȒ,厚{hh,0,,,59,57,1
10429016002,3,ȌSȒ,厚{h,0,,,42,42,-
10429016003,3,ȌSȒ,厚{hNP,0,,,35,35,-
10429016004,3,ȌSȒ,厚{h֒J,0,,,38,38,-
10429016005,3,ȌSȒ,厚{h,0,,,-,-,-
104290170,2,ȌSȒ,R[h0170̌v,0,,,152,145,4
10429017001,3,ȌSȒ,厚{{P,0,,,32,31,1
10429017002,3,ȌSȒ,厚{{Q,0,,,29,28,1
10429017003,3,ȌSȒ,厚{{R,0,,,22,22,-
10429017004,3,ȌSȒ,厚{{S,0,,,38,36,1
10429017005,3,ȌSȒ,厚{h{U,0,,,9,8,-
10429017006,3,ȌSȒ,厚{{T,0,,,22,20,1
104290180,2,ȌSȒ,厚唐,0,,,164,164,-
10429018001,3,ȌSȒ,厚唐,0,,,26,26,-
10429018002,3,ȌSȒ,厚唐؋{J,0,,,16,16,-
10429018003,3,ȌSȒ,厚唐؉,0,,,16,16,-
10429018004,3,ȌSȒ,厚唐؉J,0,,,17,17,-
10429018005,3,ȌSȒ,厚唐؉Hc,0,,,11,11,-
10429018006,3,ȌSȒ,厚唐ؓa,0,,,18,18,-
10429018007,3,ȌSȒ,厚唐ؓV_,0,,,18,18,-
10429018008,3,ȌSȒ,厚唐؏̖,0,,,19,19,-
10429018009,3,ȌSȒ,厚唐؏̑,0,,,11,11,-
10429018010,3,ȌSȒ,厚唐؍L,0,,,12,12,-
104290190,2,ȌSȒ,厚ܒc,0,,,94,93,1
104290200,2,ȌSȒ,厚,0,,,197,188,1
104290210,2,ȌSȒ,厚,0,,,198,194,2
104290220,2,ȌSȒ,厚V,0,,,129,125,4
104290230,2,ȌSȒ,厚c,0,,,60,60,-
10443,1,SЕi,,0,,,1499,1381,70
104430010,2,SЕi,厚c,0,,,349,282,44
104430020,2,SЕi,厚{,0,,,95,78,2
104430030,2,SЕi,厚,0,,,41,41,-
104430040,2,SЕi,厚,0,,,34,32,2
104430050,2,SЕi,厚zn,0,,,33,33,-
104430060,2,SЕi,厚,0,,,51,51,-
104430070,2,SЕi,厚,0,,,57,56,1
104430080,2,SЕi,厚J,0,,,31,30,1
104430090,2,SЕi,厚ԍ,0,,,218,208,6
104430100,2,SЕi,厚,0,,,190,185,5
104430110,2,SЕi,厚z{,0,,,148,141,4
104430120,2,SЕi,厚yo,0,,,181,176,4
104430130,2,SЕi,厚ˑq,0,,,53,51,-
104430140,2,SЕi,厚jR,0,,,18,17,1
10444,1,Sꑺ,,0,,,937,917,11
104440010,2,Sꑺ,厚O,0,,,130,126,-
104440020,2,Sꑺ,厚Jn,0,,,231,224,5
104440030,2,Sꑺ,厚ꓒ,0,,,145,143,2
104440040,2,Sꑺ,厚,0,,,44,44,-
104440050,2,Sꑺ,厚,0,,,96,93,2
104440060,2,Sꑺ,厚,0,,,57,56,1
104440070,2,Sꑺ,厚i,0,,,170,167,1
104440080,2,Sꑺ,厚V_,0,,,64,64,-
10448,1,Sa,,0,,,2356,1990,187
104480010,2,Sa,厚z,0,,,502,422,72
10448001001,3,Sa,厚z,0,,,47,47,-
10448001002,3,Sa,厚z,0,,,59,59,-
10448001003,3,Sa,厚z,0,,,61,61,-
10448001004,3,Sa,厚z,0,,,59,59,-
10448001005,3,Sa,厚z,0,,,73,67,6
10448001006,3,Sa,厚z,0,,,30,30,-
10448001007,3,Sa,厚z,0,,,88,38,47
10448001008,3,Sa,厚z,0,,,53,36,17
10448001009,3,Sa,厚z,0,,,32,25,2
104480020,2,Sa,厚X,0,,,390,341,28
10448002001,3,Sa,厚X,0,,,97,80,17
10448002002,3,Sa,厚X,0,,,37,37,-
10448002003,3,Sa,厚X,0,,,112,100,7
10448002004,3,Sa,厚X,0,,,76,75,1
10448002005,3,Sa,厚X,0,,,35,33,1
10448002006,3,Sa,厚X,0,,,33,16,2
104480030,2,Sa,厚ɋv,0,,,173,152,18
10448003001,3,Sa,厚ɋv,0,,,70,57,13
10448003002,3,Sa,厚ɋv,0,,,52,44,5
10448003003,3,Sa,厚ɋv,0,,,51,51,-
104480040,2,Sa,厚,0,,,736,596,57
10448004001,3,Sa,厚,0,,,147,112,27
10448004002,3,Sa,厚,0,,,42,39,1
10448004003,3,Sa,厚,0,,,39,37,2
10448004004,3,Sa,厚,0,,,24,22,1
10448004005,3,Sa,厚,0,,,66,59,2
10448004006,3,Sa,厚,0,,,31,30,-
10448004007,3,Sa,厚,0,,,30,26,1
10448004008,3,Sa,厚,0,,,62,59,2
10448004009,3,Sa,厚,0,,,25,20,1
10448004010,3,Sa,厚,0,,,68,60,6
10448004011,3,Sa,厚,0,,,115,84,8
10448004012,3,Sa,厚,0,,,87,48,6
104480050,2,Sa,厚L쐣,0,,,312,286,6
10448005001,3,Sa,厚L쐣,0,,,54,54,-
10448005002,3,Sa,厚L쐣,0,,,42,42,-
10448005003,3,Sa,厚L쐣,0,,,50,47,1
10448005004,3,Sa,厚L쐣,0,,,55,55,-
10448005005,3,Sa,厚L쐣,0,,,72,61,2
10448005006,3,Sa,厚L쐣,0,,,39,27,3
104480060,2,Sa,厚z,0,,,64,64,-
104480070,2,Sa,厚ԏ錴,0,,,179,129,6
10448007001,3,Sa,厚ԏ錴,0,,,78,51,3
10448007002,3,Sa,厚ԏ錴,0,,,77,58,2
10448007003,3,Sa,厚ԏ錴,0,,,24,20,1
10449,1,S݂Ȃݒ,,0,,,7287,6087,628
104490010,2,S݂Ȃݒ,,0,,,708,582,92
104490020,2,S݂Ȃݒ,t,0,,,174,171,3
104490030,2,S݂Ȃݒ,^,0,,,458,332,109
104490040,2,S݂Ȃݒ,,0,,,63,60,3
104490050,2,S݂Ȃݒ,,0,,,25,25,-
104490060,2,S݂Ȃݒ,,0,,,43,43,-
104490070,2,S݂Ȃݒ,,0,,,133,121,11
104490080,2,S݂Ȃݒ,,0,,,140,133,4
104490090,2,S݂Ȃݒ,,0,,,108,101,-
104490100,2,S݂Ȃݒ,,0,,,496,419,74
104490110,2,S݂Ȃݒ,,0,,,179,164,15
104490120,2,S݂Ȃݒ,,0,,,57,56,-
104490130,2,S݂Ȃݒ,,0,,,19,18,-
104490140,2,S݂Ȃݒ,,0,,,18,18,-
104490150,2,S݂Ȃݒ,,0,,,38,38,-
104490160,2,S݂Ȃݒ,Αq,0,,,54,51,2
104490170,2,S݂Ȃݒ,Αq,0,,,102,94,4
104490180,2,S݂Ȃݒ,q,0,,,226,179,6
104490190,2,S݂Ȃݒ,q,0,,,339,241,8
104490200,2,S݂Ȃݒ,,0,,,7,7,-
104490210,2,S݂Ȃݒ,,0,,,8,7,-
104490220,2,S݂Ȃݒ,ޏ,0,,,15,15,-
104490230,2,S݂Ȃݒ,,0,,,91,57,1
104490240,2,S݂Ȃݒ,,0,,,95,81,3
104490250,2,S݂Ȃݒ,,0,,,20,20,-
104490260,2,S݂Ȃݒ,,0,,,26,26,-
104490270,2,S݂Ȃݒ,jq,0,,,51,49,1
104490280,2,S݂Ȃݒ,Km,0,,,30,27,1
104490290,2,S݂Ȃݒ,w],0,,,44,36,3
104490300,2,S݂Ȃݒ,匊,0,,,105,76,12
104490310,2,S݂Ȃݒ,,0,,,150,81,12
104490320,2,S݂Ȃݒ,,0,,,153,138,11
104490330,2,S݂Ȃݒ,,0,,,198,75,3
104490340,2,S݂Ȃݒ,,0,,,19,18,1
104490350,2,S݂Ȃݒ,mc,0,,,96,91,5
104490360,2,S݂Ȃݒ,,0,,,87,73,4
104490370,2,S݂Ȃݒ,,0,,,504,319,139
104490380,2,S݂Ȃݒ,\,0,,,70,67,2
104490390,2,S݂Ȃݒ,J,0,,,75,63,2
104490400,2,S݂Ȃݒ,i,0,,,31,31,-
104490410,2,S݂Ȃݒ,H,0,,,26,26,-
104490420,2,S݂Ȃݒ,P,0,,,227,198,22
104490430,2,S݂Ȃݒ,,0,,,48,47,1
104490440,2,S݂Ȃݒ,,0,,,85,81,3
104490450,2,S݂Ȃݒ,,0,,,52,47,3
104490460,2,S݂Ȃݒ,,0,,,106,99,6
104490470,2,S݂Ȃݒ,,0,,,111,105,5
104490480,2,S݂Ȃݒ,{,0,,,117,104,10
104490490,2,S݂Ȃݒ,,0,,,24,23,1
104490500,2,S݂Ȃݒ,,0,,,95,82,12
104490510,2,S݂Ȃݒ,,0,,,37,35,2
104490520,2,S݂Ȃݒ,,0,,,117,115,2
104490530,2,S݂Ȃݒ,,0,,,58,57,-
104490540,2,S݂Ȃݒ,,0,,,360,316,14
104490550,2,S݂Ȃݒ,,0,,,228,222,5
104490560,2,S݂Ȃݒ,,0,,,103,92,9
104490570,2,S݂Ȃݒ,,0,,,54,53,1
104490580,2,S݂Ȃݒ,,0,,,151,149,1
104490590,2,S݂Ȃݒ,tc,0,,,33,33,-
10464,1,gSʑ,,0,,,14123,10177,3455
104640010,2,gSʑ,厚Vc,0,,,1282,802,407
10464001005,3,gSʑ,厚VcT,0,,,335,242,71
10464001006,3,gSʑ,厚VcU,0,,,265,178,80
10464001007,3,gSʑ,厚VcV,0,,,303,197,101
10464001008,3,gSʑ,厚VcW,0,,,137,62,69
10464001009,3,gSʑ,厚VcX,0,,,242,123,86
104640020,2,gSʑ,厚ѓ,0,,,227,135,86
104640030,2,gSʑ,厚Vc,0,,,1059,650,340
10464003001,3,gSʑ,厚VcVc,0,,,278,175,96
10464003002,3,gSʑ,厚Vcp,0,,,268,145,94
10464003003,3,gSʑ,厚VcO,0,,,215,168,44
10464003004,3,gSʑ,厚Vcl,0,,,298,162,106
104640040,2,gSʑ,厚^Z,0,,,108,84,19
104640050,2,gSʑ,厚F,0,,,76,64,11
104640060,2,gSʑ,厚,0,,,143,97,27
104640070,2,gSʑ,厚V,0,,,1650,872,709
104640080,2,gSʑ,厚p,0,,,1082,842,229
104640090,2,gSʑ,厚,0,,,889,720,148
104640100,2,gSʑ,厚,0,,,859,619,203
104640110,2,gSʑ,厚֓c,0,,,379,322,50
104640120,2,gSʑ,厚,0,,,1179,900,233
104640130,2,gSʑ,厚,0,,,147,80,61
104640140,2,gSʑ,厚Ζ,0,,,422,302,102
104640150,2,gSʑ,厚Ζ,0,,,185,132,45
104640160,2,gSʑ,厚,0,,,395,342,36
104640170,2,gSʑ,厚ёq,0,,,141,110,31
104640180,2,gSʑ,厚ܗ,0,,,545,466,75
104640190,2,gSʑ,厚,0,,,383,241,127
104640200,2,gSʑ,厚V{,0,,,465,416,44
104640210,2,gSʑ,厚,0,,,259,220,37
104640220,2,gSʑ,厚㕟,0,,,428,287,119
104640230,2,gSʑ,厚z,0,,,638,475,150
104640240,2,gSʑ,厚z,0,,,320,264,51
104640250,2,gSʑ,厚z,0,,,89,88,1
104640260,2,gSʑ,厚ђ,0,,,343,298,38
104640270,2,gSʑ,厚,0,,,430,349,76
10521,1,WySq,,0,,,5335,4484,778
105210010,2,WySq,厚,0,,,165,159,5
105210020,2,WySq,厚,0,,,207,204,1
105210030,2,WySq,厚Vc,0,,,73,73,-
105210040,2,WySq,厚,0,,,80,80,-
105210050,2,WySq,厚׏,0,,,49,49,-
105210060,2,WySq,厚גJ,0,,,142,142,-
105210070,2,WySq,厚,0,,,69,68,-
105210080,2,WySq,厚CV,0,,,122,115,1
105210090,2,WySq,厚CV,0,,,136,116,19
105210100,2,WySq,厚CV,0,,,150,112,35
105210110,2,WySq,厚CV,0,,,108,104,2
105210120,2,WySq,厚CV,0,,,165,116,48
105210130,2,WySq,厚卂,0,,,104,103,-
105210140,2,WySq,厚܉,0,,,122,122,-
105210150,2,WySq,厚卂,0,,,154,153,-
105210160,2,WySq,厚卂,0,,,129,127,2
105210170,2,WySq,厚і,0,,,122,122,-
105210180,2,WySq,厚і,0,,,96,92,4
105210190,2,WySq,厚q,0,,,69,69,-
105210200,2,WySq,厚q,0,,,199,155,44
105210210,2,WySq,厚q,0,,,274,174,96
105210220,2,WySq,厚q,0,,,126,123,2
105210230,2,WySq,厚q,0,,,107,106,-
105210240,2,WySq,厚c,0,,,462,306,137
105210250,2,WySq,厚c,0,,,234,223,6
105210260,2,WySq,厚J,0,,,143,139,4
105210270,2,WySq,厚J,0,,,177,177,-
105210280,2,WySq,厚Vc,0,,,43,43,-
105210290,2,WySq,厚q,0,,,262,157,87
105210300,2,WySq,,0,,,840,551,285
10521030001,3,WySq,P,0,,,172,168,2
10521030002,3,WySq,Q,0,,,314,35,278
10521030003,3,WySq,R,0,,,8,4,4
10521030004,3,WySq,S,0,,,346,344,1
105210310,2,WySq,,0,,,206,204,-
10521031001,3,WySq,P,0,,,206,204,-
10521031002,3,WySq,Q,0,,,-,-,-
10521031003,3,WySq,R,0,,,-,-,-
10522,1,WySa,,0,,,3773,3214,455
105220010,2,WySa,lc,0,,,92,90,2
105220020,2,WySa,],0,,,86,86,-
105220030,2,WySa,],0,,,152,146,1
105220040,2,WySa,È,0,,,189,187,2
105220050,2,WySa,],0,,,172,157,13
105220060,2,WySa,c,0,,,158,155,2
105220070,2,WySa,哇,0,,,352,305,8
105220080,2,WySa,V,0,,,875,563,291
105220090,2,WySa,J,0,,,484,366,102
105220100,2,WySa,~,0,,,290,286,4
105220110,2,WySa,얓,0,,,116,113,-
105220120,2,WySa,{,0,,,170,143,18
105220130,2,WySa,,0,,,228,226,-
105220140,2,WySa,PJ,0,,,32,32,-
105220150,2,WySa,,0,,,176,174,1
105220160,2,WySa,卲,0,,,201,185,11
10523,1,WySc,,0,,,3902,3301,444
105230010,2,WySc,厚Ԋ,0,,,106,104,1
105230020,2,WySc,厚Ԋ,0,,,260,171,42
105230030,2,WySc,厚Ԋ,0,,,575,425,144
10523003001,3,WySc,厚Ԋ,0,,,113,87,25
10523003002,3,WySc,厚Ԋ,0,,,232,166,65
10523003003,3,WySc,厚Ԋ,0,,,230,172,54
105230040,2,WySc,厚ˈ,0,,,124,102,2
105230050,2,WySc,厚܉,0,,,212,201,1
105230060,2,WySc,厚܉,0,,,318,313,4
105230070,2,WySc,厚X,0,,,218,210,1
105230080,2,WySc,厚,0,,,164,157,1
105230090,2,WySc,厚؍,0,,,73,73,-
105230100,2,WySc,厚J,0,,,93,93,-
105230110,2,WySc,厚Ԋ,0,,,239,223,16
10523011001,3,WySc,厚Ԋ,0,,,81,78,3
10523011002,3,WySc,厚Ԋ,0,,,71,63,8
10523011003,3,WySc,厚Ԋ,0,,,41,41,-
10523011004,3,WySc,厚Ԋ,0,,,46,41,5
105230120,2,WySc,厚Ԋ,0,,,318,287,6
105230130,2,WySc,厚,0,,,249,221,23
105230140,2,WySc,厚,0,,,171,167,4
105230150,2,WySc,厚,0,,,162,136,17
105230160,2,WySc,厚,0,,,620,418,182
105230170,2,WySc,a,0,,,-,-,-
10524,1,WyS,,0,,,16556,9116,6184
105240010,2,WyS,Zg,0,,,296,222,68
105240020,2,WyS,̏o,0,,,210,181,24
105240030,2,WyS,,0,,,1494,899,441
10524003001,3,WyS,P,0,,,184,33,40
10524003002,3,WyS,Q,0,,,382,222,144
10524003003,3,WyS,R,0,,,293,155,124
10524003004,3,WyS,S,0,,,190,110,77
10524003005,3,WyS,T,0,,,445,379,56
105240040,2,WyS,V,0,,,1042,667,343
10524004001,3,WyS,VP,0,,,177,93,76
10524004002,3,WyS,VQ,0,,,142,87,53
10524004003,3,WyS,VR,0,,,260,154,93
10524004004,3,WyS,VS,0,,,174,103,65
10524004005,3,WyS,VT,0,,,289,230,56
105240050,2,WyS,,0,,,387,277,104
10524005001,3,WyS,P,0,,,104,84,20
10524005002,3,WyS,Q,0,,,198,128,64
10524005003,3,WyS,R,0,,,85,65,20
105240060,2,WyS,,0,,,1035,529,448
10524006001,3,WyS,P,0,,,225,136,63
10524006002,3,WyS,Q,0,,,245,123,99
10524006003,3,WyS,R,0,,,187,103,83
10524006004,3,WyS,S,0,,,247,133,109
10524006005,3,WyS,T,0,,,131,34,94
105240070,2,WyS,,0,,,850,478,288
10524007001,3,WyS,P,0,,,320,187,74
10524007002,3,WyS,Q,0,,,366,200,160
10524007003,3,WyS,R,0,,,164,91,54
105240080,2,WyS,xm,0,,,639,362,235
10524008001,3,WyS,xmP,0,,,146,106,34
10524008002,3,WyS,xmQ,0,,,293,151,115
10524008003,3,WyS,xmR,1,,0160,200,105,86
105240090,2,WyS,,0,,,X,X,X
10524009001,3,WyS,݂P,0,,,-,-,-
10524009002,3,WyS,݂Q,2,011107,,X,X,X
105240100,2,WyS,k,0,,,996,568,373
10524010001,3,WyS,kP,0,,,299,190,99
10524010002,3,WyS,kQ,0,,,138,104,33
10524010003,3,WyS,kR,0,,,310,137,135
10524010004,3,WyS,kS,0,,,249,137,106
105240111,2,WyS,c,0,,,1640,560,916
10524011101,3,WyS,cP,0,,,-,-,-
10524011102,3,WyS,cQ,0,,,250,100,136
10524011103,3,WyS,cR,0,,,84,27,51
10524011104,3,WyS,cS,0,,,311,76,221
10524011105,3,WyS,cT,0,,,454,166,258
10524011106,3,WyS,cU,0,,,180,64,105
10524011107,3,WyS,cV,1,,009002,361,127,145
105240112,2,WyS,厚c,0,,,295,104,177
105240120,2,WyS,uR,0,,,346,185,15
105240131,2,WyS,,0,,,1149,793,312
10524013101,3,WyS,΂P,0,,,310,206,94
10524013102,3,WyS,΂Q,0,,,297,173,98
10524013103,3,WyS,΂R,0,,,163,114,47
10524013104,3,WyS,΂S,0,,,379,300,73
105240132,2,WyS,厚,0,,,34,31,2
105240140,2,WyS,厚㏬,0,,,22,21,-
105240150,2,WyS,厚ÊC,0,,,715,481,211
105240160,2,WyS,厚,2,008003,,X,X,X
105240170,2,WyS,厚ÕX,0,,,1457,634,720
105240180,2,WyS,厚gc,0,,,2126,1205,669
105240190,2,WyS,厚،,0,,,1823,919,838
10525,1,WySWy,,0,,,9324,8030,1005
105250110,2,WySWy,厚,0,,,3696,2986,602
10525011001,3,WySWy,厚,0,,,208,177,30
10525011002,3,WySWy,厚,0,,,187,149,36
10525011003,3,WySWy,厚,0,,,222,146,70
10525011004,3,WySWy,厚,0,,,998,817,119
10525011005,3,WySWy,厚,0,,,271,216,51
10525011006,3,WySWy,厚,0,,,726,573,140
10525011007,3,WySWy,厚,0,,,236,147,83
10525011008,3,WySWy,厚,0,,,177,155,21
10525011009,3,WySWy,厚,0,,,118,114,4
10525011010,3,WySWy,厚,0,,,112,97,12
10525011011,3,WySWy,厚,0,,,441,395,36
105250120,2,WySWy,厚G,0,,,425,340,81
10525012001,3,WySWy,厚G,0,,,191,181,10
10525012002,3,WySWy,厚G,0,,,234,159,71
105250130,2,WySWy,厚GVc,0,,,62,62,-
105250140,2,WySWy,厚P,0,,,208,184,22
105250150,2,WySWy,厚V,0,,,474,435,30
105250160,2,WySWy,厚,0,,,503,430,24
105250210,2,WySWy,厚,0,,,329,328,1
10525021001,3,WySWy,厚,0,,,203,202,1
10525021002,3,WySWy,厚,0,,,91,91,-
10525021003,3,WySWy,厚,0,,,35,35,-
105250220,2,WySWy,厚H,0,,,266,262,4
105250230,2,WySWy,厚Α,0,,,483,420,17
10525023001,3,WySWy,厚Α,0,,,21,21,-
10525023002,3,WySWy,厚Α,0,,,418,357,17
10525023003,3,WySWy,厚Α,0,,,44,42,-
105250310,2,WySWy,厚,0,,,1768,1586,126
10525031001,3,WySWy,厚,0,,,293,283,4
10525031002,3,WySWy,厚,0,,,666,576,43
10525031003,3,WySWy,厚,0,,,387,349,37
10525031004,3,WySWy,厚,0,,,200,168,31
10525031005,3,WySWy,厚,0,,,222,210,11
105250320,2,WySWy,厚K,0,,,606,546,56
10525032001,3,WySWy,厚K,0,,,184,168,13
10525032002,3,WySWy,厚K,0,,,268,249,18
10525032003,3,WySWy,厚K,0,,,154,129,25
105250330,2,WySWy,厚Ԗx,0,,,504,451,42
10525033001,3,WySWy,厚Ԗx,0,,,131,122,8
10525033002,3,WySWy,厚Ԗx,0,,,175,170,5
10525033003,3,WySWy,厚Ԗx,0,,,198,159,29
