KEY_CODE,HYOSYO,CITYNAME,NAME,HTKSYORI,HTKSAKI,GASSAN,T000852001,T000852002,T000852003
,,,,,,,ZɏZވʐ,,c؉
09201,1,Fs{s,,0,,,214713,129072,69923
092010010,2,Fs{s,ۖ쒬,0,,,121,51,65
092010020,2,Fs{s,,0,,,406,314,73
09201002001,3,Fs{s,P,0,,,214,172,36
09201002002,3,Fs{s,Q,0,,,192,142,37
092010030,2,Fs{s,r㒬,0,,,10,10,-
092010040,2,Fs{s,򂪋u,0,,,2286,1301,674
09201004001,3,Fs{s,򂪋uP,0,,,346,235,95
09201004002,3,Fs{s,򂪋uQ,0,,,742,406,284
09201004003,3,Fs{s,򂪋uR,0,,,232,178,32
09201004004,3,Fs{s,򂪋uS,0,,,363,103,60
09201004005,3,Fs{s,򂪋uT,0,,,90,75,14
09201004006,3,Fs{s,򂪋uU,0,,,281,155,110
09201004007,3,Fs{s,򂪋uV,0,,,232,149,79
092010050,2,Fs{s,,0,,,166,99,62
092010060,2,Fs{s,,0,,,773,446,304
09201006001,3,Fs{s,P,0,,,159,94,65
09201006002,3,Fs{s,Q,0,,,230,132,95
09201006003,3,Fs{s,R,0,,,172,114,52
09201006004,3,Fs{s,S,0,,,212,106,92
092010070,2,Fs{s,m,0,,,339,195,117
092010080,2,Fs{s,Ԓ,0,,,163,49,113
092010090,2,Fs{s,,0,,,2202,1140,765
09201009091,3,Fs{s,,0,,,2073,1043,746
09201009092,3,Fs{s,,0,,,129,97,19
092010100,2,Fs{s,,0,,,823,496,283
09201010001,3,Fs{s,P,0,,,54,35,12
09201010002,3,Fs{s,Q,0,,,205,107,84
09201010003,3,Fs{s,R,0,,,280,131,140
09201010004,3,Fs{s,S,0,,,183,137,34
09201010005,3,Fs{s,T,0,,,101,86,13
092010110,2,Fs{s,V,0,,,470,198,249
092010120,2,Fs{s,쒬,0,,,1024,341,360
092010130,2,Fs{s,wOʂ,0,,,454,251,171
09201013001,3,Fs{s,wOʂP,0,,,9,9,-
09201013002,3,Fs{s,wOʂQ,0,,,154,59,79
09201013003,3,Fs{s,wOʂR,1,,0200,291,183,92
092010140,2,Fs{s,]쒬,0,,,124,118,6
092010150,2,Fs{s,],0,,,1074,522,515
09201015001,3,Fs{s,]P,0,,,211,104,106
09201015002,3,Fs{s,]Q,0,,,250,138,104
09201015003,3,Fs{s,]R,0,,,183,42,132
09201015004,3,Fs{s,]S,0,,,259,138,113
09201015005,3,Fs{s,]T,0,,,171,100,60
092010160,2,Fs{s,ʂ,0,,,236,161,58
09201016001,3,Fs{s,ʂP,0,,,30,23,3
09201016002,3,Fs{s,ʂQ,0,,,48,17,27
09201016003,3,Fs{s,ʂR,0,,,72,46,22
09201016004,3,Fs{s,ʂS,0,,,27,20,4
09201016005,3,Fs{s,ʂT,0,,,59,55,2
092010170,2,Fs{s,䑠,0,,,57,47,9
092010180,2,Fs{s,,0,,,324,219,63
09201018001,3,Fs{s,P,0,,,135,83,31
09201018002,3,Fs{s,Q,0,,,189,136,32
092010190,2,Fs{s,],0,,,458,135,300
092010200,2,Fs{s,,2,013003,,X,X,X
092010210,2,Fs{s,͌,0,,,162,58,102
092010220,2,Fs{s,e,0,,,288,219,56
092010230,2,Fs{s,k̑,0,,,347,194,147
092010240,2,Fs{s,,0,,,244,162,70
092010250,2,Fs{s,Z,0,,,656,370,265
09201025001,3,Fs{s,ZP,0,,,209,137,71
09201025002,3,Fs{s,ZQ,0,,,172,77,82
09201025003,3,Fs{s,ZR,0,,,275,156,112
092010260,2,Fs{s,z˒,1,,0710,630,317,271
092010270,2,Fs{s,K,0,,,243,165,76
092010280,2,Fs{s,ޖؒ,0,,,206,96,101
092010290,2,Fs{s,h,0,,,124,73,40
092010300,2,Fs{s,,0,,,1632,1088,453
09201030001,3,Fs{s,P,0,,,257,133,102
09201030002,3,Fs{s,Q,0,,,527,371,128
09201030003,3,Fs{s,R,0,,,167,120,38
09201030004,3,Fs{s,S,0,,,435,335,88
09201030005,3,Fs{s,T,0,,,246,129,97
092010310,2,Fs{s,OԒ,0,,,235,75,157
092010320,2,Fs{s,͌,0,,,7,7,-
092010330,2,Fs{s,ˍ,0,,,679,261,393
09201033001,3,Fs{s,ˍՂP,0,,,297,127,160
09201033002,3,Fs{s,ˍՂQ,0,,,382,134,233
092010340,2,Fs{s,h,0,,,1450,464,798
09201034001,3,Fs{s,hP,0,,,254,117,107
09201034002,3,Fs{s,hQ,0,,,534,82,390
09201034003,3,Fs{s,hR,0,,,295,71,148
09201034005,3,Fs{s,hT,0,,,367,194,153
092010350,2,Fs{s,a,0,,,282,143,129
09201035001,3,Fs{s,aP,0,,,60,34,24
09201035002,3,Fs{s,aQ,0,,,137,83,51
09201035003,3,Fs{s,aR,0,,,85,26,54
092010360,2,Fs{s,V,0,,,354,143,139
09201036001,3,Fs{s,VP,0,,,64,49,13
09201036002,3,Fs{s,VQ,0,,,290,94,126
092010370,2,Fs{s,Zg,0,,,296,209,77
092010380,2,Fs{s,g,0,,,119,98,10
092010390,2,Fs{s,劰,0,,,557,333,211
09201039001,3,Fs{s,劰P,0,,,212,117,88
09201039002,3,Fs{s,劰Q,0,,,345,216,123
092010400,2,Fs{s,J,0,,,253,140,103
092010410,2,Fs{s,{,0,,,36,30,4
092010420,2,Fs{s,,0,,,520,336,152
09201042001,3,Fs{s,P,0,,,76,43,17
09201042002,3,Fs{s,Q,0,,,76,47,25
09201042003,3,Fs{s,R,0,,,199,118,75
09201042005,3,Fs{s,T,0,,,169,128,35
092010430,2,Fs{s,V_,0,,,348,205,116
09201043001,3,Fs{s,V_P,0,,,92,24,54
09201043002,3,Fs{s,V_Q,0,,,256,181,62
092010440,2,Fs{s,`n,0,,,162,69,84
092010450,2,Fs{s,ˍՒ,0,,,662,375,272
092010460,2,Fs{s,ˍ,0,,,1939,1219,612
09201046001,3,Fs{s,ˍՂP,0,,,399,235,127
09201046002,3,Fs{s,ˍՂQ,0,,,389,238,128
09201046003,3,Fs{s,ˍՂR,0,,,726,469,217
09201046004,3,Fs{s,ˍՂS,0,,,425,277,140
092010470,2,Fs{s,ˍՌ,0,,,189,72,111
092010480,2,Fs{s,ˍՑ,0,,,500,484,7
092010490,2,Fs{s,,0,,,101,76,16
092010500,2,Fs{s,̑,0,,,201,133,63
092010510,2,Fs{s,͌,0,,,329,126,190
092010520,2,Fs{s,,0,,,762,482,240
09201052001,3,Fs{s,P,0,,,294,193,89
09201052002,3,Fs{s,Q,0,,,277,157,99
09201052003,3,Fs{s,R,0,,,191,132,52
092010530,2,Fs{s,̑,0,,,411,190,207
092010540,2,Fs{s,,0,,,872,422,389
09201054001,3,Fs{s,тP,0,,,203,152,31
09201054002,3,Fs{s,тQ,0,,,292,131,151
09201054003,3,Fs{s,тR,0,,,377,139,207
092010550,2,Fs{s,劰,0,,,325,192,125
09201055001,3,Fs{s,劰P,0,,,178,102,73
09201055002,3,Fs{s,劰Q,0,,,147,90,52
092010560,2,Fs{s,,0,,,1003,410,535
092010570,2,Fs{s,,0,,,461,251,190
09201057001,3,Fs{s,P,0,,,186,114,69
09201057002,3,Fs{s,Q,0,,,139,72,62
09201057003,3,Fs{s,R,0,,,136,65,59
092010580,2,Fs{s,Ԓ,0,,,57,33,23
092010590,2,Fs{s,ԉ,0,,,258,198,53
092010600,2,Fs{s,c,0,,,623,344,243
09201060001,3,Fs{s,cP,0,,,23,8,11
09201060002,3,Fs{s,cQ,0,,,154,66,77
09201060003,3,Fs{s,cR,0,,,103,53,38
09201060004,3,Fs{s,cS,0,,,223,151,64
09201060005,3,Fs{s,cT,0,,,120,66,53
092010610,2,Fs{s,nʂ,0,,,232,139,72
09201061001,3,Fs{s,nʂP,0,,,166,115,36
09201061002,3,Fs{s,nʂQ,0,,,11,8,1
09201061003,3,Fs{s,nʂR,0,,,47,10,34
09201061004,3,Fs{s,nʂS,0,,,8,6,1
092010620,2,Fs{s,,1,,1660,209,191,14
092010630,2,Fs{s,Ԗ[{,0,,,88,48,39
092010640,2,Fs{s,Ԗ[,0,,,653,333,298
09201064001,3,Fs{s,Ԗ[P,0,,,160,92,58
09201064002,3,Fs{s,Ԗ[Q,0,,,245,129,109
09201064003,3,Fs{s,Ԗ[R,0,,,248,112,131
092010650,2,Fs{s,,0,,,468,202,210
09201065001,3,Fs{s,P,0,,,166,51,93
09201065002,3,Fs{s,Q,0,,,302,151,117
092010660,2,Fs{s,,0,,,457,304,134
092010670,2,Fs{s,h,0,,,1612,600,819
09201067001,3,Fs{s,hP,0,,,169,71,64
09201067002,3,Fs{s,hQ,0,,,63,36,27
09201067003,3,Fs{s,hR,0,,,392,78,254
09201067004,3,Fs{s,hS,0,,,313,96,193
09201067005,3,Fs{s,hT,0,,,218,114,88
09201067006,3,Fs{s,hU,0,,,457,205,193
092010680,2,Fs{s,ˍ,0,,,27,9,18
092010690,2,Fs{s,c,0,,,313,202,99
09201069001,3,Fs{s,cP,0,,,127,100,24
09201069002,3,Fs{s,cQ,0,,,186,102,75
092010700,2,Fs{s,̏o,0,,,360,212,90
09201070001,3,Fs{s,̏oP,0,,,123,90,22
09201070002,3,Fs{s,̏oQ,0,,,237,122,68
092010710,2,Fs{s,oHƒcn,2,0260,,X,X,X
092010720,2,Fs{s,,0,,,508,140,353
092010730,2,Fs{s,r,0,,,81,51,22
092010740,2,Fs{s,sO,0,,,487,343,132
09201074001,3,Fs{s,sOP,0,,,22,16,5
09201074002,3,Fs{s,sOQ,0,,,123,95,26
09201074003,3,Fs{s,sOR,0,,,193,118,71
09201074004,3,Fs{s,sOS,0,,,103,80,19
09201074005,3,Fs{s,sOT,0,,,46,34,11
092010750,2,Fs{s,u,0,,,400,231,158
09201075001,3,Fs{s,uP,0,,,183,103,73
09201075002,3,Fs{s,uQ,0,,,217,128,85
092010760,2,Fs{s,{,0,,,67,48,19
092010770,2,Fs{s,{ے,0,,,349,229,100
092010780,2,Fs{s,Ȏt,0,,,53,21,16
092010790,2,Fs{s,,0,,,882,502,322
09201079001,3,Fs{s,P,0,,,276,159,108
09201079002,3,Fs{s,Q,0,,,310,157,118
09201079003,3,Fs{s,R,0,,,296,186,96
092010800,2,Fs{s,,0,,,307,129,139
09201080001,3,Fs{s,P,0,,,44,11,31
09201080002,3,Fs{s,Q,0,,,263,118,108
092010810,2,Fs{s,,0,,,189,126,54
092010820,2,Fs{s,̑,0,,,155,93,59
092010830,2,Fs{s,ʂ,0,,,1101,420,610
09201083001,3,Fs{s,ʂP,0,,,635,171,423
09201083002,3,Fs{s,ʂQ,0,,,192,124,60
09201083003,3,Fs{s,ʂR,0,,,103,55,45
09201083004,3,Fs{s,ʂS,0,,,171,70,82
092010840,2,Fs{s,,0,,,1096,448,611
09201084091,3,Fs{s,,0,,,1012,419,558
09201084092,3,Fs{s,,0,,,84,29,53
092010850,2,Fs{s,{,0,,,48,37,7
092010860,2,Fs{s,{,0,,,24,6,16
092010870,2,Fs{s,{,0,,,933,494,355
09201087001,3,Fs{s,{P,0,,,218,149,66
09201087003,3,Fs{s,{R,0,,,267,94,97
09201087004,3,Fs{s,{S,0,,,300,179,118
09201087005,3,Fs{s,{T,0,,,148,72,74
092010880,2,Fs{s,K,0,,,1588,699,763
092010890,2,Fs{s,K{,0,,,1672,898,670
092010900,2,Fs{s,r,0,,,565,256,120
092010910,2,Fs{s,,0,,,3351,1292,1480
09201091001,3,Fs{s,P,0,,,222,141,59
09201091002,3,Fs{s,Q,0,,,891,422,317
09201091003,3,Fs{s,R,0,,,463,128,272
09201091004,3,Fs{s,S,0,,,777,261,385
09201091005,3,Fs{s,T,0,,,181,53,92
09201091006,3,Fs{s,U,0,,,217,38,139
09201091007,3,Fs{s,V,0,,,580,245,206
09201091008,3,Fs{s,W,0,,,20,4,10
092010921,2,Fs{s,ʐ,0,,,2442,861,1406
09201092101,3,Fs{s,ʐP,0,,,421,197,206
09201092102,3,Fs{s,ʐQ,0,,,194,90,94
09201092103,3,Fs{s,ʐR,0,,,604,260,309
09201092104,3,Fs{s,ʐS,0,,,1223,314,797
092010922,2,Fs{s,ʐ,0,,,1757,802,783
09201092291,3,Fs{s,ʐ,0,,,1165,461,569
09201092292,3,Fs{s,ʐ,0,,,592,341,214
092010930,2,Fs{s,퐶,0,,,386,260,120
09201093001,3,Fs{s,퐶P,0,,,207,121,81
09201093002,3,Fs{s,퐶Q,0,,,179,139,39
092010940,2,Fs{s,z,0,,,77,21,54
092010950,2,Fs{s,z,0,,,1167,472,373
09201095001,3,Fs{s,zP,0,,,38,16,20
09201095002,3,Fs{s,zQ,0,,,291,123,162
09201095003,3,Fs{s,zR,0,,,326,209,110
09201095004,3,Fs{s,zS,0,,,512,124,81
092010960,2,Fs{s,g,0,,,345,196,140
09201096001,3,Fs{s,gP,0,,,149,71,74
09201096002,3,Fs{s,gQ,0,,,196,125,66
092010970,2,Fs{s,Z,0,,,225,154,65
092010980,2,Fs{s,ˍՒ,0,,,2609,1647,907
092010990,2,Fs{s,ˍ,0,,,1017,565,431
09201099001,3,Fs{s,ˍՂP,0,,,58,36,22
09201099002,3,Fs{s,ˍՂQ,0,,,100,42,55
09201099003,3,Fs{s,ˍՂR,0,,,268,148,113
09201099004,3,Fs{s,ˍՂS,0,,,591,339,241
092011000,2,Fs{s,ؒ,0,,,3403,2143,707
09201100001,3,Fs{s,ؒP,0,,,1198,796,366
09201100002,3,Fs{s,ؒQ,0,,,2205,1347,341
092011010,2,Fs{s,ˍՒ,0,,,718,405,216
092011020,2,Fs{s,ˍ,0,,,561,258,227
092011030,2,Fs{s,ؒ,0,,,411,147,253
092011040,2,Fs{s,גJ,0,,,1600,828,431
092011050,2,Fs{s,גJ,0,,,277,157,111
092011060,2,Fs{s,ᑐ,0,,,2026,751,733
09201106001,3,Fs{s,ᑐP,0,,,382,16,36
09201106002,3,Fs{s,ᑐQ,0,,,240,47,2
09201106003,3,Fs{s,ᑐR,0,,,545,180,356
09201106004,3,Fs{s,ᑐS,0,,,590,314,269
09201106005,3,Fs{s,ᑐT,0,,,269,194,70
092011070,2,Fs{s,{,0,,,1603,1107,409
09201107001,3,Fs{s,{P,0,,,596,408,180
09201107002,3,Fs{s,{Q,0,,,448,324,116
09201107003,3,Fs{s,{R,0,,,245,183,61
09201107004,3,Fs{s,{S,0,,,314,192,52
092011080,2,Fs{s,]]{,0,,,391,213,171
092011090,2,Fs{s,]],0,,,1605,816,647
09201109001,3,Fs{s,]]P,0,,,429,185,226
09201109002,3,Fs{s,]]Q,0,,,289,136,43
09201109003,3,Fs{s,]]R,0,,,354,193,157
09201109004,3,Fs{s,]]S,0,,,306,174,126
09201109005,3,Fs{s,]]T,0,,,227,128,95
092011100,2,Fs{s,˒,0,,,365,274,54
092011110,2,Fs{s,t,0,,,401,83,116
092011120,2,Fs{s,Y,0,,,346,303,39
092011130,2,Fs{s,,0,,,397,234,90
092011140,2,Fs{s,ot,0,,,1032,596,323
09201114001,3,Fs{s,otP,0,,,322,203,115
09201114002,3,Fs{s,otQ,0,,,437,267,165
09201114003,3,Fs{s,otR,0,,,273,126,43
092011150,2,Fs{s,,0,,,2017,1543,409
09201115001,3,Fs{s,΂P,0,,,205,140,61
09201115002,3,Fs{s,΂Q,0,,,394,323,36
09201115003,3,Fs{s,΂R,0,,,954,790,146
09201115004,3,Fs{s,΂S,0,,,225,190,34
09201115005,3,Fs{s,΂T,0,,,239,100,132
092011160,2,Fs{s,{{,0,,,243,194,46
092011170,2,Fs{s,,0,,,439,215,104
09201117001,3,Fs{s,P,0,,,201,33,51
09201117002,3,Fs{s,Q,0,,,238,182,53
092011180,2,Fs{s,a,0,,,1039,578,261
09201118001,3,Fs{s,aP,0,,,250,151,94
09201118002,3,Fs{s,aQ,0,,,453,189,71
09201118003,3,Fs{s,aR,0,,,336,238,96
092011190,2,Fs{s,Έ䒬,0,,,4457,2432,1807
09201119091,3,Fs{s,Έ䒬,0,,,3946,2217,1524
09201119092,3,Fs{s,Έ䒬,0,,,511,215,283
092011200,2,Fs{s,o,0,,,423,377,39
092011210,2,Fs{s,≮,0,,,14,12,1
092011220,2,Fs{s,,0,,,2520,1265,1149
092011231,2,Fs{s,v,0,,,505,294,187
09201123101,3,Fs{s,vۂP,0,,,266,148,104
09201123102,3,Fs{s,vۂQ,0,,,239,146,83
092011232,2,Fs{s,o,0,,,1581,843,585
09201123291,3,Fs{s,o,0,,,818,580,210
09201123292,3,Fs{s,o,0,,,763,263,375
092011240,2,Fs{s,c,0,,,146,144,1
092011250,2,Fs{s,˒,0,,,338,333,3
092011260,2,Fs{s,UJ,0,,,808,758,42
092011270,2,Fs{s,,0,,,24,23,-
092011280,2,Fs{s,Hƒcn,0,,,-,-,-
092011290,2,Fs{s,K,0,,,52,51,-
092011300,2,Fs{s,eR,0,,,1062,948,92
092011310,2,Fs{s,|,0,,,571,477,88
092011320,2,Fs{s,h,0,,,219,210,7
092011330,2,Fs{s,썂J,0,,,64,60,3
092011340,2,Fs{s,X,0,,,1412,1257,145
092011350,2,Fs{s,,0,,,32,31,1
092011360,2,Fs{s,]],0,,,1481,858,583
092011370,2,Fs{s,㉡c,0,,,950,509,415
092011380,2,Fs{s,c,0,,,1168,430,696
092011390,2,Fs{s,ܒ,0,,,199,183,13
092011400,2,Fs{s,I,0,,,3288,1717,1417
09201140000,3,Fs{s,I,0,,,2590,1439,1051
09201140091,3,Fs{s,I,0,,,698,278,366
092011410,2,Fs{s,,0,,,677,331,335
09201141001,3,Fs{s,P,0,,,127,100,26
09201141002,3,Fs{s,Q,0,,,221,139,80
09201141003,3,Fs{s,R,0,,,329,92,229
092011420,2,Fs{s,c,0,,,136,135,1
092011430,2,Fs{s,Vc,0,,,165,56,93
092011440,2,Fs{s,Vc,0,,,279,165,111
092011450,2,Fs{s,c,0,,,150,115,33
092011460,2,Fs{s,{,0,,,4918,1585,2681
09201146091,3,Fs{s,{,0,,,4006,1331,2333
09201146092,3,Fs{s,{,0,,,912,254,348
092011470,2,Fs{s,,0,,,539,524,11
092011480,2,Fs{s,cV,0,,,230,117,72
092011490,2,Fs{s,K,0,,,500,474,22
092011500,2,Fs{s,K,0,,,333,328,1
092011510,2,Fs{s,Y,0,,,978,956,8
092011520,2,Fs{s,Y,0,,,194,192,1
092011530,2,Fs{s,ؑ㒬,0,,,104,102,2
092011540,2,Fs{s,˒,0,,,37,36,-
092011550,2,Fs{s,,0,,,1132,360,41
09201155001,3,Fs{s,P,0,,,286,257,23
09201155002,3,Fs{s,Q,0,,,833,91,18
09201155003,3,Fs{s,R,0,,,13,12,-
092011560,2,Fs{s,],0,,,2638,1552,1004
092011570,2,Fs{s,{,0,,,64,63,1
092011580,2,Fs{s,C,0,,,365,309,46
092011590,2,Fs{s,얓,0,,,384,315,68
092011600,2,Fs{s,J,0,,,89,87,1
092011610,2,Fs{s,얓,0,,,918,556,305
092011620,2,Fs{s,֖x,0,,,308,232,71
092011630,2,Fs{s,|ђ,0,,,1448,717,669
092011640,2,Fs{s,,0,,,314,291,18
092011650,2,Fs{s,KP,0,,,3846,1862,1792
092011660,2,Fs{s,R{,2,0620,,X,X,X
092011671,2,Fs{s,R,0,,,1097,1071,11
09201167101,3,Fs{s,RP,0,,,376,370,5
09201167102,3,Fs{s,RQ,0,,,348,340,3
09201167103,3,Fs{s,RR,0,,,373,361,3
092011672,2,Fs{s,R,0,,,65,63,2
092011680,2,Fs{s,⌴,0,,,110,106,4
092011690,2,Fs{s,ؖ{,0,,,2481,1782,662
092011700,2,Fs{s,V,0,,,900,884,8
092011710,2,Fs{s,,0,,,1736,1005,506
092011720,2,Fs{s,Ԓ,0,,,29,28,-
092011730,2,Fs{s,䒬,0,,,100,98,2
092011740,2,Fs{s,㉡q,0,,,60,60,-
092011750,2,Fs{s,䒬,0,,,172,167,5
092011760,2,Fs{s,q,0,,,27,27,-
092011770,2,Fs{s,Y,0,,,1024,540,15
092011780,2,Fs{s,юR,0,,,38,38,-
092011790,2,Fs{s,Γߓc,0,,,191,189,2
092011800,2,Fs{s,㏬r,0,,,54,52,1
092011810,2,Fs{s,䒬,0,,,129,128,-
092011820,2,Fs{s,r,0,,,343,338,3
092011830,2,Fs{s,ѓc,0,,,147,143,2
092011840,2,Fs{s,J,0,,,747,704,27
092011850,2,Fs{s,Éu,0,,,157,155,1
092011861,2,Fs{s,,0,,,528,362,155
09201186101,3,Fs{s,P,0,,,249,191,57
09201186102,3,Fs{s,Q,0,,,279,171,98
092011862,2,Fs{s,,0,,,4357,2647,1537
09201186291,3,Fs{s,,0,,,4306,2630,1503
09201186292,3,Fs{s,,0,,,51,17,34
092011870,2,Fs{s,rj,0,,,979,774,193
092011880,2,Fs{s,c,0,,,261,242,17
092011890,2,Fs{s,c쒬,0,,,454,448,3
092011910,2,Fs{s,,0,,,209,206,1
092011920,2,Fs{s,㌇,0,,,488,476,8
092011930,2,Fs{s,̒J,0,,,50,49,1
092011940,2,Fs{s,,0,,,67,67,-
092011950,2,Fs{s,u㒬,0,,,440,432,6
092011960,2,Fs{s,̌,0,,,449,220,221
09201196001,3,Fs{s,̌P,0,,,188,70,112
09201196002,3,Fs{s,̌Q,0,,,108,57,49
09201196003,3,Fs{s,̌R,0,,,153,93,60
092011970,2,Fs{s,ߓc,0,,,8984,5557,3195
09201197091,3,Fs{s,ߓc,0,,,3367,2174,1104
09201197092,3,Fs{s,ߓc,0,,,4126,2544,1467
09201197093,3,Fs{s,ߓc,0,,,1491,839,624
092011971,2,Fs{s,ߓc,0,,,877,401,453
09201197101,3,Fs{s,ߓcP,0,,,238,81,147
09201197102,3,Fs{s,ߓcQ,0,,,523,235,278
09201197103,3,Fs{s,ߓcR,0,,,116,85,28
092011980,2,Fs{s,u㒬,0,,,1540,1124,294
092011990,2,Fs{s,c,0,,,2943,1817,1058
092012000,2,Fs{s,c,0,,,1140,762,361
09201200001,3,Fs{s,cP,0,,,238,167,67
09201200002,3,Fs{s,cQ,0,,,35,20,15
09201200003,3,Fs{s,cR,0,,,286,163,119
09201200004,3,Fs{s,cS,0,,,-,-,-
09201200005,3,Fs{s,cT,0,,,345,238,103
09201200006,3,Fs{s,cU,0,,,184,131,49
09201200007,3,Fs{s,cV,0,,,52,43,8
092012010,2,Fs{s,c{,0,,,1579,956,590
09201201001,3,Fs{s,c{P,0,,,225,180,40
09201201002,3,Fs{s,c{Q,0,,,293,155,135
09201201003,3,Fs{s,c{R,0,,,416,269,137
09201201004,3,Fs{s,c{S,0,,,645,352,278
092012020,2,Fs{s,c,0,,,203,157,43
092012030,2,Fs{s,c,0,,,1243,1008,225
09201203001,3,Fs{s,cP,0,,,871,663,202
09201203002,3,Fs{s,cQ,0,,,372,345,23
092012040,2,Fs{s,ɒ˒,0,,,73,39,33
092012050,2,Fs{s,ɒ,0,,,1554,1180,295
09201205001,3,Fs{s,ɒ˂P,0,,,329,173,95
09201205002,3,Fs{s,ɒ˂Q,0,,,283,213,67
09201205003,3,Fs{s,ɒ˂R,0,,,942,794,133
092012060,2,Fs{s,c,0,,,310,305,3
092012070,2,Fs{s,c,0,,,206,140,60
092012080,2,Fs{s,kᏼ,0,,,323,203,114
09201208001,3,Fs{s,kᏼP,0,,,197,94,97
09201208002,3,Fs{s,kᏼQ,0,,,126,109,17
092012090,2,Fs{s,ܑ,0,,,1647,1218,303
09201209001,3,Fs{s,ܑP,0,,,502,387,104
09201209002,3,Fs{s,ܑQ,0,,,633,483,134
09201209003,3,Fs{s,ܑR,0,,,512,348,65
092012100,2,Fs{s,,0,,,765,708,49
09201210001,3,Fs{s,P,0,,,172,155,16
09201210002,3,Fs{s,Q,0,,,259,243,12
09201210003,3,Fs{s,R,0,,,334,310,21
092012110,2,Fs{s,,0,,,94,91,1
092012120,2,Fs{s,c,0,,,73,70,1
092012130,2,Fs{s,Vx,0,,,154,107,35
092012140,2,Fs{s,L,0,,,718,302,84
09201214001,3,Fs{s,LP,0,,,223,180,42
09201214002,3,Fs{s,LQ,0,,,495,122,42
092012150,2,Fs{s,{,0,,,326,216,105
092012160,2,Fs{s,̋{,0,,,3093,2189,813
09201216001,3,Fs{s,̋{P,0,,,472,285,182
09201216002,3,Fs{s,̋{Q,0,,,438,326,87
09201216003,3,Fs{s,̋{R,0,,,120,67,47
09201216004,3,Fs{s,̋{S,0,,,723,504,196
09201216005,3,Fs{s,̋{T,0,,,347,250,92
09201216006,3,Fs{s,̋{U,0,,,489,363,113
09201216007,3,Fs{s,̋{V,0,,,504,394,96
092012170,2,Fs{s,,0,,,274,219,52
092012180,2,Fs{s,J,0,,,142,141,-
092012190,2,Fs{s,,0,,,93,90,3
092012200,2,Fs{s,Hc,0,,,92,65,26
092012210,2,Fs{s,jJ,0,,,986,797,171
092012220,2,Fs{s,jJ,0,,,506,395,99
092012230,2,Fs{s,xm,0,,,798,241,50
092012240,2,Fs{s,c,0,,,48,46,-
092012250,2,Fs{s,݂ǂ쒬,0,,,302,238,59
092012260,2,Fs{s,쒬,0,,,670,526,134
092012270,2,Fs{s,썂,0,,,271,248,22
092012280,2,Fs{s,{̓,0,,,1190,625,515
09201228001,3,Fs{s,{̓P,0,,,299,139,153
09201228002,3,Fs{s,{̓Q,0,,,153,89,58
09201228003,3,Fs{s,{̓R,0,,,412,238,149
09201228004,3,Fs{s,{̓S,0,,,326,159,155
092012290,2,Fs{s,Ό,0,,,639,487,147
092012300,2,Fs{s,Ό,0,,,405,292,99
09201230001,3,Fs{s,ΌP,0,,,97,53,35
09201230002,3,Fs{s,ΌQ,0,,,179,131,45
09201230003,3,Fs{s,ΌR,0,,,129,108,19
092012310,2,Fs{s,ᏼ,0,,,1822,1082,668
09201231001,3,Fs{s,ᏼP,0,,,799,479,286
09201231002,3,Fs{s,ᏼQ,0,,,562,299,248
09201231003,3,Fs{s,ᏼR,0,,,461,304,134
092012320,2,Fs{s,͌,0,,,155,71,82
092012330,2,Fs{s,ʐ,0,,,684,213,435
092012340,2,Fs{s,I,0,,,850,106,425
092012350,2,Fs{s,,0,,,3183,1070,1888
09201235001,3,Fs{s,P,0,,,637,195,383
09201235002,3,Fs{s,Q,0,,,785,291,418
09201235003,3,Fs{s,R,0,,,1090,348,708
09201235004,3,Fs{s,S,0,,,671,236,379
092012360,2,Fs{s,z,0,,,3636,1691,1612
09201236001,3,Fs{s,zP,0,,,481,182,282
09201236002,3,Fs{s,zQ,0,,,377,111,223
09201236003,3,Fs{s,zR,0,,,486,256,202
09201236004,3,Fs{s,zS,0,,,497,179,250
09201236005,3,Fs{s,zT,0,,,584,252,267
09201236006,3,Fs{s,zU,0,,,504,433,57
09201236007,3,Fs{s,zV,0,,,305,104,142
09201236008,3,Fs{s,zW,0,,,402,174,189
092012370,2,Fs{s,L,0,,,1473,1359,51
09201237001,3,Fs{s,LP,0,,,32,-,-
09201237002,3,Fs{s,LQ,0,,,888,817,46
09201237003,3,Fs{s,LR,0,,,553,542,5
092012380,2,Fs{s,R{,0,,,1114,670,417
09201238001,3,Fs{s,R{P,0,,,395,169,212
09201238002,3,Fs{s,R{Q,0,,,593,413,167
09201238003,3,Fs{s,R{R,0,,,126,88,38
092012390,2,Fs{s,xmu,0,,,1910,1462,426
09201239001,3,Fs{s,xmuP,0,,,425,296,126
09201239002,3,Fs{s,xmuQ,0,,,443,362,72
09201239003,3,Fs{s,xmuR,0,,,395,345,48
09201239004,3,Fs{s,xmuS,0,,,647,459,180
092012400,2,Fs{s,,0,,,4113,2214,1632
09201240001,3,Fs{s,P,0,,,562,295,227
09201240002,3,Fs{s,Q,0,,,502,329,136
09201240003,3,Fs{s,R,0,,,532,303,193
09201240004,3,Fs{s,S,0,,,850,396,405
09201240005,3,Fs{s,T,0,,,976,446,452
09201240006,3,Fs{s,U,0,,,691,445,219
092012410,2,Fs{s,̑,0,,,306,170,69
09201241001,3,Fs{s,̑P,0,,,61,52,7
09201241002,3,Fs{s,̑Q,0,,,245,118,62
092012420,2,Fs{s,z,0,,,1029,688,280
09201242001,3,Fs{s,z˂P,0,,,288,184,93
09201242002,3,Fs{s,z˂Q,0,,,324,215,74
09201242003,3,Fs{s,z˂R,0,,,314,233,75
09201242004,3,Fs{s,z˂S,0,,,103,56,38
092012430,2,Fs{s,̋{,0,,,655,620,26
09201243001,3,Fs{s,̋{P,0,,,288,278,8
09201243002,3,Fs{s,̋{Q,0,,,367,342,18
092012460,2,Fs{s,{Rc,0,,,125,122,2
092012470,2,Fs{s,,0,,,162,152,9
092012480,2,Fs{s,~,0,,,86,84,2
092012490,2,Fs{s,֔,0,,,67,64,3
092012500,2,Fs{s,,0,,,995,685,293
092012510,2,Fs{s,cVc,0,,,30,29,-
092012520,2,Fs{s,,0,,,72,65,6
092012530,2,Fs{s,ƃm,0,,,36,36,-
092012540,2,Fs{s,c,0,,,154,151,2
092012550,2,Fs{s,c,0,,,201,167,33
092012560,2,Fs{s,㏬q,0,,,216,214,1
092012570,2,Fs{s,q,0,,,520,501,15
092012580,2,Fs{s,,0,,,246,231,9
092012590,2,Fs{s,,0,,,310,305,4
092012600,2,Fs{s,P,0,,,155,150,3
092012610,2,Fs{s,,0,,,24,24,-
092012620,2,Fs{s,,0,,,1048,879,150
092012630,2,Fs{s,{,0,,,3508,2803,634
092012640,2,Fs{s,{,0,,,642,532,97
092012650,2,Fs{s,{,0,,,3824,2322,1297
09201265091,3,Fs{s,{,0,,,3011,1806,1024
09201265092,3,Fs{s,{,0,,,813,516,273
092012660,2,Fs{s,tʒ,0,,,76,76,-
092012670,2,Fs{s,,0,,,50,50,-
092012680,2,Fs{s,Óc,0,,,55,55,-
092012690,2,Fs{s,c,0,,,646,619,20
092012700,2,Fs{s,,0,,,1404,1374,18
092012710,2,Fs{s,J,0,,,18,18,-
092012720,2,Fs{s,䒬,0,,,88,86,-
092012730,2,Fs{s,c,0,,,952,928,18
092012740,2,Fs{s,˒,0,,,90,87,-
092012760,2,Fs{s,,0,,,2384,1076,1005
09201276001,3,Fs{s,P,0,,,424,181,187
09201276002,3,Fs{s,Q,0,,,387,229,137
09201276003,3,Fs{s,R,0,,,559,203,259
09201276004,3,Fs{s,S,0,,,487,196,235
09201276005,3,Fs{s,T,0,,,527,267,187
092012770,2,Fs{s,C^[p[N,0,,,1021,477,478
09201277001,3,Fs{s,C^[p[NP,0,,,385,188,182
09201277002,3,Fs{s,C^[p[NQ,0,,,336,192,133
09201277003,3,Fs{s,C^[p[NR,0,,,277,95,160
09201277004,3,Fs{s,C^[p[NS,0,,,-,-,-
09201277005,3,Fs{s,C^[p[NT,0,,,23,2,3
09201277006,3,Fs{s,C^[p[NU,0,,,-,-,-
092012780,2,Fs{s,铌,0,,,719,346,308
09201278001,3,Fs{s,铌P,0,,,176,104,52
09201278002,3,Fs{s,铌Q,0,,,543,242,256
092012790,2,Fs{s,݂݂炢,0,,,62,55,5
092012800,2,Fs{s,䂢̓m,0,,,2380,879,1112
09201280001,3,Fs{s,䂢̓mP,2,280002,,X,X,X
09201280002,3,Fs{s,䂢̓mQ,1,,280001,420,158,207
09201280003,3,Fs{s,䂢̓mR,0,,,275,59,163
09201280004,3,Fs{s,䂢̓mS,0,,,386,216,97
09201280005,3,Fs{s,䂢̓mT,0,,,487,126,274
09201280006,3,Fs{s,䂢̓mU,0,,,396,213,128
09201280007,3,Fs{s,䂢̓mV,0,,,398,107,227
09201280008,3,Fs{s,䂢̓mW,0,,,18,-,16
09202,1,s,,0,,,59502,41968,13769
092020010,2,s,,0,,,786,592,146
09202001001,3,s,ʂP,0,,,34,32,2
09202001002,3,s,ʂQ,0,,,220,129,56
09202001003,3,s,ʂR,0,,,123,104,15
09202001004,3,s,ʂS,0,,,162,120,38
09202001005,3,s,ʂT,0,,,86,64,19
09202001006,3,s,ʂU,0,,,83,73,8
09202001007,3,s,ʂV,0,,,78,70,8
092020020,2,s,Β,0,,,330,209,111
09202002001,3,s,ΒP,0,,,195,124,69
09202002002,3,s,ΒQ,0,,,135,85,42
092020030,2,s,h,0,,,184,125,58
09202003001,3,s,hP,0,,,120,86,33
09202003002,3,s,hQ,0,,,64,39,25
092020040,2,s,{,0,,,336,286,38
092020050,2,s,b,0,,,62,48,8
092020060,2,s,֒,0,,,95,81,11
092020070,2,s,쒬,0,,,9,7,2
092020080,2,s,䑐,0,,,20,14,4
092020090,2,s,,0,,,13,10,3
092020100,2,s,,0,,,28,26,1
092020110,2,s,iy,0,,,137,108,25
092020120,2,s,ƕx,0,,,239,171,58
092020130,2,s,{,0,,,1133,767,348
09202013001,3,s,{P,0,,,440,311,125
09202013002,3,s,{Q,0,,,514,313,192
09202013003,3,s,{R,0,,,179,143,31
092020140,2,s,,0,,,141,112,21
092020150,2,s,吳,0,,,172,97,66
092020160,2,s,Ly,0,,,138,108,28
092020170,2,s,w,0,,,126,74,50
092020180,2,s,㒬,0,,,267,210,56
092020190,2,s,㒬,0,,,130,94,33
092020200,2,s,c,0,,,103,58,44
092020210,2,s,,0,,,183,140,41
092020220,2,s,ێR,0,,,193,170,22
092020230,2,s,咬,0,,,371,251,118
092020240,2,s,ɐ,0,,,661,494,146
09202024001,3,s,ɐP,0,,,178,128,44
09202024002,3,s,ɐQ,0,,,177,130,41
09202024003,3,s,ɐR,0,,,85,60,20
09202024004,3,s,ɐS,0,,,221,176,41
092020250,2,s,,0,,,119,99,20
092020260,2,s,勴,0,,,405,248,101
09202026001,3,s,勴P,0,,,190,127,46
09202026002,3,s,勴Q,0,,,215,121,55
092020270,2,s,,0,,,663,486,156
09202027001,3,s,˂P,0,,,321,227,89
09202027002,3,s,˂Q,0,,,44,31,13
09202027003,3,s,˂R,0,,,298,228,54
092020280,2,s,˒,0,,,146,105,37
092020290,2,s,˓R,0,,,221,141,72
092020300,2,s,ːVR,0,,,213,149,61
092020310,2,s,ˑ勴,0,,,73,59,14
092020320,2,s,VR,0,,,496,169,109
092020330,2,s,v,0,,,226,173,49
092020340,2,s,F,0,,,47,39,7
092020350,2,s,ԉ,0,,,96,37,59
092020360,2,s,퐶,0,,,131,89,40
092020370,2,s,^,0,,,14,12,2
092020380,2,s,xm,0,,,107,67,39
092020390,2,s,L,0,,,142,105,32
092020400,2,s,Ւ,0,,,123,98,22
092020410,2,s,Β,0,,,256,105,39
092020420,2,s,ђ,0,,,349,96,24
092020430,2,s,ɐ쒬,0,,,84,69,15
092020440,2,s,c,0,,,232,176,52
092020450,2,s,ᑐ,0,,,353,264,86
092020460,2,s,{k,0,,,230,166,62
092020470,2,s,,0,,,347,275,69
092020480,2,s,䒬,0,,,60,53,7
092020490,2,s,蒬,0,,,236,231,3
092020500,2,s,vے,0,,,412,366,44
092020510,2,s,c,0,,,1240,1021,172
092020520,2,s,,0,,,519,413,104
092020530,2,s,Bؒ,0,,,234,190,42
092020540,2,s,팩,0,,,678,377,248
09202054000,3,s,팩,0,,,46,37,9
09202054001,3,s,팩P,0,,,234,139,92
09202054002,3,s,팩Q,0,,,163,85,76
09202054003,3,s,팩R,0,,,235,116,71
092020550,2,s,R쒬,0,,,1599,979,522
092020560,2,s,іV,0,,,948,565,52
09202056001,3,s,іVP,0,,,188,170,18
09202056002,3,s,іVQ,0,,,191,179,12
09202056003,3,s,іVR,0,,,179,161,18
09202056004,3,s,іVS,0,,,390,55,4
092020570,2,s,,0,,,1702,921,573
09202057000,3,s,,0,,,725,413,141
09202057001,3,s,P,0,,,430,228,186
09202057002,3,s,Q,0,,,372,206,150
09202057003,3,s,R,0,,,175,74,96
092020580,2,s,؏h,0,,,729,464,233
09202058000,3,s,؏h,0,,,560,361,179
09202058001,3,s,؏hP,0,,,169,103,54
092020590,2,s,쒬,0,,,510,369,131
092020600,2,s,q,0,,,1424,758,482
09202060000,3,s,q,0,,,659,386,195
09202060002,3,s,qQ,0,,,297,137,83
09202060003,3,s,qR,0,,,468,235,204
092020610,2,s,c,0,,,1133,589,475
092020620,2,s,,0,,,893,653,196
092020630,2,s,܏\,0,,,2647,1719,797
092020640,2,s,⒬,0,,,93,92,1
092020650,2,s,O,0,,,1977,911,1034
092020660,2,s,R,0,,,2153,1388,581
092020670,2,s,,0,,,1938,986,912
092020681,2,s,c,0,,,-,-,-
092020682,2,s,c,0,,,220,216,4
092020690,2,s,ے,0,,,1462,1007,314
09202069000,3,s,ے,0,,,149,142,7
09202069001,3,s,ےP,0,,,870,508,223
09202069002,3,s,ےQ,0,,,292,254,38
09202069003,3,s,ےR,0,,,151,103,46
092020700,2,s,]쒬,0,,,1037,762,233
09202070000,3,s,]쒬,0,,,141,122,13
09202070001,3,s,]쒬P,0,,,163,118,42
09202070002,3,s,]쒬Q,0,,,215,134,78
09202070003,3,s,]쒬R,0,,,333,235,68
09202070004,3,s,]쒬S,0,,,185,153,32
092020710,2,s,J,0,,,347,341,4
092020720,2,s,c,0,,,417,397,3
09202072000,3,s,c,0,,,332,322,1
09202072001,3,s,cP,0,,,85,75,2
092020730,2,s,蒬,0,,,253,247,1
092020740,2,s,匎,0,,,609,474,120
092020750,2,s,ԏ,0,,,507,497,7
09202075001,3,s,ԏP,0,,,213,208,3
09202075002,3,s,ԏQ,0,,,294,289,4
092020760,2,s,㒬,0,,,152,146,6
092020770,2,s,,0,,,222,215,5
092020781,2,s,,0,,,-,-,-
092020782,2,s,,0,,,275,268,4
092020790,2,s,꒬,0,,,318,279,35
092020800,2,s,꒬,0,,,123,121,2
092020810,2,s,,0,,,186,186,-
092020820,2,s,,0,,,504,452,46
092020830,2,s,cؒ,0,,,159,146,11
092020840,2,s,˒,0,,,109,107,1
092020850,2,s,Ԓ,0,,,93,83,10
092020860,2,s,x,0,,,2636,1575,543
092020870,2,s,V䒬,0,,,469,381,79
092020880,2,s,{,0,,,164,158,1
092020890,2,s,Vh,0,,,172,148,7
092020900,2,s,꒬,0,,,275,232,40
092020910,2,s,咬,0,,,1030,716,270
092020920,2,s,r,0,,,98,95,2
092020930,2,s,,0,,,3013,1899,994
092020940,2,s,c,0,,,669,553,64
092020950,2,s,a,0,,,1252,856,267
092020960,2,s,S,0,,,670,487,128
092020970,2,s,≮,2,1070,,X,X,X
092020980,2,s,,0,,,403,398,3
092020990,2,s,H,0,,,365,358,4
092021000,2,s,],0,,,160,159,-
092021010,2,s,,0,,,297,289,7
092021020,2,s,vۓc,0,,,249,244,3
092021030,2,s,쒬,0,,,209,201,5
092021040,2,s,c,0,,,218,211,5
092021050,2,s,c,0,,,122,106,16
092021060,2,s,a,0,,,222,209,11
092021070,2,s,x,1,,0970;1080,1340,774,484
092021080,2,s,xV,2,1070,,X,X,X
092021090,2,s,c,0,,,670,644,15
092021100,2,s,q,0,,,555,543,7
092021110,2,s,J,0,,,166,162,-
092021121,2,s,t쒬,0,,,114,79,22
092021122,2,s,t,0,,,1586,1303,194
092021123,2,s,t,0,,,811,552,250
09202112301,3,s,tP,0,,,524,364,154
09202112302,3,s,tQ,0,,,287,188,96
092021130,2,s,,0,,,2188,1943,227
092021140,2,s,쒬,0,,,331,225,101
09203,1,Ȗ؎s,,0,,,56960,44875,9828
092030010,2,Ȗ؎s,,0,,,349,285,55
092030020,2,Ȗ؎s,`,0,,,111,108,3
092030030,2,Ȗ؎s,,0,,,421,333,78
092030040,2,Ȗ؎s,,0,,,126,95,29
092030050,2,Ȗ؎s,,0,,,1793,1111,289
09203005001,3,Ȗ؎s,P,0,,,274,172,48
09203005002,3,Ȗ؎s,Q,0,,,1519,939,241
092030060,2,Ȗ؎s,_c,0,,,373,324,36
092030070,2,Ȗ؎s,{,0,,,500,331,140
092030080,2,Ȗ؎s,mo,0,,,451,308,96
092030090,2,Ȗ؎s,ac,0,,,1151,759,310
092030100,2,Ȗ؎s,͍,0,,,84,57,16
092030110,2,Ȗ؎s,Ж,0,,,1862,1269,540
09203011001,3,Ȗ؎s,ЖP,0,,,701,507,170
09203011002,3,Ȗ؎s,ЖQ,0,,,650,399,231
09203011003,3,Ȗ؎s,ЖR,0,,,37,30,7
09203011004,3,Ȗ؎s,ЖS,0,,,234,169,59
09203011005,3,Ȗ؎s,ЖT,0,,,240,164,73
092030120,2,Ȗ؎s,,0,,,177,142,32
092030130,2,Ȗ؎s,xm,0,,,305,204,91
092030140,2,Ȗ؎s,,0,,,428,355,65
092030150,2,Ȗ؎s,䒬,0,,,1062,636,380
092030160,2,Ȗ؎s,,0,,,1545,1062,453
09203016001,3,Ȗ؎s,P,0,,,487,344,134
09203016002,3,Ȗ؎s,Q,0,,,575,352,211
09203016003,3,Ȗ؎s,R,0,,,195,146,45
09203016004,3,Ȗ؎s,S,0,,,288,220,63
092030170,2,Ȗ؎s,M,0,,,161,136,24
092030180,2,Ȗ؎s,j,0,,,302,236,57
092030190,2,Ȗ؎s,,0,,,625,513,103
092030200,2,Ȗ؎s,X,0,,,1897,1390,471
092030210,2,Ȗ؎s,,0,,,294,246,46
092030220,2,Ȗ؎s,ђ,0,,,216,189,25
092030230,2,Ȗ؎s,ÉEq咬,0,,,236,187,41
092030240,2,Ȗ؎s,,0,,,306,256,44
092030250,2,Ȗ؎s,咬,0,,,659,520,121
092030260,2,Ȗ؎s,a,0,,,93,64,28
092030270,2,Ȗ؎s,{,0,,,2435,1733,355
092030280,2,Ȗ؎s,,0,,,1992,1014,859
09203028001,3,Ȗ؎s,P,0,,,686,456,208
09203028002,3,Ȗ؎s,Q,0,,,736,253,402
09203028003,3,Ȗ؎s,R,0,,,570,305,249
092030290,2,Ȗ؎s,,0,,,1208,923,272
09203029001,3,Ȗ؎s,򒬂P,0,,,808,617,184
09203029002,3,Ȗ؎s,򒬂Q,0,,,400,306,88
092030300,2,Ȗ؎s,d㒬,0,,,80,78,2
092030310,2,Ȗ؎s,c,0,,,39,39,-
092030320,2,Ȗ؎s,vۓc,0,,,28,28,-
092030330,2,Ȗ؎s,{c,0,,,22,22,-
092030340,2,Ȗ؎s,J,0,,,29,28,1
092030350,2,Ȗ؎s,m,0,,,374,288,50
092030360,2,Ȗ؎s,F,0,,,377,371,3
092030370,2,Ȗ؎s,q,0,,,122,121,-
092030380,2,Ȗ؎s,,0,,,88,85,3
092030390,2,Ȗ؎s,u,0,,,46,46,-
092030400,2,Ȗ؎s,o,0,,,41,41,-
092030410,2,Ȗ؎s,F쒬,0,,,99,97,1
092030420,2,Ȗ؎s,쒬,0,,,198,177,20
092030430,2,Ȗ؎s,V䒬,0,,,418,259,151
092030440,2,Ȗ؎s,㒬,0,,,433,383,45
092030450,2,Ȗ؎s,זx,0,,,49,48,-
092030460,2,Ȗ؎s,ؖn,0,,,125,123,1
092030470,2,Ȗ؎s,쌴c,0,,,1420,1019,188
092030480,2,Ȗ؎s,쒆,0,,,536,339,181
092030490,2,Ȗ؎s,{,0,,,117,111,2
092030500,2,Ȗ؎s,˒,0,,,134,133,1
092030510,2,Ȗ؎s,X,0,,,340,192,139
092030520,2,Ȗ؎s,,0,,,69,62,6
092030530,2,Ȗ؎s,,0,,,39,38,1
092030540,2,Ȗ؎s,K,0,,,205,196,6
092030550,2,Ȗ؎s,~,0,,,247,236,4
092030560,2,Ȗ؎s,vے,0,,,79,79,-
092030570,2,Ȗ؎s,R,0,,,328,312,11
092030580,2,Ȗ؎s,쒬,0,,,71,71,-
092030590,2,Ȗ؎s,o,0,,,37,36,-
092030600,2,Ȗ؎s,yВ,0,,,569,422,19
092030610,2,Ȗ؎s,,0,,,34,32,2
092030620,2,Ȗ؎s,,0,,,118,108,7
092030630,2,Ȗ؎s,c,0,,,98,85,-
092030640,2,Ȗ؎s,񋏒,0,,,99,99,-
092030650,2,Ȗ؎s,{,0,,,303,299,4
092030660,2,Ȗ؎s,˒,0,,,662,644,9
092030670,2,Ȗ؎s,啽xc,0,,,2838,1916,803
092030680,2,Ȗ؎s,啽Rc,0,,,310,308,2
092030690,2,Ȗ؎s,啽F,0,,,589,443,136
092030700,2,Ȗ؎s,啽x,0,,,162,160,-
092030710,2,Ȗ؎s,啽v,0,,,240,204,35
092030720,2,Ȗ؎s,啽A,0,,,206,187,19
092030730,2,Ȗ؎s,啽y^,0,,,97,93,2
092030740,2,Ȗ؎s,啽,0,,,378,322,51
092030750,2,Ȗ؎s,啽^|,0,,,564,483,74
092030760,2,Ȗ؎s,啽,0,,,92,91,-
092030770,2,Ȗ؎s,啽㍂,0,,,105,103,1
092030780,2,Ȗ؎s,啽k,0,,,154,152,1
092030790,2,Ȗ؎s,啽V,0,,,1434,1160,259
092030800,2,Ȗ؎s,啽c,0,,,1141,886,239
092030810,2,Ȗ؎s,啽|{,0,,,234,227,3
092030820,2,Ȗ؎s,啽,0,,,1513,1128,371
092030830,2,Ȗ؎s,啽,0,,,270,208,13
092030840,2,Ȗ؎s,,0,,,198,196,-
092030850,2,Ȗ؎s,Vg,0,,,106,106,-
092030860,2,Ȗ؎s,ΐ,0,,,49,48,-
092030870,2,Ȗ؎s,ѓ,0,,,28,28,-
092030880,2,Ȗ؎s,ΐ,0,,,30,30,-
092030890,2,Ȗ؎s,O,0,,,23,23,-
092030900,2,Ȗ؎s,g,0,,,153,149,-
092030910,2,Ȗ؎s,xg,0,,,160,156,2
092030920,2,Ȗ؎s,,0,,,159,156,1
092030930,2,Ȗ؎s,,1,,0950,2167,1710,387
092030940,2,Ȗ؎s,{,0,,,11,11,-
092030950,2,Ȗ؎s,,2,0930,,X,X,X
092030960,2,Ȗ؎s,Ԗ,0,,,532,525,3
092030970,2,Ȗ؎s,O,0,,,617,545,67
092030980,2,Ȗ؎s,b,0,,,465,450,10
092030990,2,Ȗ؎s,s,0,,,342,336,2
092031000,2,Ȗ؎s,ca,0,,,94,93,-
092031010,2,Ȗ؎s,c,0,,,197,194,-
092031020,2,Ȗ؎s,s꒬,0,,,1149,821,317
092031030,2,Ȗ؎s,s꒬,0,,,458,360,94
092031040,2,Ȗ؎s,s꒬,0,,,243,187,54
092031050,2,Ȗ؎s,s꒬ƒ,0,,,1288,1143,134
092031060,2,Ȗ؎s,s꒬h,0,,,185,181,-
092031070,2,Ȗ؎s,s꒬,0,,,237,236,-
092031080,2,Ȗ؎s,s꒬Pv,0,,,39,39,-
092031090,2,Ȗ؎s,s꒬勴,0,,,119,116,3
092031100,2,Ȗ؎s,s꒬x,0,,,142,141,-
092031110,2,Ȗ؎s,s꒬[,0,,,139,138,1
092031120,2,Ȗ؎s,s꒬`,0,,,243,242,1
092031130,2,Ȗ؎s,,0,,,562,502,54
092031140,2,Ȗ؎s,{,0,,,202,198,2
092031150,2,Ȗ؎s,,0,,,252,241,8
092031160,2,Ȗ؎s,,0,,,409,406,1
092031170,2,Ȗ؎s,{,0,,,228,222,4
092031180,2,Ȗ؎s,^q,0,,,365,355,8
092031190,2,Ȗ؎s,M܏\,0,,,37,37,-
092031200,2,Ȗ؎s,Ma,0,,,590,485,98
092031210,2,Ȗ؎s,MØa,0,,,822,712,98
092031220,2,Ȗ؎s,MÌ,0,,,250,226,16
092031230,2,Ȗ؎s,MȃP,0,,,214,210,4
092031240,2,Ȗ؎s,Mh,0,,,60,60,-
092031250,2,Ȗ؎s,M,0,,,1902,1522,358
092031260,2,Ȗ؎s,MÌ,0,,,605,493,103
092031270,2,Ȗ؎s,M,0,,,390,316,65
092031280,2,Ȗ؎s,MÍ],0,,,124,124,-
092031290,2,Ȗ؎s,MV,0,,,234,229,4
092031300,2,Ȗ؎s,MOJ,0,,,115,115,-
092031310,2,Ȗ؎s,M,0,,,49,48,1
092031320,2,Ȗ؎s,M㉪,0,,,24,24,-
092031330,2,Ȗ؎s,M쎛,0,,,391,386,3
09204,1,s,,0,,,45889,32799,10522
092040010,2,s,vے,0,,,469,353,89
092040020,2,s,,0,,,155,132,21
092040030,2,s,,0,,,154,80,73
092040040,2,s,,0,,,49,44,5
092040050,2,s,ɉ꒬,0,,,86,65,20
092040060,2,s,{,0,,,52,42,9
092040070,2,s,呠,0,,,38,23,14
092040080,2,s,,0,,,318,122,173
092040090,2,s,咬,0,,,73,55,12
092040100,2,s,勴,0,,,2028,1126,825
092040110,2,s,V,0,,,71,59,11
092040120,2,s,a,0,,,38,35,3
092040130,2,s,T䒬,0,,,103,66,34
092040140,2,s,,0,,,63,44,17
092040150,2,s,,0,,,68,49,19
092040160,2,s,㒬,0,,,66,50,13
092040170,2,s,j,0,,,134,105,26
092040180,2,s,,0,,,112,70,41
092040190,2,s,ᏼ,0,,,700,481,198
092040200,2,s,V_,0,,,468,344,113
092040210,2,s,䒬,0,,,290,221,63
092040220,2,s,,0,,,103,86,16
092040230,2,s,A쒬,0,,,764,472,274
092040240,2,s,A㒬,0,,,1167,711,425
092040250,2,s,,0,,,357,217,133
092040260,2,s,A,0,,,1022,652,356
092040270,2,s,{㒬,0,,,225,161,59
092040280,2,s,{,0,,,327,206,113
092040290,2,s,ɕۓ,0,,,100,99,-
092040300,2,s,É,0,,,56,56,-
092040310,2,s,M\˒,0,,,27,27,-
092040320,2,s,c,0,,,329,217,105
092040330,2,s,ԍ⒬,0,,,1127,699,401
092040340,2,s,Nc,0,,,65,65,-
092040350,2,s,DÐ쒬,0,,,181,179,1
092040360,2,s,ѓc,0,,,231,222,7
092040370,2,s,n咬,0,,,219,203,15
092040380,2,s,R,0,,,120,120,-
092040390,2,s,,0,,,2090,1045,871
092040400,2,s,kΘC,0,,,99,67,31
092040410,2,s,ΘCR,0,,,259,120,134
092040420,2,s,z,0,,,335,280,49
092040430,2,s,㒬,0,,,383,254,112
092040440,2,s,,0,,,335,257,72
092040450,2,s,,0,,,522,363,153
092040460,2,s,V,0,,,597,398,195
092040470,2,s,ĎR쒬,0,,,505,387,21
092040480,2,s,֐쒬,0,,,703,367,58
092040490,2,s,J,0,,,58,57,1
092040500,2,s,ɐR,0,,,453,189,133
092040510,2,s,B쒬,0,,,47,46,-
092040520,2,s,xm,0,,,165,157,7
092040530,2,s,I,0,,,56,51,5
092040540,2,s,x,0,,,1899,1013,820
092040550,2,s,,0,,,1376,815,454
092040560,2,s,h,0,,,-,-,-
092040570,2,s,Y,0,,,74,73,1
092040580,2,s,˒,0,,,208,141,66
092040590,2,s,ђ,0,,,163,136,26
092040600,2,s,xĒ,0,,,3767,2329,1269
092040610,2,s,ޗǟ,0,,,1004,398,390
092040620,2,s,cV,0,,,26,26,-
092040630,2,s,,0,,,517,451,58
092040640,2,s,ؒ,0,,,482,453,23
092040650,2,s,ƒ,0,,,469,321,133
092040660,2,s,㒬,0,,,210,208,1
092040670,2,s,Hc,0,,,236,230,2
092040680,2,s,Hc,0,,,122,121,-
092040690,2,s,,0,,,183,178,3
092040700,2,s,Ԍ,0,,,1251,1162,65
092040710,2,s,Β˒,0,,,1403,853,109
092040720,2,s,o,0,,,588,541,41
092040730,2,s,vے,0,,,73,71,2
092040740,2,s,c,0,,,2228,1633,567
092040750,2,s,,0,,,313,288,19
092040760,2,s,g,0,,,560,450,106
092040770,2,s,Vg,0,,,273,193,45
092040780,2,s,Ȗ{,0,,,1605,1273,248
092040790,2,s,c,0,,,599,558,31
092040800,2,s,Rz,0,,,251,204,45
092040810,2,s,˓ޗǒ,0,,,396,384,5
092040820,2,s,ˎ,0,,,218,212,4
092040830,2,s,蒬,0,,,234,233,1
092040840,2,s,Dz,0,,,362,352,3
092040850,2,s,_y,0,,,65,65,-
092040860,2,s,J꒬,0,,,107,106,1
092040870,2,s,⒬,0,,,78,76,1
092040880,2,s,쌴,0,,,136,135,1
092040890,2,s,R`,0,,,373,355,14
092040900,2,s,~,0,,,56,55,-
092040910,2,s,Քn,0,,,498,475,17
092040920,2,s,FԒ,0,,,298,295,2
092040930,2,s,,0,,,467,457,6
092040940,2,s,gwO,0,,,646,357,276
09204094001,3,s,gwOP,0,,,233,116,111
09204094002,3,s,gwOQ,0,,,286,163,117
09204094003,3,s,gwOR,0,,,127,78,48
092040950,2,s,,0,,,434,371,39
09204095001,3,s,P,0,,,179,162,12
09204095002,3,s,Q,0,,,128,110,15
09204095003,3,s,R,0,,,127,99,12
092040960,2,s,,0,,,384,335,10
09204096001,3,s,P,0,,,131,127,4
09204096002,3,s,Q,1,,1010,116,84,3
09204096003,3,s,R,0,,,137,124,3
092040970,2,s,ؒ,0,,,261,224,24
092040980,2,s,{,1,,1020,46,44,1
092040990,2,s,zn,0,,,47,46,1
092041000,2,s,xm,0,,,220,204,6
092041010,2,s,ƒ,2,096002,,X,X,X
092041020,2,s,ÑR,2,0980,,X,X,X
092041030,2,s,,0,,,641,496,40
092041040,2,s,,0,,,235,209,3
092041050,2,s,R,0,,,86,77,7
092041060,2,s,L㒬,0,,,303,278,1
092041070,2,s,q,0,,,257,253,4
092041080,2,s,g,0,,,284,278,4
092041090,2,s,`,0,,,123,123,-
092041100,2,s,ؒ,0,,,87,86,1
092041110,2,s,HR,0,,,105,103,-
09205,1,s,,0,,,34627,26644,6440
092050010,2,s,䐬,0,,,539,466,69
09205001001,3,s,䐬P,0,,,188,158,27
09205001002,3,s,䐬Q,0,,,351,308,42
092050020,2,s,,0,,,274,212,59
092050030,2,s,r,0,,,217,61,63
092050040,2,s,˒,0,,,173,98,70
092050050,2,s,蒬,0,,,302,228,71
092050060,2,s,ޖؒ,0,,,131,84,41
092050070,2,s,V_,0,,,74,53,18
092050080,2,s,vے,0,,,33,26,6
092050090,2,s,,0,,,19,19,-
09205009001,3,s,P,0,,,11,11,-
09205009002,3,s,Q,0,,,8,8,-
092050100,2,s,{,0,,,64,50,14
092050110,2,s,,0,,,22,21,-
092050120,2,s,,0,,,88,80,7
092050130,2,s,΋,0,,,24,24,-
092050140,2,s,ޖؒ,0,,,46,38,7
092050150,2,s,,0,,,133,77,51
092050160,2,s,H,0,,,96,61,32
092050170,2,s,OK,0,,,86,72,14
092050180,2,s,Ւ,0,,,268,131,125
092050190,2,s,,0,,,216,121,69
092050200,2,s,,0,,,64,50,13
092050210,2,s,,0,,,233,144,80
092050220,2,s,c,0,,,92,85,6
092050230,2,s,L,0,,,46,39,6
092050240,2,s,L,0,,,71,59,9
092050250,2,s,c,0,,,100,55,43
092050260,2,s,,0,,,25,8,1
092050270,2,s,c,0,,,436,301,98
09205027001,3,s,cP,0,,,267,185,75
09205027002,3,s,cQ,0,,,169,116,23
092050280,2,s,L,0,,,1158,712,369
092050290,2,s,쒬,0,,,972,586,348
092050300,2,s,{,0,,,406,331,70
092050310,2,s,{,0,,,278,177,69
092050320,2,s,{{,0,,,80,71,8
092050330,2,s,,0,,,459,311,110
092050340,2,s,g,0,,,1042,736,135
092050350,2,s,ԉ,0,,,220,136,79
092050360,2,s,cR,0,,,607,510,7
09205036001,3,s,cRP,0,,,104,103,1
09205036002,3,s,cRQ,0,,,161,70,2
09205036003,3,s,cRR,0,,,209,209,-
09205036004,3,s,cRS,0,,,133,128,4
092050370,2,s,ʓc,0,,,579,504,73
092050380,2,s,,0,,,216,208,6
092050390,2,s,,0,,,21,21,-
092050400,2,s,x,0,,,126,115,2
092050410,2,s,q,0,,,472,458,8
092050420,2,s,q,0,,,561,458,102
092050430,2,s,Éu,0,,,19,18,1
092050440,2,s,J,0,,,25,25,-
092050450,2,s,m_,0,,,390,333,54
092050460,2,s,ȌE,0,,,175,171,3
092050470,2,s,n,0,,,2033,1378,612
092050480,2,s,J,0,,,110,110,-
092050490,2,s,,0,,,139,137,1
092050500,2,s,,0,,,227,216,10
092050510,2,s,[,0,,,32,32,-
092050520,2,s,c,0,,,43,42,1
092050530,2,s,,0,,,233,227,3
092050540,2,s,c,0,,,157,155,1
092050550,2,s,䒬,0,,,529,445,78
092050560,2,s,a,0,,,1398,975,371
092050570,2,s,R,0,,,939,801,129
092050580,2,s,R,0,,,163,157,5
092050590,2,s,ލ,0,,,129,124,3
092050600,2,s,ޗǕ,0,,,35,34,1
092050610,2,s,ޗǕ,0,,,100,97,2
092050620,2,s,ޗǕ,0,,,140,140,-
092050630,2,s,݂Ȃݒ,0,,,438,283,6
092050640,2,s,,0,,,628,622,2
092050650,2,s,v,0,,,32,32,-
092050660,2,s,v,0,,,46,45,-
092050670,2,s,v,0,,,234,226,3
092050680,2,s,K,0,,,50,50,-
092050690,2,s,,0,,,326,323,2
092050700,2,s,v,0,,,109,105,1
092050710,2,s,v,0,,,164,162,-
092050720,2,s,ΐ,0,,,796,504,272
092050731,2,s,ΘC,0,,,1351,904,349
09205073101,3,s,ΘCP,0,,,160,106,51
09205073102,3,s,ΘCQ,0,,,174,85,86
09205073103,3,s,ΘCR,0,,,565,357,118
09205073104,3,s,ΘCS,0,,,452,356,94
092050732,2,s,h,0,,,889,615,252
09205073201,3,s,hP,0,,,444,291,143
09205073202,3,s,hQ,0,,,162,123,37
09205073203,3,s,hR,0,,,283,201,72
092050733,2,s,ΘC,0,,,1017,587,405
092050741,2,s,Kc,0,,,187,176,10
092050742,2,s,,0,,,767,746,18
09205074201,3,s,P,0,,,183,177,6
09205074202,3,s,Q,0,,,139,136,2
09205074203,3,s,R,0,,,204,199,5
09205074204,3,s,S,0,,,241,234,5
092050750,2,s,[,0,,,242,239,2
092050760,2,s,ΐ,0,,,79,78,-
092050770,2,s,rmX,0,,,129,127,-
092050780,2,s,,0,,,-,-,-
092050790,2,s,ʃZ^[,0,,,-,-,-
092050800,2,s,W],0,,,321,247,59
092050810,2,s,,0,,,1112,711,317
09205081001,3,s,P,0,,,380,215,96
09205081002,3,s,Q,0,,,222,146,74
09205081003,3,s,R,0,,,510,350,147
092050820,2,s,K,0,,,1140,684,443
09205082001,3,s,KP,0,,,555,349,201
09205082002,3,s,KQ,0,,,585,335,242
092050830,2,s,Β,0,,,1344,669,546
09205083001,3,s,ΒP,0,,,566,233,219
09205083002,3,s,ΒQ,0,,,343,196,143
09205083003,3,s,ΒR,0,,,435,240,184
092050840,2,s,ڒ,0,,,37,37,-
092050850,2,s,c,0,,,92,91,1
092050860,2,s,얀,0,,,127,126,1
092050870,2,s,,0,,,402,397,4
092050880,2,s,얀,0,,,169,162,1
092050890,2,s,u,0,,,170,156,10
092050900,2,s,ؒ,0,,,469,422,41
092050910,2,s,钬,0,,,191,180,9
092050920,2,s,,0,,,46,46,-
092050930,2,s,Tac,0,,,105,104,1
092050940,2,s,kԒ˒,0,,,136,132,1
092050950,2,s,],0,,,147,145,2
092050960,2,s,쒬,0,,,248,219,4
092050970,2,s,ac,0,,,53,53,-
092050980,2,s,,0,,,825,730,31
09205098001,3,s,,0,,,104,91,6
09205098002,3,s,,0,,,172,164,3
09205098003,3,s,,0,,,39,36,3
09205098004,3,s,,0,,,56,36,-
09205098005,3,s,,0,,,35,22,3
09205098006,3,s,,0,,,37,24,1
09205098007,3,s,,0,,,30,29,-
09205098008,3,s,,0,,,100,95,3
09205098009,3,s,,0,,,45,33,6
09205098010,3,s,,0,,,95,89,5
09205098011,3,s,,0,,,77,76,1
09205098012,3,s,,0,,,35,35,-
09205098013,3,s,,0,,,-,-,-
092050990,2,s,,0,,,106,106,-
09205099001,3,s,,0,,,18,18,-
09205099002,3,s,,0,,,32,32,-
09205099003,3,s,,0,,,29,29,-
09205099004,3,s,,0,,,27,27,-
092051000,2,s,,0,,,91,90,-
09205100001,3,s,,0,,,23,22,-
09205100002,3,s,,0,,,27,27,-
09205100003,3,s,,0,,,11,11,-
09205100004,3,s,,0,,,10,10,-
09205100005,3,s,,0,,,9,9,-
09205100006,3,s,,0,,,11,11,-
09205100007,3,s,,0,,,-,-,-
092051010,2,s,,0,,,17,16,1
092051020,2,s,,0,,,181,178,1
09205102001,3,s,,0,,,66,65,1
09205102002,3,s,,0,,,115,113,-
092051030,2,s,,0,,,226,223,2
09205103001,3,s,,0,,,80,78,1
09205103002,3,s,,0,,,48,48,-
09205103003,3,s,,0,,,52,51,1
09205103004,3,s,,0,,,32,32,-
09205103005,3,s,,0,,,14,14,-
09205103006,3,s,,0,,,-,-,-
092051040,2,s,㔔,0,,,94,93,1
09205104001,3,s,㔔,0,,,21,21,-
09205104002,3,s,㔔,0,,,37,37,-
09205104003,3,s,㔔,0,,,36,35,1
09205104004,3,s,㔔,0,,,-,-,-
092051050,2,s,i,0,,,157,156,-
09205105001,3,s,i,0,,,37,37,-
09205105002,3,s,i,0,,,53,52,-
09205105003,3,s,i,0,,,32,32,-
09205105004,3,s,i,0,,,35,35,-
09205105005,3,s,i,0,,,-,-,-
092051060,2,s,i,0,,,244,241,2
09205106001,3,s,i,0,,,65,65,-
09205106002,3,s,i,0,,,74,72,2
09205106003,3,s,i,0,,,65,64,-
09205106004,3,s,i,0,,,40,40,-
09205106005,3,s,i,0,,,-,-,-
09205106006,3,s,i,0,,,-,-,-
09205106007,3,s,i,0,,,-,-,-
092051070,2,s,v,0,,,251,248,3
09205107001,3,s,v,0,,,108,107,1
09205107002,3,s,v,0,,,33,32,1
09205107003,3,s,v,0,,,31,31,-
09205107004,3,s,v,0,,,79,78,1
092051080,2,s,[,0,,,252,244,3
09205108001,3,s,[,0,,,42,39,1
09205108002,3,s,[,0,,,49,48,-
09205108003,3,s,[,0,,,68,67,1
09205108004,3,s,[,0,,,38,37,1
09205108005,3,s,[,0,,,-,-,-
09205108006,3,s,[,0,,,21,21,-
09205108007,3,s,[,0,,,34,32,-
092051090,2,s,kc,0,,,305,300,1
09205109001,3,s,kc,0,,,50,50,-
09205109002,3,s,kc,0,,,75,72,1
09205109003,3,s,kc,0,,,22,20,-
09205109004,3,s,kc,0,,,47,47,-
09205109005,3,s,kc,0,,,25,25,-
09205109006,3,s,kc,0,,,86,86,-
09206,1,s,,0,,,31359,24459,4542
092060010,2,s,,0,,,95,82,5
092060020,2,s,ԑ,0,,,112,89,3
092060030,2,s,ʓ,0,,,91,41,1
092060040,2,s,,0,,,54,25,1
092060050,2,s,,0,,,51,15,1
092060060,2,s,,1,,0070,33,19,1
092060070,2,s,,2,0060,,X,X,X
092060080,2,s,؊,0,,,8,8,-
092060090,2,s,,0,,,33,33,-
092060100,2,s,C,0,,,14,14,-
092060110,2,s,݂,0,,,8,7,-
092060120,2,s,{R,0,,,-,-,-
092060130,2,s,,0,,,-,-,-
092060140,2,s,ԑq,1,,0150,49,40,2
092060150,2,s,싴,2,0140,,X,X,X
092060160,2,s,ԓ,0,,,95,45,-
092060170,2,s,[,0,,,-,-,-
092060180,2,s,_q,0,,,78,78,-
092060190,2,s,̕,0,,,31,31,-
092060200,2,s,ԓ,0,,,27,23,3
092060210,2,s,ł̑,0,,,-,-,-
092060220,2,s,H,0,,,69,65,3
092060230,2,s,c,0,,,35,24,5
092060240,2,s,|,0,,,64,34,3
092060250,2,s,nǐ,0,,,25,1,1
092060260,2,s,,0,,,49,26,2
092060270,2,s,,0,,,8,8,-
092060280,2,s,,0,,,-,-,-
09206028001,3,s,ΑqR,0,,,-,-,-
09206028002,3,s,,0,,,-,-,-
09206028003,3,s,R,0,,,-,-,-
09206028004,3,s,O,0,,,-,-,-
09206028005,3,s,q,0,,,-,-,-
09206028006,3,s,̑,0,,,-,-,-
092060290,2,s,㔫Β,0,,,23,21,1
092060300,2,s,Β,0,,,23,21,2
092060310,2,s,Β,0,,,103,101,2
092060320,2,s,ג,0,,,329,276,20
09206032001,3,s,גP,0,,,103,95,7
09206032002,3,s,גQ,0,,,167,127,9
09206032003,3,s,גR,0,,,59,54,4
092060330,2,s,K,0,,,178,111,38
092060340,2,s,Ή,0,,,83,72,8
092060350,2,s,,0,,,150,136,9
092060360,2,s,,0,,,93,80,12
092060370,2,s,a,0,,,69,51,13
092060380,2,s,ᐙ,0,,,192,107,3
092060390,2,s,a,0,,,37,30,5
092060400,2,s,쒬,0,,,52,42,6
092060410,2,s,,0,,,104,95,3
092060420,2,s,{,0,,,85,78,2
092060430,2,s,R,0,,,38,27,2
092060440,2,s,_,0,,,95,87,6
092060450,2,s,ԐΒ,0,,,138,83,2
092060460,2,s,vǒ,0,,,378,321,22
092060470,2,s,Ǒ,0,,,230,224,-
092060480,2,s,ȃ㒬,0,,,-,-,-
092060490,2,s,Pu,0,,,-,-,-
092060500,2,s,O,2,054001,,X,X,X
092060510,2,s,ꒆ˒,0,,,54,1,-
092060520,2,s,Vה,0,,,17,8,-
092060530,2,s,꒬,0,,,-,-,-
092060540,2,s,,0,,,324,300,13
09206054001,3,s,P,1,,0500,58,54,1
09206054002,3,s,Q,0,,,95,86,4
09206054003,3,s,R,0,,,97,91,4
09206054004,3,s,S,0,,,74,69,4
092060550,2,s,ה,0,,,162,148,6
092060560,2,s,{K,0,,,159,124,8
092060570,2,s,,0,,,39,17,1
092060580,2,s,,0,,,861,613,18
092060590,2,s,,0,,,378,329,40
092060600,2,s,,0,,,148,142,2
092060610,2,s,a,0,,,134,128,5
092060620,2,s,Rv,0,,,57,57,-
092060630,2,s,,0,,,23,21,-
092060640,2,s,O,0,,,23,22,1
092060650,2,s,쏬,0,,,41,40,1
092060660,2,s,{,0,,,71,70,1
092060670,2,s,,0,,,43,43,-
092060680,2,s,,0,,,48,47,-
092060690,2,s,,0,,,44,44,-
092060700,2,s,P,0,,,16,16,-
092060710,2,s,s,0,,,2716,1777,658
09206071001,3,s,s,0,,,29,26,2
09206071002,3,s,s,0,,,9,9,-
09206071003,3,s,s,0,,,13,11,2
09206071004,3,s,s,0,,,168,101,63
09206071005,3,s,s,0,,,70,64,5
09206071006,3,s,s,0,,,23,21,1
09206071007,3,s,s,0,,,395,249,131
09206071008,3,s,s,0,,,310,208,97
09206071009,3,s,s,0,,,211,-,-
09206071010,3,s,s,0,,,420,286,126
09206071011,3,s,s,0,,,31,31,-
09206071012,3,s,s,0,,,99,56,38
09206071013,3,s,s,0,,,19,19,-
09206071014,3,s,s,0,,,25,25,-
09206071015,3,s,s,0,,,11,11,-
09206071016,3,s,s,0,,,88,81,4
09206071017,3,s,s,0,,,145,116,22
09206071018,3,s,s,0,,,76,49,26
09206071019,3,s,s,2,071020,,X,X,X
09206071020,3,s,s,1,,071019,198,154,40
09206071021,3,s,s,1,,071022,312,216,88
09206071022,3,s,s,2,071021,,X,X,X
09206071023,3,s,s,0,,,64,44,13
092060720,2,s,,0,,,641,428,182
09206072001,3,s,,0,,,17,12,4
09206072002,3,s,,0,,,4,4,-
09206072003,3,s,,0,,,273,193,72
09206072004,3,s,,0,,,296,191,84
09206072005,3,s,,0,,,24,17,7
09206072006,3,s,,0,,,11,10,1
09206072007,3,s,,0,,,16,1,14
092060730,2,s,P,0,,,785,542,218
09206073001,3,s,P,0,,,110,80,27
09206073002,3,s,P,0,,,112,86,23
09206073003,3,s,P,0,,,360,221,123
09206073004,3,s,P,0,,,118,80,35
09206073005,3,s,P,0,,,24,24,-
09206073006,3,s,P,0,,,53,43,10
09206073007,3,s,P,0,,,8,8,-
092060740,2,s,{,0,,,291,223,39
09206074001,3,s,{,0,,,7,7,-
09206074002,3,s,{,0,,,39,16,5
09206074003,3,s,{,0,,,77,66,10
09206074004,3,s,{,0,,,168,134,24
092060750,2,s,̓,0,,,12,11,1
092060760,2,s,,0,,,47,44,2
092060770,2,s,g,0,,,428,321,97
09206077001,3,s,g,0,,,16,14,-
09206077002,3,s,g,0,,,412,307,97
092060780,2,s,y,0,,,2200,1720,453
09206078001,3,s,y,0,,,1089,811,258
09206078002,3,s,y,0,,,933,783,144
09206078003,3,s,y,0,,,178,126,51
092060790,2,s,,0,,,1117,728,199
09206079001,3,s,,0,,,369,231,132
09206079002,3,s,,0,,,549,459,66
09206079003,3,s,,0,,,161,-,1
09206079004,3,s,,0,,,24,24,-
09206079005,3,s,,0,,,14,14,-
09206079021,3,s,,0,,,-,-,-
092060800,2,s,p,0,,,351,339,7
092060810,2,s,q,0,,,165,148,16
092060820,2,s,,0,,,409,395,10
09206082001,3,s,,1,,082002,402,388,10
09206082002,3,s,,2,082001,,X,X,X
09206082003,3,s,,0,,,7,7,-
092060830,2,s,,0,,,215,211,1
09206083001,3,s,,0,,,130,128,-
09206083002,3,s,,0,,,85,83,1
092060840,2,s,_,0,,,386,339,11
09206084001,3,s,_,0,,,349,303,11
09206084002,3,s,_,0,,,37,36,-
092060850,2,s,,0,,,1122,1017,87
09206085001,3,s,,0,,,758,664,81
09206085002,3,s,,0,,,364,353,6
092060860,2,s,艪,0,,,133,129,2
092060870,2,s,,0,,,128,127,-
092060880,2,s,K,0,,,410,354,48
092060890,2,s,쎺,0,,,215,190,19
092060900,2,s,n,0,,,56,55,-
092060910,2,s,J,0,,,100,98,1
092060920,2,s,,0,,,85,84,1
092060930,2,s,ڏ,0,,,173,119,47
09206093001,3,s,ڏ,0,,,12,3,9
09206093002,3,s,ڏ,0,,,32,19,11
09206093003,3,s,ڏ,0,,,129,97,27
092060940,2,s,Lc,0,,,376,268,65
092060950,2,s,qPVc,0,,,82,53,27
092060960,2,s,qP,0,,,440,324,35
09206096001,3,s,qP,0,,,8,8,-
09206096002,3,s,qP,0,,,12,11,1
09206096003,3,s,qP,0,,,420,305,34
092060970,2,s,S,0,,,115,113,-
092060980,2,s,h,0,,,31,30,1
092060990,2,s,,0,,,26,23,2
092061000,2,s,I,0,,,182,166,13
092061010,2,s,,0,,,5,5,-
092061020,2,s,,0,,,240,228,7
09206102001,3,s,,0,,,155,146,5
09206102002,3,s,,0,,,78,75,2
09206102003,3,s,,0,,,7,7,-
092061030,2,s,,0,,,83,70,12
092061040,2,s,XF,0,,,2039,1385,616
09206104001,3,s,XF,0,,,1304,933,346
09206104002,3,s,XF,0,,,735,452,270
092061050,2,s,t,0,,,437,309,116
09206105001,3,s,t,0,,,193,145,44
09206105002,3,s,t,0,,,244,164,72
092061060,2,s,jL,0,,,55,55,-
092061070,2,s,厺,0,,,720,649,63
092061080,2,s,,0,,,118,114,1
092061090,2,s,,0,,,51,50,-
092061100,2,s,R,0,,,273,262,9
09206110001,3,s,R,0,,,63,56,7
09206110002,3,s,R,0,,,210,206,2
092061110,2,s,q,0,,,831,792,28
09206111001,3,s,q,0,,,95,93,-
09206111002,3,s,q,0,,,79,76,3
09206111003,3,s,q,0,,,238,225,11
09206111004,3,s,q,0,,,419,398,14
092061120,2,s,ؘac,0,,,1439,1227,195
09206112001,3,s,ؘac,0,,,566,495,64
09206112002,3,s,ؘac,0,,,227,216,9
09206112003,3,s,ؘac,0,,,646,516,122
092061130,2,s,쎺,0,,,324,319,4
09206113001,3,s,쎺,0,,,95,94,1
09206113002,3,s,쎺,0,,,46,45,-
09206113003,3,s,쎺,0,,,145,142,3
09206113004,3,s,쎺,0,,,38,38,-
092061140,2,s,,0,,,92,90,1
092061150,2,s,,0,,,47,46,1
092061160,2,s,B|,0,,,46,45,-
092061170,2,s,Ñ,0,,,27,26,1
092061180,2,s,,0,,,283,279,2
09206118001,3,s,,0,,,107,104,1
09206118002,3,s,,0,,,40,39,1
09206118003,3,s,,0,,,62,62,-
09206118004,3,s,,0,,,74,74,-
092061190,2,s,ؒ,0,,,198,77,105
092061200,2,s,s{,0,,,245,148,85
092061210,2,s,쎡쎡,0,,,103,78,13
092061220,2,s,쎡򍂌,0,,,46,40,2
092061230,2,s,,0,,,421,370,37
092061240,2,s,S{쉷,0,,,399,245,116
092061250,2,s,S{쉷匴,0,,,1701,965,451
092061260,2,s,z,0,,,155,147,7
092061270,2,s,q,0,,,158,135,19
092061280,2,s,,0,,,439,350,64
092061290,2,s,,0,,,31,30,1
092061300,2,s,O,0,,,23,23,-
092061310,2,s,O,0,,,75,67,3
092061320,2,s,ڑ,0,,,25,25,-
092061330,2,s,ƌؑ,0,,,13,13,-
092061340,2,s,܏\,0,,,5,4,1
092061350,2,s,얓,0,,,55,51,2
092061360,2,s,,0,,,10,10,-
092061370,2,s,IR,0,,,37,37,-
092061380,2,s,yC,0,,,21,21,-
092061390,2,s,,0,,,28,21,4
092061400,2,s,,0,,,193,132,8
092061410,2,s,,0,,,25,14,-
092061420,2,s,,0,,,102,98,2
092061430,2,s,,0,,,48,48,-
092061440,2,s,,0,,,167,124,41
092061450,2,s,,0,,,18,18,-
09208,1,Rs,,0,,,64527,41226,20259
092080010,2,Rs,ؒ,0,,,1599,865,621
09208001001,3,Rs,ؒP,0,,,617,352,231
09208001002,3,Rs,ؒQ,0,,,479,223,231
09208001003,3,Rs,ؒR,0,,,503,290,159
092080020,2,Rs,Ԋ_,0,,,890,430,383
09208002001,3,Rs,Ԋ_P,0,,,542,265,234
09208002002,3,Rs,Ԋ_Q,0,,,348,165,149
092080030,2,Rs,{,0,,,474,290,163
09208003001,3,Rs,{P,0,,,94,75,16
09208003002,3,Rs,{Q,0,,,224,111,98
09208003003,3,Rs,{R,0,,,156,104,49
092080040,2,Rs,R,0,,,767,548,199
09208004001,3,Rs,RP,0,,,65,43,18
09208004002,3,Rs,RQ,0,,,412,279,126
09208004003,3,Rs,RR,0,,,290,226,55
092080050,2,Rs,,0,,,401,233,153
09208005001,3,Rs,P,0,,,48,20,27
09208005002,3,Rs,Q,0,,,288,170,106
09208005003,3,Rs,R,0,,,65,43,20
092080060,2,Rs,{{,0,,,362,264,82
09208006001,3,Rs,{{P,0,,,5,5,-
09208006002,3,Rs,{{Q,0,,,148,104,35
09208006003,3,Rs,{{R,0,,,209,155,47
092080070,2,Rs,,0,,,368,247,113
09208007001,3,Rs,P,0,,,190,113,69
09208007002,3,Rs,Q,0,,,178,134,44
092080080,2,Rs,V_,0,,,467,259,199
09208008001,3,Rs,V_P,0,,,227,100,124
09208008002,3,Rs,V_Q,0,,,240,159,75
092080090,2,Rs,_,0,,,54,41,12
09208009001,3,Rs,_P,0,,,14,7,7
09208009002,3,Rs,_Q,0,,,40,34,5
092080100,2,Rs,wʂ,0,,,2629,1024,1463
09208010001,3,Rs,wʂP,0,,,1207,436,689
09208010002,3,Rs,wʂQ,0,,,749,394,323
09208010003,3,Rs,wʂR,0,,,673,194,451
092080110,2,Rs,厚t,0,,,27,17,5
092080120,2,Rs,厚R,0,,,726,399,306
092080130,2,Rs,厚_J,0,,,873,486,315
092080140,2,Rs,厚O,0,,,445,274,162
092080150,2,Rs,w쒬,0,,,2466,1065,1303
09208015001,3,Rs,w쒬P,0,,,461,176,260
09208015002,3,Rs,w쒬Q,0,,,295,178,108
09208015003,3,Rs,w쒬R,0,,,543,219,296
09208015004,3,Rs,w쒬S,0,,,408,109,283
09208015005,3,Rs,w쒬T,0,,,348,180,162
09208015006,3,Rs,w쒬U,0,,,411,203,194
092080160,2,Rs,O,0,,,465,210,231
09208016001,3,Rs,OP,0,,,197,59,126
09208016002,3,Rs,OQ,0,,,268,151,105
092080170,2,Rs,_R,0,,,505,206,263
09208017001,3,Rs,_RP,0,,,202,107,88
09208017002,3,Rs,_RQ,0,,,303,99,175
092080180,2,Rs,_J,0,,,1146,548,566
09208018001,3,Rs,_JP,0,,,228,123,103
09208018002,3,Rs,_JQ,0,,,317,160,143
09208018003,3,Rs,_JR,0,,,123,56,62
09208018004,3,Rs,_JS,0,,,154,55,95
09208018005,3,Rs,_JT,0,,,254,113,135
09208018006,3,Rs,_JU,0,,,70,41,28
092080190,2,Rs,铌,0,,,3336,1598,1549
09208019001,3,Rs,铌P,0,,,426,147,260
09208019002,3,Rs,铌Q,0,,,724,318,362
09208019003,3,Rs,铌R,0,,,281,136,103
09208019004,3,Rs,铌S,0,,,355,257,90
09208019005,3,Rs,铌T,0,,,393,167,204
09208019006,3,Rs,铌U,0,,,504,204,265
09208019007,3,Rs,铌V,0,,,653,369,265
092080200,2,Rs,厚y,0,,,1225,678,506
092080210,2,Rs,厚,0,,,1075,683,355
092080221,2,Rs,v,0,,,857,787,17
09208022101,3,Rs,vP,0,,,193,169,3
09208022102,3,Rs,vQ,0,,,22,-,-
09208022103,3,Rs,vR,0,,,177,171,2
09208022104,3,Rs,vS,0,,,193,188,5
09208022105,3,Rs,vT,0,,,272,259,7
092080222,2,Rs,厚v,0,,,686,611,49
092080230,2,Rs,厚ˍ,0,,,365,313,19
092080240,2,Rs,厚qVc,0,,,2027,1281,618
092080250,2,Rs,厚q,0,,,1099,723,334
092080260,2,Rs,厚Vc,0,,,18,5,13
092080270,2,Rs,厚JJVc,0,,,1252,581,629
092080280,2,Rs,厚JJ,0,,,752,461,205
092080290,2,Rs,厚c,0,,,188,182,2
092080300,2,Rs,厚,0,,,117,116,-
092080310,2,Rs,厚c,0,,,375,371,2
092080320,2,Rs,厚a,0,,,140,137,3
092080330,2,Rs,厚ԁXc,0,,,2474,2067,374
092080340,2,Rs,厚ʒ,0,,,341,268,27
092080350,2,Rs,厚{,0,,,1120,759,339
092080360,2,Rs,{,0,,,137,84,51
09208036001,3,Rs,{P,0,,,107,70,35
09208036002,3,Rs,{Q,0,,,30,14,16
092080370,2,Rs,厚c,0,,,219,215,3
092080380,2,Rs,厚c,0,,,160,157,1
092080390,2,Rs,厚ѓc,0,,,343,330,12
092080400,2,Rs,厚a,0,,,484,291,188
092080411,2,Rs,쉳,0,,,365,272,81
09208041101,3,Rs,쉳P,0,,,176,124,48
09208041102,3,Rs,쉳Q,0,,,189,148,33
092080412,2,Rs,厚,0,,,1001,905,87
092080420,2,Rs,,0,,,983,668,288
09208042001,3,Rs,P,0,,,293,232,55
09208042002,3,Rs,Q,0,,,261,134,120
09208042003,3,Rs,R,0,,,429,302,113
092080430,2,Rs,,0,,,643,348,287
09208043001,3,Rs,łP,0,,,225,124,100
09208043002,3,Rs,łQ,0,,,271,148,117
09208043003,3,Rs,łR,0,,,147,76,70
092080440,2,Rs,厚Ԍ,0,,,229,220,-
092080450,2,Rs,厚,0,,,54,54,-
092080460,2,Rs,厚,0,,,39,38,-
092080470,2,Rs,厚㐶,0,,,64,64,-
092080480,2,Rs,厚,0,,,150,149,1
092080490,2,Rs,厚,0,,,81,80,1
092080500,2,Rs,厚,0,,,68,67,-
092080510,2,Rs,厚,0,,,71,64,3
092080520,2,Rs,厚,0,,,115,115,-
092080530,2,Rs,厚,0,,,134,134,-
092080540,2,Rs,厚ԓc,0,,,76,76,-
092080550,2,Rs,厚{,0,,,150,150,-
092080560,2,Rs,厚,0,,,174,173,-
092080570,2,Rs,厚{,0,,,95,92,3
092080580,2,Rs,厚c,0,,,155,155,-
092080590,2,Rs,厚a,0,,,50,50,-
092080600,2,Rs,厚r,0,,,21,21,-
092080610,2,Rs,厚,0,,,597,333,254
092080620,2,Rs,厚,0,,,235,235,-
092080630,2,Rs,厚,0,,,36,36,-
092080640,2,Rs,厚㏉c,0,,,56,55,1
092080650,2,Rs,厚,0,,,508,491,15
092080660,2,Rs,厚,0,,,198,192,1
092080670,2,Rs,厚쏬,0,,,169,162,4
092080680,2,Rs,厚,0,,,105,104,-
092080690,2,Rs,厚,0,,,73,73,-
092080700,2,Rs,厚䉪,0,,,29,29,-
092080710,2,Rs,厚,0,,,71,70,1
092080720,2,Rs,厚͌c,0,,,96,93,2
092080730,2,Rs,厚,0,,,83,80,-
092080740,2,Rs,厚쓇,0,,,66,65,-
092080750,2,Rs,厚c,0,,,84,84,-
092080760,2,Rs,厚{,0,,,131,131,-
092080770,2,Rs,厚㍑{,0,,,58,58,-
092080780,2,Rs,厚Β,0,,,84,84,-
092080790,2,Rs,厚Β,0,,,104,103,1
092080800,2,Rs,厚s,0,,,1122,456,653
092080810,2,Rs,厚,0,,,58,57,-
092080820,2,Rs,厚΃m,0,,,77,77,-
092080830,2,Rs,厚,0,,,20,20,-
092080840,2,Rs,厚Ԓ,0,,,124,123,1
092080850,2,Rs,厚,0,,,1502,1081,358
092080860,2,Rs,厚Oq,0,,,85,78,7
092080870,2,Rs,厚c,0,,,67,33,33
092080880,2,Rs,厚ђ,0,,,154,152,1
092080890,2,Rs,厚씼c,0,,,389,360,28
092080900,2,Rs,厚H,0,,,2390,1861,381
092080910,2,Rs,厚r,0,,,263,241,22
092080920,2,Rs,厚o,0,,,705,676,6
092080930,2,Rs,厚`,0,,,260,249,-
092080940,2,Rs,厚kѓc,0,,,47,47,-
092080950,2,Rs,厚Rc,0,,,83,82,-
092080960,2,Rs,厚,0,,,221,216,4
092080970,2,Rs,厚,0,,,203,198,3
092080980,2,Rs,}K,0,,,772,367,18
09208098001,3,Rs,}KP,0,,,119,118,1
09208098002,3,Rs,}KQ,0,,,326,194,13
09208098003,3,Rs,}KR,0,,,327,55,4
092080990,2,Rs,厚c,0,,,101,100,-
092081000,2,Rs,厚Vc,0,,,58,57,1
092081010,2,Rs,厚,0,,,232,229,3
092081020,2,Rs,厚,0,,,217,212,1
092081030,2,Rs,厚,0,,,376,374,1
092081040,2,Rs,厚,0,,,119,119,-
092081050,2,Rs,厚,0,,,292,290,2
092081060,2,Rs,厚͌,0,,,77,77,-
092081070,2,Rs,,0,,,3975,1996,1717
09208107001,3,Rs,P,0,,,918,421,419
09208107002,3,Rs,Q,0,,,517,278,216
09208107003,3,Rs,R,0,,,410,99,277
09208107004,3,Rs,S,0,,,553,295,233
09208107005,3,Rs,T,0,,,903,412,406
09208107006,3,Rs,U,0,,,465,341,109
09208107007,3,Rs,V,0,,,209,150,57
092081080,2,Rs,,0,,,2763,1202,1412
09208108001,3,Rs,P,0,,,549,186,343
09208108002,3,Rs,Q,0,,,664,216,379
09208108003,3,Rs,R,0,,,301,164,130
09208108004,3,Rs,S,0,,,529,306,209
09208108005,3,Rs,T,0,,,720,330,351
092081090,2,Rs,ԁXc,0,,,1089,715,359
09208109001,3,Rs,ԁXcP,0,,,223,159,63
09208109002,3,Rs,ԁXcQ,0,,,513,320,184
09208109003,3,Rs,ԁXcR,0,,,353,236,112
092081100,2,Rs,,0,,,2658,1195,1202
09208110001,3,Rs,˂P,0,,,377,122,227
09208110002,3,Rs,˂Q,0,,,272,130,129
09208110003,3,Rs,˂R,0,,,653,297,205
09208110004,3,Rs,˂S,0,,,200,161,34
09208110005,3,Rs,˂T,0,,,374,161,186
09208110006,3,Rs,˂U,0,,,263,92,165
09208110007,3,Rs,˂V,0,,,284,145,118
09208110008,3,Rs,˂W,0,,,235,87,138
092081110,2,Rs,k,0,,,2187,999,1112
09208111001,3,Rs,kP,0,,,258,108,143
09208111002,3,Rs,kQ,0,,,427,140,276
09208111003,3,Rs,kR,0,,,401,174,215
09208111004,3,Rs,kS,0,,,388,237,130
09208111005,3,Rs,kT,0,,,278,128,141
09208111006,3,Rs,kU,0,,,435,212,207
092081120,2,Rs,u,0,,,886,810,69
09208112001,3,Rs,uP,0,,,195,181,12
09208112002,3,Rs,uQ,0,,,308,269,34
09208112003,3,Rs,uR,0,,,383,360,23
092081130,2,Rs,JJ,0,,,-,-,-
09209,1,^s,,0,,,27624,19951,6361
092090010,2,^s,r,0,,,1571,914,633
09209001000,3,^s,r,0,,,253,184,65
09209001002,3,^s,rQ,0,,,319,191,124
09209001003,3,^s,rR,0,,,528,283,237
09209001004,3,^s,rS,0,,,471,256,207
092090020,2,^s,c,0,,,917,510,222
092090030,2,^s,䒬,0,,,1051,655,339
092090040,2,^s,R[h0040̌v,0,,,2082,1137,869
09209004000,3,^s,Fq,0,,,1030,650,345
09209004001,3,^s,FqP,0,,,406,164,231
09209004002,3,^s,FqQ,0,,,241,108,128
09209004003,3,^s,FqR,0,,,405,215,165
092090050,2,^s,J䒬,0,,,852,682,64
092090060,2,^s,,0,,,500,259,93
092090070,2,^s,,0,,,114,77,36
092090080,2,^s,,0,,,472,388,69
092090091,2,^s,TR,0,,,542,288,234
092090092,2,^s,TR,0,,,599,524,68
092090093,2,^s,TRR,0,,,227,109,102
092090100,2,^s,S{Pu,0,,,-,-,-
092090110,2,^s,㍂Ԗ,0,,,1282,656,572
09209011000,3,^s,㍂Ԗ,0,,,-,-,-
09209011001,3,^s,㍂Ԗ؂P,0,,,570,301,265
09209011002,3,^s,㍂Ԗ؂Q,0,,,455,235,175
09209011003,3,^s,㍂Ԗ؂R,0,,,257,120,132
092090120,2,^s,Ԗ,0,,,43,43,-
092090130,2,^s,Ԗ,0,,,413,261,139
09209013000,3,^s,Ԗ,0,,,25,24,1
09209013001,3,^s,Ԗ؂P,0,,,310,182,116
09209013002,3,^s,Ԗ؂Q,0,,,78,55,22
092090140,2,^s,ؒ,0,,,1099,596,434
09209014001,3,^s,ؒP,0,,,54,21,28
09209014002,3,^s,ؒQ,0,,,307,169,131
09209014003,3,^s,ؒR,0,,,460,242,206
09209014004,3,^s,ؒS,0,,,278,164,69
092090150,2,^s,,0,,,1189,737,381
09209015001,3,^s,P,0,,,276,176,88
09209015002,3,^s,Q,0,,,544,352,184
09209015003,3,^s,R,0,,,369,209,109
092090160,2,^s,,0,,,469,400,10
092090170,2,^s,,0,,,195,188,4
092090180,2,^s,ߓc,0,,,113,110,2
092090190,2,^s,c,0,,,408,397,10
092090200,2,^s,{,0,,,219,212,5
092090210,2,^s,J,0,,,12,12,-
092090220,2,^s,N,0,,,35,35,-
092090230,2,^s,썂,1,,0580,97,96,1
092090240,2,^s,cy,0,,,23,22,-
092090250,2,^s,哇,0,,,288,288,-
092090260,2,^s,,0,,,173,173,-
092090270,2,^s,,0,,,82,81,-
092090280,2,^s,,0,,,291,272,18
092090290,2,^s,,0,,,19,10,9
092090300,2,^s,ъL,0,,,269,264,2
092090310,2,^s,,0,,,197,196,-
092090320,2,^s,c,0,,,104,101,-
092090330,2,^s,,0,,,87,84,3
092090340,2,^s,,0,,,194,193,-
092090350,2,^s,ԉH,0,,,60,60,-
092090360,2,^s,ca,0,,,139,135,2
092090370,2,^s,x,0,,,110,110,-
092090380,2,^s,ca,0,,,150,124,24
092090390,2,^s,J,0,,,84,64,20
092090400,2,^s,ĒJ,0,,,475,463,9
092090410,2,^s,,0,,,464,433,28
092090420,2,^s,ᗷ,0,,,97,95,1
092090430,2,^s,,0,,,427,412,13
092090440,2,^s,c,0,,,138,136,1
092090450,2,^s,,0,,,44,38,5
092090460,2,^s,q,0,,,70,61,9
092090470,2,^s,,0,,,192,143,48
092090480,2,^s,,0,,,391,277,100
092090490,2,^s,c,0,,,1159,789,338
092090500,2,^s,,0,,,67,67,-
092090510,2,^s,Z,0,,,75,37,38
092090520,2,^s,R,0,,,-,-,-
092090530,2,^s,,0,,,72,71,1
092090540,2,^s,ɐ,0,,,42,42,-
092090550,2,^s,؉,0,,,575,452,118
092090560,2,^s,J,0,,,27,27,-
092090570,2,^s,,0,,,68,55,8
092090580,2,^s,{,2,0230,,X,X,X
092090590,2,^s,zu,0,,,163,105,57
092090600,2,^s,J{,0,,,99,54,40
092090610,2,^s,JV,0,,,151,64,78
092090620,2,^s,v,0,,,134,78,56
092090630,2,^s,vc,0,,,556,489,41
092090640,2,^s,,0,,,68,67,1
092090650,2,^s,,0,,,57,57,-
092090660,2,^s,,0,,,103,102,-
092090670,2,^s,],0,,,71,69,2
092090680,2,^s,Γ,0,,,425,311,108
092090690,2,^s,卪c,0,,,109,91,1
092090700,2,^s,i,0,,,69,67,2
092090710,2,^s,,0,,,145,142,1
092090720,2,^s,哹,0,,,48,47,-
092090730,2,^s,h,0,,,68,65,1
092090740,2,^s,哇,0,,,39,37,-
092090750,2,^s,]A,0,,,81,81,-
092090760,2,^s,ÎR,0,,,98,94,-
092090770,2,^s,c,0,,,44,44,-
092090780,2,^s,x,0,,,91,91,-
092090790,2,^s,P,0,,,92,88,4
092090800,2,^s,],0,,,87,87,-
092090810,2,^s,JL,0,,,49,48,1
092090820,2,^s,JLVc,0,,,26,26,-
092090830,2,^s,,0,,,370,341,3
092090840,2,^s,c,0,,,90,90,-
092090850,2,^s,ac,0,,,69,67,2
092090860,2,^s,,0,,,83,80,-
092090870,2,^s,,0,,,149,125,14
092090880,2,^s,Km,0,,,51,50,-
092090890,2,^s,c,0,,,386,381,3
092090900,2,^s,,0,,,15,15,-
092090910,2,^s,˕,0,,,22,22,-
092090920,2,^s,OJ,0,,,55,55,-
092090930,2,^s,,0,,,27,27,-
092090940,2,^s,,0,,,-,-,-
092090950,2,^s,vc,0,,,638,390,173
09209095001,3,^s,vcP,0,,,97,87,8
09209095002,3,^s,vcQ,0,,,136,46,34
09209095003,3,^s,vcR,0,,,89,57,30
09209095004,3,^s,vcS,0,,,115,83,32
09209095005,3,^s,vcT,0,,,68,59,7
09209095006,3,^s,vcU,0,,,68,30,29
09209095007,3,^s,vcV,0,,,65,28,33
092090960,2,^s,,0,,,557,282,218
09209096001,3,^s,P,0,,,133,67,65
09209096002,3,^s,Q,0,,,184,122,60
09209096003,3,^s,R,0,,,174,53,68
09209096004,3,^s,S,0,,,66,40,25
092090970,2,^s,P,0,,,281,156,117
092090980,2,^s,Q,0,,,301,169,112
092090990,2,^s,R,0,,,143,117,25
092091000,2,^s,S{PuP,0,,,-,-,-
092091010,2,^s,cP,0,,,360,119,219
09210,1,cs,,0,,,28435,18909,7934
092100010,2,cs,R̎,0,,,361,283,72
09210001001,3,cs,R̎P,0,,,132,95,35
09210001002,3,cs,R̎Q,0,,,229,188,37
092100020,2,cs,R,0,,,588,330,250
09210002001,3,cs,RP,0,,,108,65,40
09210002002,3,cs,RQ,0,,,480,265,210
092100030,2,cs,,0,,,550,231,307
09210003001,3,cs,P,0,,,335,142,186
09210003002,3,cs,Q,0,,,215,89,121
092100040,2,cs,Vx,0,,,616,403,206
09210004001,3,cs,VxP,0,,,156,89,65
09210004002,3,cs,VxQ,0,,,218,140,76
09210004003,3,cs,VxR,0,,,242,174,65
092100050,2,cs,,0,,,503,230,266
09210005001,3,cs,P,0,,,137,110,26
09210005002,3,cs,Q,0,,,366,120,240
092100060,2,cs,Zg,0,,,508,224,271
09210006001,3,cs,ZgP,0,,,319,125,191
09210006002,3,cs,ZgQ,0,,,189,99,80
092100070,2,cs,,0,,,943,487,420
09210007001,3,cs,˂P,0,,,361,122,227
09210007002,3,cs,˂Q,0,,,176,105,64
09210007003,3,cs,˂R,0,,,213,112,88
09210007004,3,cs,˂S,0,,,193,148,41
092100080,2,cs,{,0,,,893,381,472
09210008001,3,cs,{P,0,,,662,238,389
09210008002,3,cs,{Q,0,,,231,143,83
092100090,2,cs,L,0,,,1308,535,748
09210009001,3,cs,LP,0,,,339,142,191
09210009002,3,cs,LQ,0,,,428,172,247
09210009003,3,cs,LR,0,,,541,221,310
092100100,2,cs,,0,,,1955,995,719
09210010001,3,cs,P,0,,,590,282,163
09210010002,3,cs,Q,0,,,638,361,255
09210010003,3,cs,R,0,,,727,352,301
092100110,2,cs,,0,,,1945,1163,710
09210011001,3,cs,󍁂P,0,,,276,185,86
09210011002,3,cs,󍁂Q,0,,,620,431,157
09210011003,3,cs,󍁂R,0,,,833,410,390
09210011004,3,cs,󍁂S,0,,,165,86,77
09210011005,3,cs,󍁂T,0,,,51,51,-
092100120,2,cs,ᏼ,0,,,648,186,436
092100130,2,cs,xm,0,,,1121,472,637
09210013001,3,cs,xmP,0,,,1007,381,615
09210013002,3,cs,xmQ,0,,,114,91,22
092100140,2,cs,ᑐ,0,,,926,351,446
09210014001,3,cs,ᑐP,0,,,584,243,230
09210014002,3,cs,ᑐQ,0,,,342,108,216
092100150,2,cs,,0,,,1012,642,339
092100160,2,cs,c,0,,,1306,763,357
092100170,2,cs,,0,,,56,56,-
092100180,2,cs,r,0,,,51,51,-
092100190,2,cs,,0,,,22,21,-
092100200,2,cs,,0,,,119,109,10
092100210,2,cs,˖,0,,,43,43,-
092100220,2,cs,xr,0,,,159,158,1
092100230,2,cs,s,0,,,271,254,14
092100240,2,cs,,0,,,153,149,3
092100250,2,cs,Hc,0,,,170,166,1
092100260,2,cs,A,0,,,104,101,1
092100270,2,cs,,0,,,365,344,18
092100280,2,cs,k,0,,,685,256,422
092100290,2,cs,,0,,,307,259,36
092100300,2,cs,㉜,0,,,437,154,210
092100310,2,cs,,0,,,137,137,-
092100320,2,cs,,0,,,143,142,-
092100330,2,cs,q,0,,,128,126,1
092100340,2,cs,Ԑ,0,,,9,9,-
092100350,2,cs,kav,0,,,88,77,9
092100360,2,cs,e,0,,,374,333,39
092100370,2,cs,,0,,,556,386,48
092100380,2,cs,,0,,,67,67,-
092100390,2,cs,ꉪ,0,,,65,62,-
092100400,2,cs,ԉ,0,,,139,138,1
092100410,2,cs,Fc,0,,,246,212,32
092100420,2,cs,,0,,,91,88,2
092100430,2,cs,vR,0,,,398,387,-
092100440,2,cs,,0,,,68,68,-
092100450,2,cs,_,0,,,89,88,-
092100460,2,cs,,0,,,202,200,1
092100470,2,cs,Ώ,0,,,314,227,78
092100480,2,cs,Ώ,0,,,489,338,101
092100490,2,cs,t,0,,,1092,949,109
092100500,2,cs,,0,,,38,34,4
092100510,2,cs,,0,,,124,122,1
092100520,2,cs,Dn,0,,,55,54,-
092100530,2,cs,Ï,0,,,323,319,1
092100540,2,cs,Ǔy,0,,,285,283,2
092100550,2,cs,g,0,,,193,183,1
092100560,2,cs,gc,0,,,230,226,1
092100570,2,cs,Vh,0,,,30,30,-
092100580,2,cs,Е{c,0,,,66,66,-
092100590,2,cs,Hc,0,,,235,232,3
092100600,2,cs,Oc,0,,,279,257,4
092100610,2,cs,xV,0,,,109,109,-
092100620,2,cs,k,0,,,206,199,-
092100630,2,cs,,0,,,123,74,2
092100640,2,cs,k,0,,,86,86,-
092100650,2,cs,Гc,0,,,85,85,-
092100660,2,cs,Tv,0,,,80,79,1
092100670,2,cs,q,0,,,17,17,-
092100680,2,cs,H,0,,,554,494,49
092100690,2,cs,哤c,0,,,142,83,3
092100700,2,cs,],0,,,103,95,7
092100710,2,cs,I,0,,,129,125,1
092100720,2,cs,Oؑ,0,,,177,174,-
092100730,2,cs,,0,,,462,283,2
092100740,2,cs,,0,,,145,123,1
092100750,2,cs,͌,0,,,120,100,-
092100760,2,cs,,0,,,65,64,-
092100770,2,cs,h,0,,,36,36,-
092100780,2,cs,؍,0,,,37,37,-
092100790,2,cs,v,0,,,38,38,-
092100800,2,cs,v얔,0,,,51,51,-
092100810,2,cs,,0,,,102,101,-
092100820,2,cs,c,0,,,36,36,-
092100830,2,cs,{,0,,,207,202,2
092100840,2,cs,{,0,,,258,258,-
092100850,2,cs,_⎛,0,,,48,44,-
092100860,2,cs,,0,,,16,16,-
092100870,2,cs,,0,,,55,53,1
092100880,2,cs,,0,,,270,210,55
09210088001,3,cs,P,0,,,95,81,13
09210088002,3,cs,Q,0,,,175,129,42
09211,1,s,,0,,,12077,9206,1942
092110010,2,s,,0,,,840,640,191
09211001001,3,s,P,0,,,279,233,39
09211001002,3,s,Q,0,,,561,407,152
092110020,2,s,㒬,0,,,412,340,60
092110030,2,s,{,0,,,300,203,90
092110040,2,s,,0,,,405,288,108
092110050,2,s,L,0,,,530,339,158
092110060,2,s,,0,,,809,548,228
092110070,2,s,쒬,0,,,78,2,-
092110080,2,s,,0,,,10,10,-
092110090,2,s,xc,0,,,342,201,131
092110100,2,s,ؔ,0,,,1137,705,273
092110110,2,s,蔽,0,,,107,81,26
092110120,2,s,,0,,,54,51,2
092110130,2,s,كm,0,,,133,128,3
092110140,2,s,,0,,,49,49,-
092110150,2,s,q|,0,,,57,57,-
092110160,2,s,Ж,0,,,60,59,-
092110170,2,s,c,0,,,144,138,2
092110180,2,s,K,0,,,159,153,5
092110190,2,s,c,0,,,58,53,2
092110200,2,s,r,0,,,545,398,68
092110210,2,s,j,0,,,271,232,37
092110220,2,s,y,0,,,125,112,10
092110230,2,s,,0,,,1138,664,319
092110240,2,s,,0,,,98,96,-
092110250,2,s,c,0,,,324,299,15
092110260,2,s,Lc,0,,,107,107,-
092110270,2,s,,0,,,163,149,14
092110280,2,s,㑾c,0,,,148,89,-
092110290,2,s,,0,,,128,116,11
092110300,2,s,,0,,,211,203,5
092110310,2,s,,0,,,47,47,-
092110320,2,s,,0,,,139,138,1
092110330,2,s,ɍ,0,,,96,91,2
092110340,2,s,ɍ,0,,,128,124,1
092110350,2,s,c쌴,0,,,35,34,-
092110360,2,s,Rc,0,,,97,95,2
092110370,2,s,Љ,0,,,912,713,125
092110380,2,s,,0,,,217,215,-
092110390,2,s,z,0,,,180,160,16
092110400,2,s,,0,,,564,531,18
092110410,2,s,,0,,,197,191,2
092110420,2,s,Ί,0,,,348,186,13
092110430,2,s,ʓc,0,,,152,149,3
092110440,2,s,Rc,0,,,23,22,1
092110450,2,s,Ԃ,0,,,-,-,-
09213,1,ߐ{s,,0,,,44810,30816,11561
092130010,2,ߐ{s,{,0,,,114,51,60
092130020,2,ߐ{s,V,0,,,130,82,45
092130030,2,ߐ{s,{,0,,,161,72,85
092130040,2,ߐ{s,{,0,,,108,74,31
092130050,2,ߐ{s,K,0,,,114,74,36
092130060,2,ߐ{s,ђ,0,,,260,147,62
092130070,2,ߐ{s,,0,,,142,46,93
092130080,2,ߐ{s,Zg,0,,,223,188,33
092130090,2,ߐ{s,L,0,,,144,129,11
092130100,2,ߐ{s,,0,,,106,85,19
092130110,2,ߐ{s,,0,,,133,94,21
092130120,2,ߐ{s,퐶,0,,,219,164,50
092130130,2,ߐ{s,{,0,,,128,74,51
092130140,2,ߐ{s,,0,,,42,32,9
092130150,2,ߐ{s,ޖؒ,0,,,146,110,30
092130160,2,ߐ{s,单,0,,,113,38,63
092130170,2,ߐ{s,t,0,,,211,97,114
092130180,2,ߐ{s,a,0,,,32,25,5
092130190,2,ߐ{s,h,0,,,447,180,260
09213019001,3,ߐ{s,hP,0,,,161,25,131
09213019002,3,ߐ{s,hQ,0,,,286,155,129
092130201,2,ߐ{s,,0,,,144,92,51
092130202,2,ߐ{s,,0,,,109,92,17
092130203,2,ߐ{s,kh,0,,,173,96,75
092130204,2,ߐ{s,,0,,,721,401,154
092130211,2,ߐ{s,LY쒬,0,,,423,233,186
092130212,2,ߐ{s,t,0,,,106,92,13
092130213,2,ߐ{s,LYk,0,,,140,61,73
092130214,2,ߐ{s,LY,0,,,697,458,83
092130220,2,ߐ{s,厚,0,,,261,170,90
092130230,2,ߐ{s,,0,,,547,356,153
092130240,2,ߐ{s,,0,,,1660,1123,504
092130250,2,ߐ{s,,0,,,2145,1410,353
092130260,2,ߐ{s,,0,,,43,41,2
092130270,2,ߐ{s,,0,,,41,34,7
092130281,2,ߐ{s,,0,,,172,141,30
092130282,2,ߐ{s,,0,,,1020,798,154
092130290,2,ߐ{s,n,0,,,14,14,-
092130300,2,ߐ{s,zx,0,,,124,123,-
092130310,2,ߐ{s,q,0,,,251,244,4
092130320,2,ߐ{s,|,0,,,1926,1484,371
092130330,2,ߐ{s,,0,,,104,100,2
092130340,2,ߐ{s,匴,0,,,457,311,126
092130350,2,ߐ{s,,0,,,477,232,233
092130360,2,ߐ{s,RVc,0,,,34,34,-
092130370,2,ߐ{s,ːVc,0,,,24,19,4
092130380,2,ߐ{s,,0,,,220,177,41
092130390,2,ߐ{s,O{,0,,,80,78,2
092130400,2,ߐ{s,ؑ\,0,,,19,19,-
092130410,2,ߐ{s,ca,0,,,147,116,29
092130420,2,ߐ{s,,0,,,109,106,-
092130430,2,ߐ{s,,0,,,507,354,122
092130440,2,ߐ{s,㒆,0,,,73,70,2
092130450,2,ߐ{s,,0,,,81,76,-
092130460,2,ߐ{s,kac,0,,,92,91,1
092130470,2,ߐ{s,g,0,,,55,38,17
092130480,2,ߐ{s,,0,,,20,20,-
092130490,2,ߐ{s,,0,,,67,48,17
092130500,2,ߐ{s,I,0,,,62,59,2
092130510,2,ߐ{s,㋽,0,,,43,40,3
092130520,2,ߐ{s,,0,,,41,40,-
092130530,2,ߐ{s,,0,,,70,69,-
092130540,2,ߐ{s,kZ,0,,,383,354,27
092130550,2,ߐ{s,OZ,0,,,83,53,28
092130560,2,ߐ{s,厚B|,0,,,275,217,53
092130570,2,ߐ{s,Vc,0,,,55,50,4
092130580,2,ߐ{s,,0,,,272,268,1
092130590,2,ߐ{s,,0,,,70,68,1
092130600,2,ߐ{s,,0,,,30,29,1
092130610,2,ߐ{s,,0,,,44,40,3
092130620,2,ߐ{s,ؖȔ,0,,,104,97,-
092130630,2,ߐ{s,{,0,,,40,40,-
092130640,2,ߐ{s,,0,,,76,73,3
092130650,2,ߐ{s,S,0,,,191,187,3
092130660,2,ߐ{s,,0,,,14,14,-
092130670,2,ߐ{s,TR,0,,,5,5,-
092130680,2,ߐ{s,ג|,0,,,21,19,1
092130690,2,ߐ{s,,0,,,71,70,-
092130700,2,ߐ{s,,0,,,58,49,-
092130710,2,ߐ{s,˓c,0,,,291,282,5
092130720,2,ߐ{s,,0,,,651,614,32
092130730,2,ߐ{s,LY,0,,,216,119,67
092130740,2,ߐ{s,LY,0,,,134,73,56
092130750,2,ߐ{s,LY,0,,,139,79,56
092130760,2,ߐ{s,L,0,,,211,97,106
092130770,2,ߐ{s,Z,0,,,198,160,33
092130780,2,ߐ{s,VΒ,0,,,320,185,125
092130790,2,ߐ{s,Y,0,,,242,200,14
092130800,2,ߐ{s,g,0,,,253,179,70
092130810,2,ߐ{s,V,0,,,159,127,31
092130820,2,ߐ{s,V,0,,,274,213,58
092130830,2,ߐ{s,LZ,0,,,97,35,26
092130840,2,ߐ{s,ؒ,0,,,127,120,7
092130850,2,ߐ{s,ᑐ,0,,,526,382,137
092130860,2,ߐ{s,匴Ԑ,0,,,202,58,104
09213086001,3,ߐ{s,匴ԐP,0,,,116,34,46
09213086002,3,ߐ{s,匴ԐQ,0,,,86,24,58
092130870,2,ߐ{s,,0,,,349,202,94
09213087001,3,ߐ{s,P,0,,,99,56,39
09213087002,3,ߐ{s,Q,0,,,114,19,46
09213087003,3,ߐ{s,R,0,,,136,127,9
092130880,2,ߐ{s,OZ쒬,0,,,58,34,20
092130890,2,ߐ{s,B|,0,,,286,114,153
09213089001,3,ߐ{s,B|P,0,,,80,36,40
09213089002,3,ߐ{s,B|Q,0,,,137,56,71
09213089003,3,ߐ{s,B|R,0,,,69,22,42
092130900,2,ߐ{s,ic,0,,,115,100,11
092130910,2,ߐ{s,,0,,,192,102,82
092130920,2,ߐ{s,,0,,,51,40,11
092130930,2,ߐ{s,a,0,,,286,182,93
092130940,2,ߐ{s,,0,,,204,80,108
092130950,2,ߐ{s,܌,0,,,269,107,147
092130960,2,ߐ{s,h,0,,,185,151,31
092130970,2,ߐ{s,,0,,,160,81,68
092130980,2,ߐ{s,,0,,,474,302,145
092130990,2,ߐ{s,쒬,0,,,356,159,167
092131000,2,ߐ{s,K,0,,,197,129,66
092131010,2,ߐ{s,ic,0,,,1748,1055,562
09213101001,3,ߐ{s,icP,0,,,196,61,121
09213101002,3,ߐ{s,icQ,0,,,171,96,65
09213101003,3,ߐ{s,icR,0,,,273,166,98
09213101004,3,ߐ{s,icS,0,,,127,95,29
09213101005,3,ߐ{s,icT,0,,,310,137,118
09213101006,3,ߐ{s,icU,0,,,244,202,31
09213101007,3,ߐ{s,icV,0,,,316,265,45
09213101008,3,ߐ{s,icW,0,,,111,33,55
092131020,2,ߐ{s,,0,,,469,366,95
09213102001,3,ߐ{s,΂P,0,,,293,228,60
09213102002,3,ߐ{s,΂Q,0,,,176,138,35
092131030,2,ߐ{s,,0,,,494,359,134
092131040,2,ߐ{s,k,0,,,173,114,55
092131050,2,ߐ{s,撬,0,,,1216,880,312
092131060,2,ߐ{s,撬,0,,,981,775,190
092131070,2,ߐ{s,O撬,0,,,890,732,146
092131080,2,ߐ{s,l撬,0,,,443,397,38
092131090,2,ߐ{s,{,0,,,20,-,-
092131100,2,ߐ{s,ԓc,0,,,158,146,11
092131110,2,ߐ{s,kԓc,0,,,171,160,8
092131120,2,ߐ{s,ԓc,0,,,244,209,32
092131130,2,ߐ{s,ԓc,0,,,202,153,47
092131140,2,ߐ{s,ԓc,0,,,144,124,17
092131150,2,ߐ{s,O,0,,,599,383,201
09213115001,3,ߐ{s,OP,0,,,113,87,23
09213115002,3,ߐ{s,OQ,0,,,187,109,71
09213115003,3,ߐ{s,OR,0,,,118,70,47
09213115004,3,ߐ{s,OS,0,,,94,38,52
09213115005,3,ߐ{s,OT,0,,,87,79,8
092131160,2,ߐ{s,O,0,,,1506,740,604
09213116001,3,ߐ{s,OP,0,,,97,77,18
09213116002,3,ߐ{s,OQ,0,,,245,83,104
09213116003,3,ߐ{s,OR,0,,,292,99,165
09213116004,3,ߐ{s,OS,0,,,229,138,90
09213116005,3,ߐ{s,OT,0,,,372,158,192
09213116006,3,ߐ{s,OU,0,,,271,185,35
092131170,2,ߐ{s,O,0,,,1525,797,673
09213117001,3,ߐ{s,OP,0,,,296,170,118
09213117002,3,ߐ{s,OQ,0,,,253,109,124
09213117003,3,ߐ{s,OR,0,,,223,140,73
09213117004,3,ߐ{s,OS,0,,,188,62,121
09213117005,3,ߐ{s,OT,0,,,207,103,97
09213117006,3,ߐ{s,OU,0,,,230,142,86
09213117007,3,ߐ{s,OV,0,,,128,71,54
092131180,2,ߐ{s,v,0,,,1108,669,409
09213118001,3,ߐ{s,v˂P,0,,,271,125,132
09213118002,3,ߐ{s,v˂Q,0,,,315,145,161
09213118003,3,ߐ{s,v˂R,0,,,145,111,34
09213118004,3,ߐ{s,v˂S,0,,,155,126,28
09213118005,3,ߐ{s,v˂T,0,,,161,117,41
09213118006,3,ߐ{s,v˂U,0,,,61,45,13
092131190,2,ߐ{s,싽,0,,,830,404,371
09213119001,3,ߐ{s,싽P,0,,,229,79,128
09213119002,3,ߐ{s,싽Q,0,,,209,101,99
09213119003,3,ߐ{s,싽R,0,,,82,53,21
09213119004,3,ߐ{s,싽S,0,,,260,128,117
09213119005,3,ߐ{s,싽T,0,,,50,43,6
092131200,2,ߐ{s,r,0,,,176,82,88
092131210,2,ߐ{s,V,0,,,672,365,257
092131220,2,ߐ{s,,0,,,294,248,41
092131230,2,ߐ{s,xR,0,,,288,185,95
092131240,2,ߐ{s,,0,,,1055,617,418
092131250,2,ߐ{s,x,0,,,48,27,20
092131260,2,ߐ{s,x,0,,,41,40,-
092131270,2,ߐ{s,֍,0,,,35,34,1
092131280,2,ߐ{s,֍,0,,,32,31,-
092131290,2,ߐ{s,Α,0,,,222,186,31
092131300,2,ߐ{s,Η,0,,,830,619,196
092131310,2,ߐ{s,{,0,,,27,27,-
092131320,2,ߐ{s,㉖,0,,,89,86,2
092131330,2,ߐ{s,,0,,,138,129,6
092131340,2,ߐ{s,,0,,,658,392,128
092131350,2,ߐ{s,֒J,0,,,654,560,64
092131360,2,ߐ{s,c,0,,,172,132,38
092131370,2,ߐ{s,,0,,,145,143,1
092131380,2,ߐ{s,Fs,0,,,139,134,4
092131390,2,ߐ{s,,0,,,78,78,-
092131400,2,ߐ{s,,0,,,141,140,-
092131410,2,ߐ{s,,0,,,47,47,-
092131420,2,ߐ{s,x,0,,,35,34,-
092131430,2,ߐ{s,寏,0,,,30,29,-
092131440,2,ߐ{s,܌,0,,,41,41,-
092131450,2,ߐ{s,㉡,0,,,94,94,-
092131460,2,ߐ{s,,0,,,87,75,12
092131470,2,ߐ{s,ڍ,0,,,135,117,7
09214,1,s,,0,,,15175,11083,2951
092140011,2,s,,0,,,4421,3292,1036
092140012,2,s,K̗,0,,,629,174,428
09214001201,3,s,K̗P,0,,,194,55,127
09214001202,3,s,K̗Q,0,,,143,17,121
09214001203,3,s,K̗R,0,,,170,49,114
09214001204,3,s,K̗S,0,,,56,12,44
09214001205,3,s,K̗T,0,,,66,41,22
092140020,2,s,,0,,,813,650,153
092140030,2,s,咆,0,,,59,44,12
092140040,2,s,㈢v,0,,,913,607,246
092140050,2,s,,0,,,1185,576,243
092140060,2,s,,0,,,216,202,-
092140070,2,s,{,0,,,368,219,81
092140080,2,s,v,0,,,131,130,-
092140091,2,s,n,0,,,1053,732,231
092140092,2,s,k,0,,,197,97,97
09214009201,3,s,kP,0,,,66,39,25
09214009202,3,s,kQ,0,,,131,58,72
092140100,2,s,x쉪,0,,,95,91,3
092140110,2,s,͌,0,,,136,94,40
092140120,2,s,,0,,,50,50,-
092140130,2,s,XVc,0,,,122,120,-
092140140,2,s,RVc,0,,,73,73,-
092140150,2,s,R,0,,,116,110,5
092140160,2,s,ԓc,0,,,575,490,68
092140170,2,s,bP,0,,,29,28,-
092140180,2,s,,0,,,180,137,40
092140190,2,s,`ؑ,0,,,202,200,1
092140200,2,s,ƐVc,0,,,77,75,2
092140210,2,s,,0,,,245,221,21
092140221,2,s,tBI[A,0,,,371,336,32
09214022101,3,s,tBI[AP,0,,,31,31,-
09214022102,3,s,tBI[AQ,0,,,50,49,1
09214022103,3,s,tBI[AR,0,,,119,118,-
09214022104,3,s,tBI[AS,0,,,93,91,1
09214022105,3,s,tBI[AT,0,,,78,47,30
092140222,2,s,A,0,,,1508,950,197
09214022201,3,s,A,0,,,313,222,37
09214022202,3,s,A,0,,,392,250,78
09214022203,3,s,A,0,,,726,402,81
09214022204,3,s,A,0,,,77,76,1
092140231,2,s,u,0,,,102,101,-
09214023101,3,s,uP,0,,,76,75,-
09214023102,3,s,uQ,0,,,-,-,-
09214023103,3,s,uR,0,,,26,26,-
092140232,2,s,hh,0,,,258,251,5
092140240,2,s,,0,,,58,57,1
092140250,2,s,,0,,,145,141,2
092140260,2,s,͌,0,,,130,130,-
092140270,2,s,͌,0,,,183,174,7
09214027001,3,s,͌,0,,,95,87,7
09214027002,3,s,͌,0,,,88,87,-
092140280,2,s,ac,0,,,57,57,-
092140290,2,s,},0,,,125,124,-
092140300,2,s,q,0,,,177,176,-
092140310,2,s,,0,,,176,174,-
09215,1,ߐ{GRs,,0,,,9219,8143,776
092150010,2,ߐ{GRs,,0,,,503,429,69
09215001001,3,ߐ{GRs,P,0,,,213,192,20
09215001002,3,ߐ{GRs,Q,0,,,159,137,22
09215001003,3,ߐ{GRs,R,0,,,131,100,27
092150020,2,ߐ{GRs,,0,,,323,244,71
09215002001,3,ߐ{GRs,P,0,,,149,128,17
09215002002,3,ߐ{GRs,Q,0,,,174,116,54
092150030,2,ߐ{GRs,,0,,,359,310,43
09215003001,3,ߐ{GRs,P,0,,,238,207,28
09215003002,3,ߐ{GRs,Q,0,,,121,103,15
092150040,2,ߐ{GRs,,0,,,199,149,44
092150050,2,ߐ{GRs,,0,,,406,316,73
09215005001,3,ߐ{GRs,P,0,,,216,176,30
09215005002,3,ߐ{GRs,Q,0,,,190,140,43
092150060,2,ߐ{GRs,铌,0,,,150,64,31
092150070,2,ߐ{GRs,R,0,,,-,-,-
092150080,2,ߐ{GRs,,0,,,13,13,-
092150090,2,ߐ{GRs,\,0,,,6,6,-
092150100,2,ߐ{GRs,_,0,,,323,230,47
092150110,2,ߐ{GRs,,0,,,45,37,7
092150120,2,ߐ{GRs,,0,,,711,588,97
092150130,2,ߐ{GRs,c,0,,,199,196,1
092150140,2,ߐ{GRs,,0,,,43,43,-
092150150,2,ߐ{GRs,{,0,,,114,100,14
092150160,2,ߐ{GRs,㋫,0,,,314,286,25
092150170,2,ߐ{GRs,,0,,,201,199,1
092150180,2,ߐ{GRs,,0,,,40,39,1
092150190,2,ߐ{GRs,ؐ{,0,,,116,112,2
092150200,2,ߐ{GRs,,0,,,39,37,1
092150210,2,ߐ{GRs,ؐ{,0,,,106,106,-
092150220,2,ߐ{GRs,,0,,,72,71,-
092150230,2,ߐ{GRs,,0,,,357,346,10
092150240,2,ߐ{GRs,c,0,,,281,214,47
092150250,2,ߐ{GRs,R,0,,,133,129,-
092150260,2,ߐ{GRs,J,0,,,236,215,19
092150270,2,ߐ{GRs,剱,0,,,279,247,24
092150280,2,ߐ{GRs,v,0,,,34,32,1
092150290,2,ߐ{GRs,cq,0,,,215,171,30
092150300,2,ߐ{GRs,q,0,,,10,9,1
092150310,2,ߐ{GRs,q,0,,,268,242,14
092150320,2,ߐ{GRs,F,0,,,31,31,-
092150330,2,ߐ{GRs,,0,,,241,196,33
092150340,2,ߐ{GRs,,0,,,87,76,9
092150350,2,ߐ{GRs,͌,0,,,19,18,-
092150360,2,ߐ{GRs,,0,,,78,76,1
092150370,2,ߐ{GRs,嗢,0,,,85,82,1
092150380,2,ߐ{GRs,,0,,,57,57,-
092150390,2,ߐ{GRs,Xc,0,,,100,100,-
092150400,2,ߐ{GRs,ȓc,0,,,38,38,-
092150410,2,ߐ{GRs,Ȕ,0,,,161,159,1
092150420,2,ߐ{GRs,P,0,,,133,131,1
092150430,2,ߐ{GRs,,0,,,98,95,3
092150440,2,ߐ{GRs,R,0,,,265,254,8
092150450,2,ߐ{GRs,,0,,,61,60,-
092150460,2,ߐ{GRs,Fc,0,,,209,206,2
092150470,2,ߐ{GRs,,0,,,184,179,4
092150480,2,ߐ{GRs,av,0,,,257,206,32
092150490,2,ߐ{GRs,c,0,,,182,178,1
092150500,2,ߐ{GRs,O,0,,,297,293,1
092150510,2,ߐ{GRs,,0,,,83,80,1
092150520,2,ߐ{GRs,,0,,,163,159,2
092150530,2,ߐ{GRs,u,0,,,295,289,3
09216,1,s,,0,,,21050,15113,4936
092160011,2,s,t,0,,,1098,696,33
092160012,2,s,_,0,,,1931,1137,543
09216001201,3,s,_P,0,,,259,136,120
09216001202,3,s,_Q,0,,,583,453,117
09216001203,3,s,_R,0,,,491,188,92
09216001204,3,s,_S,0,,,201,100,93
09216001205,3,s,_T,0,,,397,260,121
092160013,2,s,,0,,,1902,1347,493
09216001301,3,s,΂P,0,,,144,61,53
09216001302,3,s,΂Q,0,,,372,223,139
09216001303,3,s,΂R,0,,,255,225,27
09216001304,3,s,΂S,0,,,333,258,72
09216001305,3,s,΂T,0,,,415,296,108
09216001306,3,s,΂U,0,,,383,284,94
092160020,2,s,c,0,,,45,45,-
092160030,2,s,c,0,,,59,59,-
092160040,2,s,Jn,0,,,93,93,-
092160050,2,s,,0,,,30,30,-
092160060,2,s,c,0,,,63,57,6
092160070,2,s,mǐ,0,,,735,618,115
092160080,2,s,{gc,0,,,160,159,1
092160090,2,s,,0,,,121,119,2
092160100,2,s,؎R,0,,,191,188,2
092160110,2,s,؎R,0,,,50,50,-
092160120,2,s,,0,,,46,46,-
092160130,2,s,镔,0,,,79,78,1
092160140,2,s,쓇쓇,0,,,41,41,-
092160150,2,s,gc,0,,,43,43,-
092160160,2,s,OR,0,,,159,153,-
092160171,2,s,叼R,0,,,77,49,26
092160172,2,s,΋,0,,,2192,1618,535
092160180,2,s,,0,,,467,363,99
092160190,2,s,,0,,,82,79,2
092160200,2,s,O,0,,,28,28,-
092160210,2,s,,0,,,72,71,1
092160220,2,s,΋,0,,,428,303,106
092160230,2,s,ÎR,0,,,534,463,64
092160240,2,s,ÎR,0,,,1306,892,356
092160250,2,s,c,0,,,147,144,3
092160260,2,s,,0,,,80,80,-
092160270,2,s,גJ,0,,,59,58,-
092160280,2,s,{,0,,,93,92,1
092160290,2,s,,0,,,375,244,89
09216029001,3,s,P,0,,,187,118,39
09216029002,3,s,Q,0,,,188,126,50
092160300,2,s,Ԃ̖,0,,,277,189,80
09216030001,3,s,Ԃ̖؂P,0,,,96,61,34
09216030002,3,s,Ԃ̖؂Q,0,,,59,30,26
09216030003,3,s,Ԃ̖؂R,0,,,122,98,20
092160311,2,s,,0,,,1524,992,510
09216031101,3,s,P,0,,,413,235,174
09216031102,3,s,Q,0,,,203,170,30
09216031103,3,s,R,0,,,213,134,78
09216031104,3,s,S,0,,,222,123,92
09216031105,3,s,T,0,,,266,198,66
09216031106,3,s,U,0,,,207,132,70
092160312,2,s,,0,,,943,738,196
092160320,2,s,,0,,,180,162,17
092160330,2,s,,0,,,87,86,1
092160340,2,s,쒆q,1,,0390,828,630,185
092160350,2,s,,0,,,225,224,-
092160361,2,s,GPX,0,,,299,228,66
09216036101,3,s,GPXP,0,,,224,171,49
09216036102,3,s,GPXQ,0,,,75,57,17
092160362,2,s,,0,,,764,675,83
092160370,2,s,w,0,,,1375,591,738
09216037001,3,s,wP,0,,,283,104,161
09216037002,3,s,wQ,0,,,104,48,55
09216037003,3,s,wR,0,,,216,48,164
09216037004,3,s,wS,0,,,234,128,105
09216037005,3,s,wT,0,,,263,86,157
09216037006,3,s,wU,0,,,148,89,59
09216037007,3,s,wV,0,,,127,88,37
092160380,2,s,O,0,,,610,357,246
09216038001,3,s,OP,0,,,181,111,68
09216038002,3,s,OQ,0,,,73,33,40
09216038003,3,s,OR,0,,,124,88,36
09216038004,3,s,OS,0,,,232,125,102
092160390,2,s,씼c,2,0340,,X,X,X
092160400,2,s,,0,,,364,189,170
092160410,2,s,,0,,,208,173,30
092160420,2,s,,0,,,204,133,69
092160430,2,s,ÎR,0,,,117,84,29
092160440,2,s,ÎR,0,,,129,118,10
092160450,2,s,ÎR,0,,,130,101,28
09301,1,͓SO쒬,,0,,,10158,8012,1610
093010010,2,͓SO쒬,厚O,0,,,1898,1375,372
093010020,2,͓SO쒬,厚㊗,0,,,1200,765,283
093010030,2,͓SO쒬,厚,0,,,87,86,-
093010040,2,͓SO쒬,厚ܕ,0,,,86,84,2
093010050,2,͓SO쒬,厚O,0,,,111,84,3
093010060,2,͓SO쒬,厚,0,,,143,128,14
093010070,2,͓SO쒬,厚O{,0,,,38,37,-
093010080,2,͓SO쒬,厚㋽,0,,,402,396,1
093010090,2,͓SO쒬,厚,0,,,123,121,1
093010100,2,͓SO쒬,厚,0,,,170,169,1
093010110,2,͓SO쒬,厚,0,,,125,119,5
093010120,2,͓SO쒬,厚㕶p,0,,,41,41,-
093010130,2,͓SO쒬,厚ؑ,0,,,44,44,-
093010140,2,͓SO쒬,厚,0,,,1289,1262,12
093010150,2,͓SO쒬,厚鉪,0,,,79,77,-
093010160,2,͓SO쒬,厚R,0,,,193,191,2
093010171,2,͓SO쒬,V_,0,,,365,132,122
093010172,2,͓SO쒬,厚,0,,,765,619,124
093010180,2,͓SO쒬,厚,0,,,119,119,-
093010190,2,͓SO쒬,厚쒆q,0,,,137,137,-
093010200,2,͓SO쒬,厚_,0,,,110,109,1
093010210,2,͓SO쒬,厚_,0,,,48,48,-
093010220,2,͓SO쒬,厚Γc,0,,,270,263,4
093010230,2,͓SO쒬,厚⓰,0,,,63,61,1
093010250,2,͓SO쒬,厚䂤u,0,,,693,686,3
093010260,2,͓SO쒬,炳,0,,,1559,859,659
09301026001,3,͓SO쒬,炳P,0,,,465,194,262
09301026002,3,͓SO쒬,炳Q,0,,,375,253,110
09301026003,3,͓SO쒬,炳R,0,,,719,412,287
09342,1,FSvq,,0,,,7733,6734,803
093420010,2,FSvq,厚vq,0,,,1717,1414,273
093420020,2,FSvq,厚c,0,,,177,168,9
093420030,2,FSvq,厚,0,,,1872,1622,158
093420040,2,FSvq,厚H,0,,,298,293,3
093420050,2,FSvq,厚H,0,,,116,113,3
093420060,2,FSvq,厚,0,,,243,219,22
093420070,2,FSvq,厚R,0,,,209,186,21
093420080,2,FSvq,厚O,0,,,277,255,21
093420090,2,FSvq,厚R{,0,,,261,255,2
093420100,2,FSvq,厚勽,0,,,26,24,1
093420110,2,FSvq,厚,0,,,101,100,1
093420120,2,FSvq,厚~P,0,,,12,11,1
093420130,2,FSvq,厚{,0,,,41,41,-
093420140,2,FSvq,厚c,0,,,279,216,23
093420160,2,FSvq,厚,0,,,878,750,120
093420170,2,FSvq,厚,0,,,609,528,73
093420180,2,FSvq,厚k,0,,,128,127,1
093420190,2,FSvq,厚,0,,,128,125,3
093420200,2,FSvq,厚,0,,,147,142,4
093420210,2,FSvq,厚啽,0,,,60,57,1
093420220,2,FSvq,,0,,,46,42,2
093420230,2,FSvq,䒆,0,,,108,46,61
09343,1,FSΖؒ,,0,,,4554,4189,215
093430010,2,FSΖؒ,厚Ζ,0,,,931,749,116
09343001001,3,FSΖؒ,厚Ζ,0,,,34,27,6
09343001002,3,FSΖؒ,厚Ζ,0,,,26,22,4
09343001003,3,FSΖؒ,厚Ζ,0,,,45,15,-
09343001004,3,FSΖؒ,厚Ζ,0,,,31,22,5
09343001005,3,FSΖؒ,厚Ζ,0,,,46,28,17
09343001006,3,FSΖؒ,厚Ζ,0,,,52,39,12
09343001007,3,FSΖؒ,厚Ζ,0,,,63,49,7
09343001008,3,FSΖؒ,厚Ζ,0,,,34,29,3
09343001009,3,FSΖؒ,厚Ζ,0,,,67,56,11
09343001010,3,FSΖؒ,厚Ζ,0,,,30,28,1
09343001011,3,FSΖؒ,厚Ζ,0,,,18,17,1
09343001012,3,FSΖؒ,厚Ζ,0,,,17,16,1
09343001013,3,FSΖؒ,厚Ζ,0,,,70,52,6
09343001014,3,FSΖؒ,厚Ζ,0,,,36,36,-
09343001015,3,FSΖؒ,厚Ζ,0,,,24,23,1
09343001016,3,FSΖؒ,厚Ζ,0,,,62,55,6
09343001017,3,FSΖؒ,厚Ζ,0,,,9,6,3
09343001018,3,FSΖؒ,厚Ζ,0,,,21,18,3
09343001019,3,FSΖؒ,厚Ζ,0,,,62,52,7
09343001020,3,FSΖؒ,厚Ζ,1,,001022,70,65,4
09343001021,3,FSΖؒ,厚Ζ,0,,,43,34,7
09343001022,3,FSΖؒ,厚Ζ,2,001020,,X,X,X
09343001023,3,FSΖؒ,厚Ζ,0,,,61,59,2
09343001024,3,FSΖؒ,厚Ζ,0,,,10,1,9
093430020,2,FSΖؒ,厚_,0,,,66,65,1
09343002021,3,FSΖؒ,厚_,0,,,35,35,-
09343002022,3,FSΖؒ,厚_,0,,,31,30,1
093430030,2,FSΖؒ,厚c,0,,,114,114,-
09343003023,3,FSΖؒ,厚c,0,,,52,52,-
09343003024,3,FSΖؒ,厚c,0,,,62,62,-
093430040,2,FSΖؒ,厚~,0,,,25,25,-
093430050,2,FSΖؒ,厚wR,0,,,32,32,-
093430060,2,FSΖؒ,厚,0,,,60,58,2
093430070,2,FSΖؒ,厚O,0,,,45,44,1
093430080,2,FSΖؒ,厚,0,,,150,110,24
09343008018,3,FSΖؒ,厚,0,,,29,22,2
09343008029,3,FSΖؒ,厚,0,,,121,88,22
093430090,2,FSΖؒ,厚,0,,,266,253,12
09343009004,3,FSΖؒ,厚,2,009031,,X,X,X
09343009009,3,FSΖؒ,厚,2,009017,,X,X,X
09343009017,3,FSΖؒ,厚,1,,009009,30,25,5
09343009018,3,FSΖؒ,厚,0,,,37,35,1
09343009030,3,FSΖؒ,厚,0,,,67,67,-
09343009031,3,FSΖؒ,厚,1,,009004,64,62,2
09343009032,3,FSΖؒ,厚,0,,,24,24,-
09343009033,3,FSΖؒ,厚,0,,,35,35,-
09343009034,3,FSΖؒ,厚,0,,,9,5,4
093430100,2,FSΖؒ,厚c,0,,,57,49,7
093430110,2,FSΖؒ,厚㋽,0,,,32,30,2
093430120,2,FSΖؒ,厚n,0,,,134,120,4
09343012036,3,FSΖؒ,厚n,0,,,59,49,1
09343012037,3,FSΖؒ,厚n,0,,,59,55,3
09343012039,3,FSΖؒ,厚n,0,,,16,16,-
093430130,2,FSΖؒ,厚,0,,,54,53,1
09343013040,3,FSΖؒ,厚,0,,,24,24,-
09343013041,3,FSΖؒ,厚,0,,,30,29,1
093430140,2,FSΖؒ,厚,0,,,277,237,6
09343014007,3,FSΖؒ,厚,0,,,6,6,-
09343014009,3,FSΖؒ,厚,0,,,7,5,2
09343014042,3,FSΖؒ,厚,0,,,20,20,-
09343014043,3,FSΖؒ,厚,0,,,29,28,-
09343014044,3,FSΖؒ,厚,0,,,26,25,1
09343014045,3,FSΖؒ,厚,0,,,90,87,2
09343014046,3,FSΖؒ,厚,0,,,30,30,-
09343014047,3,FSΖؒ,厚,0,,,69,36,1
093430150,2,FSΖؒ,厚,0,,,174,172,2
09343015001,3,FSΖؒ,厚,0,,,15,15,-
09343015002,3,FSΖؒ,厚,0,,,43,43,-
09343015003,3,FSΖؒ,厚,0,,,51,50,1
09343015004,3,FSΖؒ,厚,0,,,65,64,1
093430160,2,FSΖؒ,厚[,0,,,166,160,3
09343016005,3,FSΖؒ,厚[,0,,,36,33,1
09343016006,3,FSΖؒ,厚[,0,,,33,33,-
09343016007,3,FSΖؒ,厚[,0,,,47,44,2
09343016008,3,FSΖؒ,厚[,0,,,50,50,-
093430170,2,FSΖؒ,厚,0,,,227,220,4
09343017009,3,FSΖؒ,厚,0,,,60,56,2
09343017010,3,FSΖؒ,厚,0,,,82,81,1
09343017011,3,FSΖؒ,厚,0,,,70,68,1
09343017012,3,FSΖؒ,厚,0,,,15,15,-
093430180,2,FSΖؒ,厚R,0,,,72,72,-
093430190,2,FSΖؒ,厚ؔ,0,,,58,58,-
093430200,2,FSΖؒ,厚k,0,,,203,190,12
09343020015,3,FSΖؒ,厚k,0,,,90,86,3
09343020016,3,FSΖؒ,厚k,0,,,59,59,-
09343020017,3,FSΖؒ,厚k,0,,,54,45,9
09343020018,3,FSΖؒ,厚k,0,,,-,-,-
093430210,2,FSΖؒ,厚Vq,0,,,48,48,-
09343021018,3,FSΖؒ,厚Vq,0,,,28,28,-
09343021019,3,FSΖؒ,厚Vq,0,,,20,20,-
093430220,2,FSΖؒ,厚,0,,,25,25,-
093430230,2,FSΖؒ,厚͈,0,,,121,119,2
09343023001,3,FSΖؒ,厚͈,0,,,43,42,1
09343023002,3,FSΖؒ,厚͈,0,,,38,38,-
09343023003,3,FSΖؒ,厚͈,0,,,40,39,1
093430240,2,FSΖؒ,厚㋽,0,,,35,35,-
093430250,2,FSΖؒ,厚і,0,,,184,180,3
09343025005,3,FSΖؒ,厚і,0,,,35,34,-
09343025006,3,FSΖؒ,厚і,0,,,51,51,-
09343025007,3,FSΖؒ,厚і,0,,,45,45,-
09343025008,3,FSΖؒ,厚і,0,,,53,50,3
093430260,2,FSΖؒ,厚R,0,,,188,185,2
09343026010,3,FSΖؒ,厚R,0,,,55,54,1
09343026011,3,FSΖؒ,厚R,0,,,20,19,-
09343026012,3,FSΖؒ,厚R,0,,,17,17,-
09343026013,3,FSΖؒ,厚R,0,,,12,12,-
09343026014,3,FSΖؒ,厚R,0,,,18,18,-
09343026015,3,FSΖؒ,厚R,0,,,13,13,-
09343026016,3,FSΖؒ,厚R,0,,,35,34,1
09343026017,3,FSΖؒ,厚R,0,,,18,18,-
093430270,2,FSΖؒ,厚[,0,,,104,100,1
09343027018,3,FSΖؒ,厚[,0,,,35,35,-
09343027019,3,FSΖؒ,厚[,0,,,35,32,-
09343027020,3,FSΖؒ,厚[,0,,,10,10,-
09343027021,3,FSΖؒ,厚[,0,,,24,23,1
093430280,2,FSΖؒ,厚͖,0,,,31,30,1
09343028022,3,FSΖؒ,厚͖,0,,,15,14,1
09343028023,3,FSΖؒ,厚͖,0,,,16,16,-
093430290,2,FSΖؒ,厚,0,,,35,35,-
093430300,2,FSΖؒ,厚q,0,,,102,102,-
09343030025,3,FSΖؒ,厚q,0,,,24,24,-
09343030026,3,FSΖؒ,厚q,0,,,24,24,-
09343030027,3,FSΖؒ,厚q,0,,,41,41,-
09343030028,3,FSΖؒ,厚q,0,,,13,13,-
093430310,2,FSΖؒ,厚,0,,,19,19,-
093430320,2,FSΖؒ,厚Gc,0,,,33,33,-
093430330,2,FSΖؒ,厚吣,0,,,42,40,2
09343033003,3,FSΖؒ,厚吣,0,,,23,23,-
09343033004,3,FSΖؒ,厚吣,0,,,19,17,2
093430340,2,FSΖؒ,厚唨,0,,,16,16,-
093430350,2,FSΖؒ,厚,0,,,20,20,-
093430360,2,FSΖؒ,厚|,0,,,30,28,-
093430370,2,FSΖؒ,厚,0,,,30,30,-
093430380,2,FSΖؒ,厚c,0,,,49,42,1
09343038009,3,FSΖؒ,厚c,0,,,39,32,1
09343038010,3,FSΖؒ,厚c,0,,,10,10,-
093430390,2,FSΖؒ,厚c,0,,,105,102,2
09343039011,3,FSΖؒ,厚c,0,,,19,19,-
09343039012,3,FSΖؒ,厚c,1,,039013,16,15,1
09343039013,3,FSΖؒ,厚c,2,039012,,X,X,X
09343039014,3,FSΖؒ,厚c,0,,,15,14,1
09343039015,3,FSΖؒ,厚c,0,,,10,10,-
09343039016,3,FSΖؒ,厚c,0,,,11,11,-
09343039017,3,FSΖؒ,厚c,0,,,25,24,-
09343039018,3,FSΖؒ,厚c,0,,,9,9,-
093430400,2,FSΖؒ,厚{,0,,,159,157,1
09343040013,3,FSΖؒ,厚{,0,,,8,8,-
09343040019,3,FSΖؒ,厚{,0,,,32,32,-
09343040020,3,FSΖؒ,厚{,0,,,59,58,1
09343040022,3,FSΖؒ,厚{,0,,,19,19,-
09343040023,3,FSΖؒ,厚{,0,,,19,18,-
09343040024,3,FSΖؒ,厚{,0,,,22,22,-
093430410,2,FSΖؒ,厚㐛,0,,,35,32,3
09344,1,FSsL,,0,,,3927,3387,416
093440010,2,FSsL,厚s,0,,,1054,905,127
09344001001,3,FSsL,厚s,0,,,168,149,17
09344001002,3,FSsL,厚s,0,,,62,59,2
09344001003,3,FSsL,厚s,0,,,56,56,-
09344001004,3,FSsL,厚s,0,,,142,136,6
09344001005,3,FSsL,厚s,0,,,37,32,4
09344001006,3,FSsL,厚s,0,,,35,33,2
09344001007,3,FSsL,厚s,0,,,45,40,5
09344001008,3,FSsL,厚s,0,,,53,40,13
09344001009,3,FSsL,厚s,0,,,49,49,-
09344001010,3,FSsL,厚s,0,,,64,50,14
09344001011,3,FSsL,厚s,0,,,12,1,-
09344001012,3,FSsL,厚s,0,,,54,54,-
09344001013,3,FSsL,厚s,0,,,80,52,27
09344001014,3,FSsL,厚s,0,,,100,66,33
09344001015,3,FSsL,厚s,0,,,44,36,4
09344001016,3,FSsL,厚s,0,,,53,52,-
093440020,2,FSsL,厚Ή,0,,,53,52,-
093440030,2,FSsL,厚c,0,,,56,55,-
093440040,2,FSsL,R[h0040̌v,0,,,318,291,27
09344004001,3,FSsL,厚㍪,0,,,177,152,25
09344004002,3,FSsL,㍪,0,,,59,59,-
09344004003,3,FSsL,厚㍪,0,,,82,80,2
093440050,2,FSsL,厚ԉH,0,,,1462,1129,258
09344005001,3,FSsL,厚ԉH,0,,,130,99,31
09344005002,3,FSsL,厚ԉH,0,,,221,199,17
09344005003,3,FSsL,厚ԉH,0,,,74,52,20
09344005004,3,FSsL,厚ԉH,0,,,150,103,44
09344005005,3,FSsL,厚ԉH,0,,,153,106,46
09344005006,3,FSsL,厚ԉH,0,,,-,-,-
09344005007,3,FSsL,厚ԉH,0,,,90,31,11
09344005008,3,FSsL,厚ԉH,0,,,86,85,1
09344005009,3,FSsL,厚ԉH,0,,,41,33,6
09344005010,3,FSsL,厚ԉH,0,,,109,69,37
09344005011,3,FSsL,厚ԉH,0,,,54,43,11
09344005012,3,FSsL,厚ԉH,0,,,132,122,10
09344005013,3,FSsL,厚ԉH,0,,,48,48,-
09344005014,3,FSsL,厚ԉH,0,,,78,62,8
09344005015,3,FSsL,厚ԉH,0,,,96,77,16
093440060,2,FSsL,厚c,0,,,135,135,-
09344006001,3,FSsL,厚c,0,,,54,54,-
09344006002,3,FSsL,厚c,0,,,81,81,-
093440070,2,FSsL,厚ŒJ,0,,,73,71,-
093440080,2,FSsL,厚J,0,,,144,124,2
09344008001,3,FSsL,厚J,0,,,19,-,1
09344008002,3,FSsL,厚J,0,,,60,60,-
09344008003,3,FSsL,厚J,0,,,65,64,1
093440090,2,FSsL,厚c,0,,,133,131,-
09344009001,3,FSsL,厚c,0,,,33,32,-
09344009002,3,FSsL,厚c,0,,,70,69,-
09344009003,3,FSsL,厚c,0,,,30,30,-
093440100,2,FSsL,厚R,0,,,137,137,-
09344010001,3,FSsL,厚R,0,,,47,47,-
09344010002,3,FSsL,厚R,0,,,35,35,-
09344010003,3,FSsL,厚R,0,,,21,21,-
09344010004,3,FSsL,厚R,0,,,34,34,-
093440110,2,FSsL,厚J,0,,,67,67,-
09344011001,3,FSsL,厚J,0,,,25,25,-
09344011002,3,FSsL,厚J,0,,,42,42,-
093440120,2,FSsL,厚J,0,,,98,96,1
09344012001,3,FSsL,厚J,0,,,64,62,1
09344012002,3,FSsL,厚J,0,,,34,34,-
093440130,2,FSsL,厚c,0,,,60,58,-
093440140,2,FSsL,厚H,0,,,20,19,1
093440150,2,FSsL,厚c,0,,,55,55,-
093440160,2,FSsL,厚,0,,,32,32,-
093440170,2,FSsL,厚|,0,,,30,30,-
09344017001,3,FSsL,厚|,0,,,18,18,-
09344017002,3,FSsL,厚|,0,,,12,12,-
09345,1,FSF꒬,,0,,,4929,4510,262
093450010,2,FSF꒬,厚c,0,,,738,558,90
093450020,2,FSF꒬,厚ѓc,0,,,387,371,13
093450030,2,FSF꒬,厚㉄,0,,,107,105,1
093450040,2,FSF꒬,厚,0,,,169,166,1
093450050,2,FSF꒬,厚^\,0,,,211,200,-
093450060,2,FSF꒬,厚,0,,,806,717,73
093450070,2,FSF꒬,厚Fu,0,,,259,257,-
093450080,2,FSF꒬,厚b,0,,,285,283,-
093450090,2,FSF꒬,厚ѓc,0,,,84,83,1
093450100,2,FSF꒬,厚,0,,,63,63,-
093450110,2,FSF꒬,厚,0,,,580,552,17
093450120,2,FSF꒬,厚,0,,,355,341,10
093450130,2,FSF꒬,厚,0,,,294,287,2
093450140,2,FSF꒬,厚,0,,,309,305,-
093450150,2,FSF꒬,F,0,,,4,4,-
093450160,2,FSF꒬,厚ŉzVc,0,,,11,11,-
093450170,2,FSF꒬,厚c,0,,,267,207,54
09361,1,sSp,,0,,,15118,11013,3324
093610010,2,sSp,厚pb,0,,,490,478,8
093610020,2,sSp,厚p,0,,,180,173,5
093610040,2,sSp,厚p,0,,,1417,973,332
093610050,2,sSp,厚,0,,,410,398,4
093610060,2,sSp,厚t,0,,,223,222,1
093610070,2,sSp,厚t,0,,,259,257,1
093610080,2,sSp,厚c,0,,,198,198,-
093610090,2,sSp,厚Hc,0,,,258,256,1
093610100,2,sSp,厚ac,0,,,266,261,4
093610110,2,sSp,厚k,0,,,604,355,8
093610120,2,sSp,厚,0,,,2375,1825,507
093610130,2,sSp,厚c,0,,,209,203,5
093610140,2,sSp,厚,0,,,164,158,4
093610150,2,sSp,厚J,0,,,165,159,-
093610160,2,sSp,厚J,0,,,265,261,3
093610170,2,sSp,Β,0,,,801,466,310
09361017001,3,sSp,ΒP,0,,,212,126,82
09361017002,3,sSp,ΒQ,0,,,187,96,89
09361017003,3,sSp,ΒR,0,,,262,198,63
09361017004,3,sSp,ΒS,0,,,140,46,76
093610180,2,sSp,K,0,,,1154,592,539
09361018001,3,sSp,KP,0,,,214,100,106
09361018002,3,sSp,KQ,0,,,448,173,267
09361018003,3,sSp,KR,0,,,325,184,136
09361018004,3,sSp,KS,0,,,167,135,30
093610190,2,sSp,̂܂,0,,,465,321,130
09361019001,3,sSp,̂܂P,0,,,120,86,33
09361019002,3,sSp,̂܂Q,1,,019004,345,235,97
09361019003,3,sSp,̂܂R,0,,,-,-,-
09361019004,3,sSp,̂܂S,2,019002,,X,X,X
09361019005,3,sSp,̂܂T,0,,,-,-,-
093610200,2,sSp,\,0,,,400,328,58
093610210,2,sSp,,0,,,351,296,53
093610220,2,sSp,w,0,,,568,313,81
093610230,2,sSp,,0,,,332,251,79
093610240,2,sSp,ʒ,0,,,267,213,51
093610250,2,sSp,t,0,,,473,297,170
093610260,2,sSp,{,0,,,1007,646,322
09361026001,3,sSp,{ۂP,0,,,399,249,138
09361026002,3,sSp,{ۂQ,0,,,608,397,184
093610270,2,sSp,ݒ,0,,,122,114,8
093610280,2,sSp,ᑐ,0,,,140,58,81
093610290,2,sSp,,0,,,505,324,172
09361029001,3,sSp,P,0,,,190,116,70
09361029002,3,sSp,Q,0,,,167,120,45
09361029003,3,sSp,R,0,,,148,88,57
093610300,2,sSp,,0,,,630,375,219
09361030001,3,sSp,P,0,,,259,164,83
09361030002,3,sSp,Q,0,,,247,142,83
09361030003,3,sSp,R,0,,,124,69,53
093610310,2,sSp,,0,,,137,72,63
093610320,2,sSp,ڂ̒,0,,,283,170,105
093610330,2,sSp,厚p,0,,,-,-,-
09364,1,sSؒ,,0,,,9392,7498,1698
093640010,2,sSؒ,厚F,0,,,2829,2472,284
093640020,2,sSؒ,厚,0,,,516,483,31
093640030,2,sSؒ,厚n,0,,,421,381,31
093640040,2,sSؒ,厚Ԓ,0,,,630,541,79
093640050,2,sSؒ,厚J,0,,,98,98,-
093640060,2,sSؒ,厚ۗ,0,,,3623,2343,1190
09364006000,3,sSؒ,厚ۗ,0,,,3545,2275,1180
09364006001,3,sSؒ,厚ۗ,0,,,78,68,10
093640070,2,sSؒ,厚,0,,,636,563,69
093640080,2,sSؒ,厚,0,,,215,200,12
093640090,2,sSؒ,厚,0,,,259,255,2
093640100,2,sSؒ,厚c,0,,,165,162,-
09384,1,JSJ,,0,,,3656,3410,82
093840010,2,JSJ,厚ʐ,0,,,471,424,41
093840020,2,JSJ,厚,0,,,71,70,-
093840030,2,JSJ,厚Vc,0,,,89,86,1
093840040,2,JSJ,厚щ,0,,,64,62,1
093840050,2,JSJ,厚,0,,,40,39,1
093840060,2,JSJ,厚},0,,,103,75,4
093840070,2,JSJ,厚c,0,,,291,282,7
093840080,2,JSJ,厚{,0,,,310,296,9
093840090,2,JSJ,厚,0,,,33,31,-
093840100,2,JSJ,厚Rc,0,,,27,26,-
093840110,2,JSJ,厚,0,,,39,39,-
093840120,2,JSJ,厚,0,,,87,75,-
093840130,2,JSJ,厚㕽,0,,,87,86,-
093840140,2,JSJ,厚v,0,,,153,148,1
093840150,2,JSJ,厚I,0,,,116,116,-
093840160,2,JSJ,厚D,0,,,1052,983,9
093840170,2,JSJ,厚,0,,,88,85,2
093840180,2,JSJ,厚㎛,0,,,129,127,1
093840190,2,JSJ,厚HVc,0,,,21,20,1
093840200,2,JSJ,厚썲,0,,,52,50,-
093840210,2,JSJ,厚,0,,,20,20,-
093840220,2,JSJ,厚Fm,0,,,251,209,3
093840230,2,JSJ,厚[,0,,,62,61,1
09386,1,JS,,0,,,11133,6955,3278
093860010,2,JS,厚㍂,0,,,562,551,4
093860020,2,JS,厚IP,0,,,89,89,-
093860030,2,JS,厚n,0,,,63,62,1
093860040,2,JS,厚J,0,,,37,36,1
093860050,2,JS,厚ԉ,0,,,508,470,32
093860060,2,JS,厚c,0,,,720,501,152
093860070,2,JS,厚c,0,,,136,134,-
093860080,2,JS,厚KE,0,,,161,161,-
093860090,2,JS,厚㔐,0,,,79,77,2
093860100,2,JS,厚T,0,,,52,51,1
093860110,2,JS,厚,0,,,45,44,1
093860120,2,JS,厚,0,,,37,37,-
093860130,2,JS,厚ю,0,,,101,100,1
093860140,2,JS,厚p,0,,,186,114,-
093860150,2,JS,厚v,0,,,145,143,1
093860160,2,JS,厚㈢v,0,,,23,23,-
093860170,2,JS,厚v,0,,,171,132,33
093860180,2,JS,厚ώ,0,,,3794,1989,1428
093860190,2,JS,厚J,0,,,213,213,-
093860200,2,JS,厚Ζ,0,,,916,823,69
093860210,2,JS,z,0,,,1563,506,879
09386021001,3,JS,zP,0,,,152,62,76
09386021002,3,JS,zQ,0,,,309,133,146
09386021003,3,JS,zR,0,,,268,68,171
09386021004,3,JS,zS,0,,,512,141,317
09386021005,3,JS,zT,0,,,322,102,169
093860220,2,JS,Α,0,,,1532,699,673
09386022001,3,JS,ΑP,0,,,306,155,129
09386022002,3,JS,ΑQ,0,,,366,190,139
09386022003,3,JS,ΑR,0,,,238,120,98
09386022004,3,JS,ΑS,0,,,337,113,174
09386022005,3,JS,ΑT,0,,,285,121,133
09407,1,ߐ{Sߐ{,,0,,,8234,7616,208
094070010,2,ߐ{Sߐ{,厚q,0,,,1037,975,25
094070020,2,ߐ{Sߐ{,厚q,0,,,806,605,61
094070030,2,ߐ{Sߐ{,厚vb,0,,,1201,1078,25
094070040,2,ߐ{Sߐ{,厚v,0,,,933,906,12
094070050,2,ߐ{Sߐ{,厚v,0,,,1005,960,30
094070060,2,ߐ{Sߐ{,厚{,0,,,511,415,32
094070070,2,ߐ{Sߐ{,厚哇,0,,,139,137,1
094070080,2,ߐ{Sߐ{,厚,0,,,107,107,-
094070090,2,ߐ{Sߐ{,厚Lb,0,,,223,217,2
094070100,2,ߐ{Sߐ{,厚L,0,,,267,264,3
094070110,2,ߐ{Sߐ{,厚L,0,,,338,321,4
094070120,2,ߐ{Sߐ{,厚,0,,,307,292,1
094070130,2,ߐ{Sߐ{,厚x,0,,,330,320,6
094070140,2,ߐ{Sߐ{,厚,0,,,91,89,1
094070150,2,ߐ{Sߐ{,厚L,0,,,15,15,-
094070160,2,ߐ{Sߐ{,厚,0,,,74,73,1
094070170,2,ߐ{Sߐ{,厚q,0,,,12,12,-
094070180,2,ߐ{Sߐ{,厚ɉ,0,,,395,390,4
094070190,2,ߐ{Sߐ{,厚a{,0,,,33,33,-
094070200,2,ߐ{Sߐ{,厚唨,0,,,21,21,-
094070210,2,ߐ{Sߐ{,厚,0,,,79,79,-
094070220,2,ߐ{Sߐ{,厚,0,,,50,50,-
094070230,2,ߐ{Sߐ{,厚r,0,,,23,23,-
094070240,2,ߐ{Sߐ{,厚,0,,,19,18,-
094070250,2,ߐ{Sߐ{,厚,0,,,76,76,-
094070260,2,ߐ{Sߐ{,厚,0,,,45,44,-
094070270,2,ߐ{Sߐ{,厚,0,,,97,96,-
09411,1,ߐ{S߉ϐ쒬,,0,,,5756,5025,338
094110010,2,ߐ{S߉ϐ쒬,n,0,,,1126,820,98
094110020,2,ߐ{S߉ϐ쒬,,0,,,277,270,4
094110030,2,ߐ{S߉ϐ쒬,,0,,,183,175,8
094110040,2,ߐ{S߉ϐ쒬,a,0,,,192,190,1
094110050,2,ߐ{S߉ϐ쒬,,0,,,155,143,8
094110070,2,ߐ{S߉ϐ쒬,kc,0,,,130,124,1
094110080,2,ߐ{S߉ϐ쒬,vߐ,0,,,190,180,9
094110090,2,ߐ{S߉ϐ쒬,,0,,,148,138,2
094110100,2,ߐ{S߉ϐ쒬,xR,0,,,152,151,1
094110110,2,ߐ{S߉ϐ쒬,,0,,,99,98,-
094110120,2,ߐ{S߉ϐ쒬,J,0,,,121,120,1
094110130,2,ߐ{S߉ϐ쒬,,0,,,241,233,5
094110140,2,ߐ{S߉ϐ쒬,ߒn,0,,,43,42,1
094110150,2,ߐ{S߉ϐ쒬,Rc,0,,,202,198,2
094110160,2,ߐ{S߉ϐ쒬,Rc㋽,0,,,166,162,4
094110170,2,ߐ{S߉ϐ쒬,,0,,,237,233,-
094110180,2,ߐ{S߉ϐ쒬,,0,,,1110,912,132
094110190,2,ߐ{S߉ϐ쒬,gc,0,,,47,32,1
094110200,2,ߐ{S߉ϐ쒬,Jc,0,,,229,146,37
094110210,2,ߐ{S߉ϐ쒬,v,0,,,74,72,-
094110220,2,ߐ{S߉ϐ쒬,Е,0,,,85,84,-
094110230,2,ߐ{S߉ϐ쒬,,0,,,69,48,20
094110240,2,ߐ{S߉ϐ쒬,˓c,0,,,42,41,1
094110250,2,ߐ{S߉ϐ쒬,O,0,,,159,156,-
094110260,2,ߐ{S߉ϐ쒬,c,0,,,35,34,1
094110270,2,ߐ{S߉ϐ쒬,,0,,,70,52,-
094110280,2,ߐ{S߉ϐ쒬,F,0,,,87,87,-
094110290,2,ߐ{S߉ϐ쒬,@,0,,,87,84,1
