KEY_CODE,HYOSYO,CITYNAME,NAME,HTKSYORI,HTKSAKI,GASSAN,T000852001,T000852002,T000852003
,,,,,,,ZɏZވʐ,,c؉
19201,1,b{s,,0,,,84065,48648,27235
192010010,2,b{s,ۂ̓,0,,,1451,907,333
19201001001,3,b{s,ۂ̓P,0,,,406,247,25
19201001002,3,b{s,ۂ̓Q,0,,,607,318,224
19201001003,3,b{s,ۂ̓R,0,,,438,342,84
192010020,2,b{s,,0,,,1487,934,456
19201002001,3,b{s,P,0,,,116,98,13
19201002002,3,b{s,Q,0,,,366,210,133
19201002003,3,b{s,R,0,,,287,198,79
19201002004,3,b{s,S,0,,,426,235,149
19201002005,3,b{s,T,0,,,292,193,82
192010030,2,b{s,,0,,,927,778,121
19201003001,3,b{s,P,0,,,282,244,32
19201003002,3,b{s,Q,0,,,355,297,43
19201003003,3,b{s,R,0,,,290,237,46
192010040,2,b{s,c,0,,,576,492,65
19201004001,3,b{s,cP,0,,,249,236,8
19201004002,3,b{s,cQ,0,,,327,256,57
192010050,2,b{s,ᏼ,0,,,285,177,98
192010060,2,b{s,,0,,,869,518,302
19201006001,3,b{s,P,0,,,387,217,133
19201006002,3,b{s,Q,0,,,317,187,121
19201006003,3,b{s,R,0,,,165,114,48
192010070,2,b{s,c,0,,,400,342,45
192010080,2,b{s,,0,,,241,183,47
192010090,2,b{s,,0,,,1044,642,328
19201009001,3,b{s,P,0,,,590,315,218
19201009002,3,b{s,Q,0,,,454,327,110
192010100,2,b{s,,0,,,1570,732,397
19201010001,3,b{s,P,0,,,336,141,89
19201010002,3,b{s,Q,0,,,86,52,32
19201010003,3,b{s,R,0,,,521,312,190
19201010004,3,b{s,S,0,,,627,227,86
192010110,2,b{s,,0,,,542,351,161
19201011001,3,b{s,P,0,,,311,193,103
19201011002,3,b{s,Q,0,,,231,158,58
192010120,2,b{s,,0,,,1047,663,345
19201012001,3,b{s,P,0,,,255,103,132
19201012002,3,b{s,Q,0,,,216,141,69
19201012003,3,b{s,R,0,,,146,116,28
19201012004,3,b{s,S,0,,,235,159,74
19201012005,3,b{s,T,0,,,195,144,42
192010130,2,b{s,c,0,,,1081,575,439
19201013001,3,b{s,cP,0,,,199,128,68
19201013002,3,b{s,cQ,0,,,284,187,84
19201013003,3,b{s,cR,0,,,461,219,194
19201013004,3,b{s,cS,0,,,137,41,93
192010140,2,b{s,k,0,,,676,406,233
19201014001,3,b{s,kP,0,,,320,176,125
19201014002,3,b{s,kQ,0,,,75,31,38
19201014003,3,b{s,kR,0,,,281,199,70
192010150,2,b{s,,0,,,390,251,122
192010161,2,b{s,,0,,,1121,642,413
19201016101,3,b{s,P,0,,,305,161,102
19201016102,3,b{s,Q,0,,,533,299,218
19201016103,3,b{s,R,0,,,283,182,93
192010162,2,b{s,,0,,,233,178,53
192010170,2,b{s,铌,0,,,1739,1208,451
19201017001,3,b{s,铌P,0,,,201,144,45
19201017002,3,b{s,铌Q,0,,,574,426,119
19201017003,3,b{s,铌R,0,,,376,237,130
19201017004,3,b{s,铌S,0,,,279,224,50
19201017005,3,b{s,铌T,0,,,309,177,107
192010180,2,b{s,C,0,,,1265,918,308
19201018001,3,b{s,CP,0,,,446,343,92
19201018002,3,b{s,CQ,0,,,451,322,112
19201018003,3,b{s,CR,0,,,368,253,104
192010190,2,b{s,K,0,,,535,425,93
192010200,2,b{s,,0,,,223,159,57
192010210,2,b{s,ɐ,0,,,1451,937,279
19201021001,3,b{s,ɐP,0,,,216,167,47
19201021002,3,b{s,ɐQ,0,,,270,198,64
19201021003,3,b{s,ɐR,0,,,449,180,56
19201021004,3,b{s,ɐS,0,,,516,392,112
192010220,2,b{s,,0,,,1272,919,319
19201022001,3,b{s,P,0,,,606,451,133
19201022002,3,b{s,Q,0,,,527,385,133
19201022003,3,b{s,R,0,,,139,83,53
192010230,2,b{s,Γc,0,,,2290,1092,911
19201023001,3,b{s,ΓcP,0,,,304,191,106
19201023002,3,b{s,ΓcQ,0,,,916,500,376
19201023003,3,b{s,ΓcR,0,,,433,202,213
19201023004,3,b{s,ΓcS,0,,,637,199,216
192010240,2,b{s,ѓc,0,,,1512,807,578
19201024001,3,b{s,ѓcP,0,,,45,26,16
19201024002,3,b{s,ѓcQ,0,,,296,127,144
19201024003,3,b{s,ѓcR,0,,,357,149,165
19201024004,3,b{s,ѓcS,0,,,388,232,121
19201024005,3,b{s,ѓcT,0,,,426,273,132
192010250,2,b{s,a,0,,,252,155,79
192010260,2,b{s,΂u,0,,,894,482,343
19201026001,3,b{s,΂uP,0,,,401,231,126
19201026002,3,b{s,΂uQ,0,,,493,251,217
192010270,2,b{s,kV,0,,,848,312,216
19201027001,3,b{s,kVP,0,,,393,64,18
19201027002,3,b{s,kVQ,0,,,455,248,198
192010280,2,b{s,V_,0,,,420,173,195
192010290,2,b{s,{O,0,,,504,181,269
192010300,2,b{s,,0,,,236,188,45
192010311,2,b{s,P,0,,,1367,677,551
19201031101,3,b{s,PP,0,,,611,283,298
19201031102,3,b{s,PQ,0,,,191,110,77
19201031103,3,b{s,PR,0,,,565,284,176
192010312,2,b{s,P,0,,,110,103,4
192010321,2,b{s,,0,,,1002,316,613
19201032101,3,b{s,܂P,0,,,418,103,291
19201032102,3,b{s,܂Q,0,,,338,77,217
19201032103,3,b{s,܂R,0,,,246,136,105
192010322,2,b{s,ܒ,0,,,54,38,16
192010330,2,b{s,c,0,,,232,121,102
192010341,2,b{s,g,0,,,1703,782,489
19201034101,3,b{s,gP,0,,,429,217,205
19201034102,3,b{s,gQ,0,,,569,129,50
19201034103,3,b{s,gR,0,,,297,143,142
19201034104,3,b{s,gS,0,,,408,293,92
192010342,2,b{s,g,0,,,12,6,6
192010350,2,b{s,t,0,,,626,335,253
192010361,2,b{s,Zg,0,,,2796,1614,1057
19201036101,3,b{s,ZgP,0,,,442,332,92
19201036102,3,b{s,ZgQ,0,,,349,170,135
19201036103,3,b{s,ZgR,0,,,845,464,360
19201036104,3,b{s,ZgS,0,,,596,318,262
19201036105,3,b{s,ZgT,0,,,564,330,208
192010362,2,b{s,Zg{,0,,,5,4,-
192010370,2,b{s,,0,,,3811,2356,1302
19201037001,3,b{s,P,0,,,685,481,185
19201037002,3,b{s,Q,0,,,624,430,173
19201037003,3,b{s,R,0,,,416,275,129
19201037004,3,b{s,S,0,,,755,383,343
19201037005,3,b{s,T,0,,,266,228,34
19201037006,3,b{s,U,0,,,45,14,25
19201037007,3,b{s,V,0,,,345,173,140
19201037008,3,b{s,W,0,,,675,372,273
192010380,2,b{s,Γc,0,,,598,269,184
192010391,2,b{s,v,0,,,598,371,216
19201039101,3,b{s,vP,0,,,271,148,118
19201039102,3,b{s,vQ,0,,,327,223,98
192010392,2,b{s,v{,0,,,512,299,197
192010400,2,b{s,s,0,,,1710,828,782
19201040001,3,b{s,sP,0,,,401,211,179
19201040002,3,b{s,sQ,0,,,352,185,153
19201040003,3,b{s,sR,0,,,263,97,156
19201040004,3,b{s,sS,0,,,318,167,138
19201040005,3,b{s,sT,0,,,376,168,156
192010410,2,b{s,x|,0,,,975,662,289
19201041001,3,b{s,x|P,0,,,244,182,57
19201041002,3,b{s,x|Q,0,,,371,217,144
19201041003,3,b{s,x|R,0,,,226,165,55
19201041004,3,b{s,x|S,0,,,134,98,33
192010420,2,b{s,ѓc,0,,,1375,710,588
19201042001,3,b{s,ѓcP,0,,,369,184,142
19201042002,3,b{s,ѓcQ,0,,,419,198,207
19201042003,3,b{s,ѓcR,0,,,251,178,69
19201042004,3,b{s,ѓcS,0,,,336,150,170
192010430,2,b{s,rc,0,,,1025,568,414
19201043001,3,b{s,rcP,0,,,370,148,199
19201043002,3,b{s,rcQ,0,,,303,202,92
19201043003,3,b{s,rcR,0,,,352,218,123
192010440,2,b{s,,0,,,1432,717,249
19201044001,3,b{s,P,0,,,333,151,56
19201044002,3,b{s,Q,0,,,233,143,79
19201044003,3,b{s,R,0,,,866,423,114
192010450,2,b{s,xm,0,,,1131,480,359
19201045001,3,b{s,xmP,0,,,574,206,216
19201045002,3,b{s,xmQ,0,,,557,274,143
192010460,2,b{s,c,0,,,543,306,229
192010470,2,b{s,`,0,,,1391,577,774
19201047001,3,b{s,`P,0,,,630,228,386
19201047002,3,b{s,`Q,0,,,336,174,150
19201047003,3,b{s,`R,0,,,425,175,238
192010480,2,b{s,,0,,,924,396,463
19201048001,3,b{s,P,0,,,477,165,266
19201048002,3,b{s,Q,0,,,245,113,122
19201048003,3,b{s,R,0,,,202,118,75
192010490,2,b{s,E,0,,,539,305,221
192010500,2,b{s,Õ{,0,,,1066,607,437
192010510,2,b{s,,0,,,548,260,282
192010520,2,b{s,䒬,0,,,445,308,125
192010530,2,b{s,ʒ,0,,,1016,587,404
192010541,2,b{s,H,0,,,410,213,176
192010542,2,b{s,H,0,,,225,105,112
192010550,2,b{s,,0,,,276,156,115
192010560,2,b{s,㈢,0,,,582,365,195
192010570,2,b{s,,0,,,505,230,252
192010580,2,b{s,a˒,0,,,1041,560,307
192010590,2,b{s,c,0,,,567,388,167
192010601,2,b{s,͌,0,,,466,241,204
192010602,2,b{s,͌,0,,,606,331,214
192010610,2,b{s,|,0,,,188,121,52
192010620,2,b{s,,0,,,361,214,118
192010630,2,b{s,Vc,0,,,435,323,97
192010640,2,b{s,,0,,,353,197,150
192010650,2,b{s,͌,0,,,978,61,7
192010660,2,b{s,r,0,,,620,269,195
19201066001,3,b{s,rP,0,,,223,107,106
19201066002,3,b{s,rQ,0,,,397,162,89
192010670,2,b{s,,0,,,1847,1203,576
19201067001,3,b{s,˂P,0,,,351,212,131
19201067002,3,b{s,˂Q,0,,,123,78,43
19201067003,3,b{s,˂R,0,,,398,247,142
19201067004,3,b{s,˂S,0,,,410,287,115
19201067005,3,b{s,˂T,0,,,565,379,145
192010680,2,b{s,H,0,,,295,159,98
192010690,2,b{s,R{,0,,,2289,1818,334
192010700,2,b{s,H,0,,,808,688,108
192010710,2,b{s,x,1,,0740;0750;0760,15,15,-
192010720,2,b{s,,0,,,10,10,-
192010730,2,b{s,,0,,,-,-,-
192010740,2,b{s,,2,0710,,X,X,X
192010750,2,b{s,뒬,2,0710,,X,X,X
192010760,2,b{s,E,2,0710,,X,X,X
192010770,2,b{s,,0,,,15,15,-
192010780,2,b{s,|,0,,,8,8,-
192010790,2,b{s,⒬,0,,,-,-,-
192010800,2,b{s,ѓߒ,0,,,90,84,3
192010810,2,b{s,ѓߒ,0,,,100,98,-
192010820,2,b{s,,0,,,143,141,-
192010830,2,b{s,ϐ,0,,,70,68,1
192010840,2,b{s,ϐ,0,,,105,100,1
192010850,2,b{s,ˌ,0,,,134,128,4
192010860,2,b{s,,0,,,240,139,92
192010870,2,b{s,ac,0,,,399,276,114
192010880,2,b{s,,0,,,275,179,90
192010890,2,b{s,ؒ,0,,,352,203,124
192010900,2,b{s,㒬,0,,,902,527,266
192010910,2,b{s,͌,0,,,281,157,120
192010920,2,b{s,嗢,0,,,4475,2113,1911
19201092001,3,b{s,嗢P,0,,,122,82,37
19201092002,3,b{s,嗢Q,0,,,144,138,3
19201092003,3,b{s,嗢R,0,,,423,83,304
19201092004,3,b{s,嗢S,0,,,702,265,302
19201092005,3,b{s,嗢T,0,,,763,423,306
19201092006,3,b{s,嗢U,0,,,244,67,106
19201092007,3,b{s,嗢V,0,,,296,143,142
19201092008,3,b{s,嗢W,0,,,698,343,336
19201092009,3,b{s,嗢X,0,,,399,302,86
19201092010,3,b{s,嗢PO,0,,,684,267,289
192010930,2,b{s,㍡䒬,0,,,1201,862,304
192010940,2,b{s,,0,,,796,408,98
192010950,2,b{s,,0,,,298,250,46
192010960,2,b{s,쒬,0,,,57,56,-
192010970,2,b{s,,0,,,182,125,54
192010980,2,b{s,,0,,,187,85,30
192010990,2,b{s,,0,,,254,214,28
192011000,2,b{s,䒬,0,,,122,88,32
192011010,2,b{s,,0,,,106,84,15
192011020,2,b{s,Ȓ,0,,,98,76,19
192011030,2,b{s,V,0,,,12,12,-
192011040,2,b{s,Ï,0,,,791,399,348
192011050,2,b{s,㉮,0,,,963,292,387
192011060,2,b{s,㏬͌,0,,,220,166,46
192011070,2,b{s,{,0,,,556,280,254
192011080,2,b{s,,0,,,46,46,-
192011090,2,b{s,xV,0,,,751,199,467
192011100,2,b{s,Ò,0,,,209,122,74
192011110,2,b{s,E,0,,,334,327,4
192011120,2,b{s,So,0,,,50,49,1
192011130,2,b{s,,0,,,78,76,-
192011140,2,b{s,R,0,,,115,109,3
192011150,2,b{s,R,0,,,157,153,2
192011160,2,b{s,䒬,0,,,226,207,16
192011170,2,b{s,],0,,,459,372,67
192011180,2,b{s,],0,,,292,257,29
192011190,2,b{s,,0,,,22,22,-
192011200,2,b{s,Ê֒,0,,,90,80,1
19202,1,xmgcs,,0,,,17750,12828,3346
192020010,2,xmgcs,gc,0,,,1232,1046,159
192020011,2,xmgcs,gc,0,,,2090,1668,348
19202001101,3,xmgcs,gcP,0,,,193,180,11
19202001102,3,xmgcs,gcQ,0,,,298,254,41
19202001103,3,xmgcs,gcR,0,,,216,176,28
19202001104,3,xmgcs,gcS,0,,,316,226,84
19202001105,3,xmgcs,gcT,0,,,228,198,25
19202001106,3,xmgcs,gcU,0,,,163,108,45
19202001107,3,xmgcs,gcV,0,,,257,197,56
19202001108,3,xmgcs,gcW,0,,,212,173,14
19202001109,3,xmgcs,gcX,0,,,207,156,44
192020012,2,xmgcs,gc,0,,,538,447,75
19202001201,3,xmgcs,gcP,0,,,197,175,18
19202001202,3,xmgcs,gcQ,0,,,83,71,7
19202001203,3,xmgcs,gcR,0,,,147,113,28
19202001204,3,xmgcs,gcS,0,,,111,88,22
192020020,2,xmgcs,Vq,0,,,1163,830,171
192020030,2,xmgcs,,0,,,667,520,54
19202003001,3,xmgcs,P,0,,,192,87,13
19202003002,3,xmgcs,Q,0,,,175,165,10
19202003003,3,xmgcs,R,0,,,168,153,14
19202003004,3,xmgcs,S,0,,,59,46,13
19202003005,3,xmgcs,T,0,,,73,69,4
192020040,2,xmgcs,u,0,,,681,438,227
19202004001,3,xmgcs,uP,0,,,295,162,127
19202004002,3,xmgcs,uQ,0,,,164,121,39
19202004003,3,xmgcs,uR,0,,,222,155,61
192020050,2,xmgcs,Ƃ,0,,,283,186,93
19202005001,3,xmgcs,ƂP,0,,,158,95,62
19202005002,3,xmgcs,ƂQ,0,,,125,91,31
192020060,2,xmgcs,΃u,0,,,262,159,95
19202006001,3,xmgcs,΃uP,0,,,107,61,43
19202006002,3,xmgcs,΃uQ,0,,,155,98,52
192020071,2,xmgcs,n,0,,,1120,741,30
19202007101,3,xmgcs,nP,0,,,456,123,12
19202007102,3,xmgcs,nQ,0,,,71,69,2
19202007103,3,xmgcs,nR,0,,,118,111,2
19202007104,3,xmgcs,nS,0,,,109,107,2
19202007105,3,xmgcs,nT,0,,,124,112,8
19202007106,3,xmgcs,nU,0,,,73,73,-
19202007107,3,xmgcs,nV,0,,,78,76,2
19202007108,3,xmgcs,nW,0,,,91,70,2
192020072,2,xmgcs,n,0,,,101,42,-
192020080,2,xmgcs,,0,,,1355,1249,85
192020090,2,xmgcs,喾,0,,,1036,990,32
192020101,2,xmgcs,gc,0,,,965,596,273
19202010101,3,xmgcs,gcP,0,,,113,49,54
19202010102,3,xmgcs,gcQ,0,,,155,73,74
19202010103,3,xmgcs,gcR,0,,,224,123,64
19202010104,3,xmgcs,gcS,0,,,135,78,34
19202010105,3,xmgcs,gcT,0,,,87,70,13
19202010106,3,xmgcs,gcU,0,,,117,81,23
19202010107,3,xmgcs,gcV,0,,,134,122,11
192020102,2,xmgcs,gc,0,,,2994,1868,823
192020111,2,xmgcs,R,0,,,801,517,248
19202011101,3,xmgcs,RP,0,,,177,123,43
19202011102,3,xmgcs,RQ,0,,,152,110,39
19202011103,3,xmgcs,RR,0,,,145,105,27
19202011104,3,xmgcs,RS,0,,,194,112,77
19202011105,3,xmgcs,RT,0,,,133,67,62
192020112,2,xmgcs,R,0,,,177,127,45
192020120,2,xmgcs,V,0,,,1399,764,486
19202012001,3,xmgcs,VP,0,,,306,186,109
19202012002,3,xmgcs,VQ,0,,,558,271,187
19202012003,3,xmgcs,VR,0,,,274,162,103
19202012004,3,xmgcs,VS,0,,,215,120,82
19202012005,3,xmgcs,VT,0,,,46,25,5
192020130,2,xmgcs,V,0,,,399,235,29
192020140,2,xmgcs,],0,,,487,405,73
19202014001,3,xmgcs,]P,0,,,100,92,6
19202014002,3,xmgcs,]Q,0,,,143,117,24
19202014003,3,xmgcs,]R,0,,,155,123,27
19202014004,3,xmgcs,]S,0,,,89,73,16
19204,1,ss,,0,,,13270,7829,4239
192040010,2,ss,c,0,,,2090,284,1733
19204001001,3,ss,cP,0,,,444,113,278
19204001002,3,ss,cQ,0,,,497,72,417
19204001003,3,ss,cR,0,,,1065,73,982
19204001004,3,ss,cS,0,,,84,26,56
192040021,2,ss,J,0,,,995,485,483
19204002101,3,ss,JP,0,,,56,44,12
19204002102,3,ss,JQ,0,,,90,58,16
19204002103,3,ss,JR,0,,,88,60,26
19204002104,3,ss,JS,0,,,194,115,77
19204002105,3,ss,JT,0,,,261,106,148
19204002106,3,ss,JU,0,,,306,102,204
192040022,2,ss,J,0,,,708,84,616
192040030,2,ss,I,0,,,100,92,5
192040040,2,ss,,0,,,368,318,43
19204004001,3,ss,P,0,,,145,119,21
19204004002,3,ss,Q,0,,,114,102,10
19204004003,3,ss,R,0,,,69,62,7
19204004004,3,ss,S,0,,,40,35,5
192040050,2,ss,,0,,,693,504,135
19204005001,3,ss,P,0,,,238,197,39
19204005002,3,ss,Q,0,,,50,42,7
19204005003,3,ss,R,0,,,204,112,44
19204005004,3,ss,S,0,,,64,54,9
19204005005,3,ss,T,0,,,137,99,36
192040061,2,ss,J,0,,,328,244,60
19204006101,3,ss,JP,0,,,44,36,6
19204006102,3,ss,JQ,0,,,68,53,4
19204006103,3,ss,JR,0,,,104,84,14
19204006104,3,ss,JS,0,,,112,71,36
192040062,2,ss,J,0,,,82,71,8
192040080,2,ss,@\,0,,,501,381,86
192040090,2,ss,ʐ,0,,,179,153,18
192040100,2,ss,ˑ,0,,,93,90,2
192040110,2,ss,,0,,,254,186,18
19204011001,3,ss,,0,,,193,180,12
19204011002,3,ss,F,0,,,61,6,6
192040120,2,ss,,0,,,402,286,20
19204012001,3,ss,쏬,0,,,315,286,20
19204012002,3,ss,쌠,0,,,87,-,-
192040130,2,ss,Ď,0,,,563,460,85
19204013001,3,ss,ĎĎ,0,,,287,239,43
19204013002,3,ss,Ď뉺Ď,0,,,276,221,42
192040140,2,ss,\s,0,,,585,324,129
19204014001,3,ss,\s\s,0,,,379,249,128
19204014002,3,ss,\sꑓ,0,,,206,75,1
192040150,2,ss,j,0,,,493,431,51
192040160,2,ss,,0,,,516,385,15
19204016001,3,ss,{,0,,,216,161,4
19204016002,3,ss,Ón,0,,,187,121,8
19204016003,3,ss,,0,,,113,103,3
192040170,2,ss,,0,,,249,225,18
192040180,2,ss,唦,0,,,425,373,8
192040190,2,ss,ÐX,0,,,183,169,12
192040200,2,ss,,0,,,87,75,10
192040210,2,ss,,0,,,35,35,-
192040220,2,ss,I,0,,,64,60,4
192040230,2,ss,,0,,,24,22,1
192040240,2,ss,ls,0,,,634,460,163
19204024001,3,ss,lsꌎPu,0,,,145,124,19
19204024002,3,ss,lsls,0,,,489,336,144
192040250,2,ss,Ðn,0,,,579,356,172
192040260,2,ss,,0,,,63,58,4
192040270,2,ss,q,0,,,393,188,36
19204027001,3,ss,qq,0,,,192,149,36
19204027002,3,ss,qS,0,,,92,11,-
19204027003,3,ss,q,0,,,109,28,-
192040280,2,ss,cq,0,,,890,468,242
19204028001,3,ss,cqO,0,,,228,171,45
19204028002,3,ss,cqh,0,,,662,297,197
192040290,2,ss,`R,0,,,282,215,55
19204029001,3,ss,`R匴,0,,,59,49,9
19204029002,3,ss,`RÏh,0,,,5,5,-
19204029003,3,ss,`RJ,0,,,27,25,2
19204029004,3,ss,`Rt,0,,,92,67,18
19204029005,3,ss,`R,0,,,55,48,4
19204029006,3,ss,`Rxm,0,,,44,21,22
192040300,2,ss,^,0,,,126,124,2
192040310,2,ss,n,0,,,152,91,3
19204031001,3,ss,nn,0,,,76,16,3
19204031002,3,ss,nn,0,,,40,40,-
19204031003,3,ss,n_,0,,,36,35,-
192040320,2,ss,],0,,,134,132,2
19204032001,3,ss,]v,0,,,29,29,-
19204032002,3,ss,]啽,0,,,25,25,-
19204032003,3,ss,]],0,,,80,78,2
19205,1,Rs,,0,,,12847,10069,1717
192050010,2,Rs,,0,,,473,365,14
19205001001,3,Rs,,0,,,387,365,14
19205001002,3,Rs,sccn,0,,,86,-,-
192050020,2,Rs,_,0,,,294,243,44
19205002001,3,Rs,_Q,0,,,146,113,29
19205002002,3,Rs,_V,0,,,148,130,15
192050030,2,Rs,_,0,,,1017,636,355
19205003001,3,Rs,_R,0,,,90,40,42
19205003002,3,Rs,_S,0,,,139,75,63
19205003003,3,Rs,_T,0,,,256,171,78
19205003004,3,Rs,_U,0,,,532,350,172
192050040,2,Rs,ΐX,0,,,382,290,87
192050050,2,Rs,ΐX,0,,,377,312,58
192050060,2,Rs,,0,,,1203,808,371
19205006001,3,Rs,P,0,,,319,219,91
19205006002,3,Rs,Q,0,,,257,139,116
19205006003,3,Rs,R,0,,,627,450,164
192050070,2,Rs,,0,,,659,265,81
19205007001,3,Rs,sccn,0,,,112,-,-
19205007002,3,Rs,S,0,,,60,53,6
19205007003,3,Rs,ZiZZ,0,,,46,-,-
19205007004,3,Rs,T,0,,,119,102,16
19205007005,3,Rs,U,0,,,182,110,59
19205007006,3,Rs,ZiZQZ,0,,,41,-,-
19205007007,3,Rs,cRcn,0,,,99,-,-
192050080,2,Rs,s,0,,,414,351,57
192050090,2,Rs,K,0,,,357,304,48
192050100,2,Rs,,0,,,190,175,14
192050110,2,Rs,k,0,,,385,358,17
192050120,2,Rs,s,0,,,234,227,-
192050130,2,Rs,]],0,,,120,111,2
192050140,2,Rs,H,0,,,77,76,1
192050150,2,Rs,x,0,,,57,56,-
192050160,2,Rs,,0,,,64,64,-
192050170,2,Rs,؍,0,,,19,19,-
192050180,2,Rs,,0,,,619,489,108
19205018001,3,Rs,͂P,0,,,204,186,15
19205018002,3,Rs,͂Q,0,,,197,119,63
19205018003,3,Rs,͂R,0,,,218,184,30
192050190,2,Rs,,0,,,246,209,33
192050200,2,Rs,,0,,,363,270,80
192050210,2,Rs,≺,0,,,159,156,2
192050220,2,Rs,R,0,,,167,149,5
192050230,2,Rs,,0,,,52,49,2
192050240,2,Rs,꒬c,0,,,385,257,46
19205024001,3,Rs,꒬c,0,,,307,257,46
19205024002,3,Rs,꒬csccn,0,,,78,-,-
192050250,2,Rs,̓c,0,,,434,371,58
192050260,2,Rs,I,0,,,191,144,45
192050270,2,Rs,I,0,,,150,138,10
192050280,2,Rs,,0,,,72,64,7
192050290,2,Rs,,0,,,160,158,-
192050300,2,Rs,㉮~,0,,,221,205,9
192050310,2,Rs,OP,0,,,577,451,119
19205031001,3,Rs,OP،,0,,,162,121,40
19205031002,3,Rs,OPV,0,,,85,72,12
19205031003,3,Rs,OPV,0,,,157,128,26
19205031004,3,Rs,OPL,0,,,173,130,41
192050320,2,Rs,V,0,,,342,186,15
19205032001,3,Rs,V㉮~,0,,,204,186,15
19205032002,3,Rs,VcRʂcn,0,,,138,-,-
192050330,2,Rs,,0,,,158,157,1
19205033001,3,Rs,v,0,,,104,104,-
19205033002,3,Rs,,0,,,54,53,1
192050340,2,Rs,,0,,,212,134,-
19205034001,3,Rs,,0,,,137,134,-
19205034002,3,Rs,sc̖ؒcn,0,,,75,-,-
192050350,2,Rs,qu,0,,,89,72,1
192050360,2,Rs,quE,0,,,368,294,10
19205036001,3,Rs,quE֒n,0,,,78,72,6
19205036002,3,Rs,quEE,0,,,152,134,2
19205036003,3,Rs,quE΃PE,0,,,19,1,-
19205036004,3,Rs,quEx̓,0,,,119,87,2
192050370,2,Rs,quÎ,0,,,18,18,-
192050380,2,Rs,quX{,0,,,87,74,-
192050390,2,Rs,qu[,0,,,162,161,1
19205039001,3,Rs,qu[厺,0,,,62,62,-
19205039002,3,Rs,qu[R{,0,,,19,19,-
19205039003,3,Rs,qu[[,0,,,81,80,1
192050400,2,Rs,qu,0,,,127,125,1
19205040001,3,Rs,quP,0,,,26,26,-
19205040002,3,Rs,qu,0,,,101,99,1
192050410,2,Rs,qu,0,,,64,60,1
19205041001,3,Rs,qu,0,,,32,31,-
19205041002,3,Rs,qu򐬑,0,,,32,29,1
192050420,2,Rs,qu,2,047005,,X,X,X
192050430,2,Rs,quq,0,,,326,301,4
19205043001,3,Rs,quqȐn,0,,,50,40,-
19205043002,3,Rs,quqȉ~,0,,,26,26,-
19205043003,3,Rs,quqȑ嚰,0,,,7,7,-
19205043004,3,Rs,quqȓc,0,,,15,15,-
19205043005,3,Rs,quqȏc,0,,,21,19,1
19205043006,3,Rs,quqȐ^q,0,,,31,30,-
19205043007,3,Rs,quqȐR,0,,,28,28,-
19205043008,3,Rs,quqȐV,0,,,23,23,-
19205043009,3,Rs,quqȒ,0,,,36,36,-
19205043010,3,Rs,quqȒ,0,,,39,30,-
19205043011,3,Rs,quqȋv,0,,,34,31,3
19205043012,3,Rs,quqȖL,0,,,16,16,-
192050440,2,Rs,quۉ,0,,,189,182,4
19205044001,3,Rs,quۉ҉,0,,,21,20,1
19205044002,3,Rs,quۉ},0,,,19,16,1
19205044003,3,Rs,quۉ,0,,,8,7,1
19205044004,3,Rs,quۉk,0,,,16,16,-
19205044005,3,Rs,quۉ@g,0,,,12,11,-
19205044006,3,Rs,quۉc,0,,,24,24,-
19205044007,3,Rs,quۉ鉺C@g,0,,,24,24,-
19205044008,3,Rs,quۉ䏊,0,,,23,23,-
19205044009,3,Rs,quۉn,0,,,17,17,-
19205044010,3,Rs,quۉː,0,,,25,24,1
192050450,2,Rs,quے,0,,,108,100,2
19205045001,3,Rs,quے,0,,,19,19,-
19205045002,3,Rs,quے,0,,,18,18,-
19205045003,3,Rs,quے݉,0,,,10,10,-
19205045004,3,Rs,quے呺,0,,,13,11,2
19205045005,3,Rs,quے呺,0,,,14,14,-
19205045006,3,Rs,quے̑,0,,,16,16,-
19205045007,3,Rs,quےÏh,0,,,18,12,-
192050460,2,Rs,quq,0,,,73,68,-
19205046001,3,Rs,quqqC,0,,,38,36,-
19205046002,3,Rs,quqG,0,,,10,10,-
19205046003,3,Rs,quqԎ,0,,,25,22,-
192050470,2,Rs,quk,0,,,81,79,2
19205047001,3,Rs,quk㓹,0,,,11,11,-
19205047002,3,Rs,quk,0,,,25,25,-
19205047003,3,Rs,quk,0,,,18,17,1
19205047004,3,Rs,quk,0,,,9,9,-
19205047005,3,Rs,quk,1,,0420,18,17,1
192050480,2,Rs,OxM,0,,,43,34,-
192050490,2,Rs,Ox,0,,,24,24,-
192050500,2,Rs,Oxa,0,,,78,76,-
192050510,2,Rs,OxY,0,,,106,89,2
192050520,2,Rs,Ox,0,,,30,21,-
192050530,2,Rs,Ox㊘,0,,,44,44,-
19206,1,匎s,,0,,,9676,8041,843
192060010,2,匎s,q,0,,,355,349,4
19206001001,3,匎s,qc,0,,,174,169,3
19206001002,3,匎s,q,0,,,59,59,-
19206001003,3,匎s,q,0,,,122,121,1
192060020,2,匎s,뒬,0,,,656,607,21
19206002001,3,匎s,뒬,0,,,267,239,10
19206002002,3,匎s,뒬,0,,,389,368,11
192060030,2,匎s,匎,0,,,1125,940,112
19206003001,3,匎s,匎^,0,,,618,598,8
19206003002,3,匎s,匎ԍ,0,,,458,295,103
19206003003,3,匎s,匎匎,0,,,49,47,1
192060040,2,匎s,匎,0,,,663,403,244
19206004001,3,匎s,匎P,0,,,234,161,69
19206004002,3,匎s,匎Q,0,,,273,163,104
19206004003,3,匎s,匎R,0,,,156,79,71
192060050,2,匎s,䑾,0,,,504,264,225
19206005001,3,匎s,䑾P,0,,,328,163,152
19206005002,3,匎s,䑾Q,0,,,176,101,73
192060060,2,匎s,,0,,,282,178,62
19206006001,3,匎s,P,0,,,176,102,52
19206006002,3,匎s,Q,0,,,53,42,6
19206006003,3,匎s,R,0,,,53,34,4
192060070,2,匎s,,0,,,1224,916,35
19206007001,3,匎s,R,0,,,157,156,-
19206007002,3,匎s,,0,,,173,87,16
19206007003,3,匎s,q,0,,,339,305,9
19206007004,3,匎s,a,0,,,111,109,2
19206007005,3,匎s,胖u,0,,,124,118,2
19206007006,3,匎s,,0,,,320,141,6
192060080,2,匎s,ے,0,,,1324,1264,23
19206008001,3,匎s,ے,0,,,300,296,1
19206008002,3,匎s,ے,0,,,62,61,1
19206008003,3,匎s,ےޗǎq,0,,,61,61,-
19206008004,3,匎s,ے{,0,,,44,43,-
19206008005,3,匎s,ے,0,,,90,87,-
19206008006,3,匎s,ے,0,,,255,248,3
19206008007,3,匎s,ے哇,0,,,83,82,-
19206008008,3,匎s,ےac,0,,,429,386,18
192060091,2,匎s,,0,,,436,431,3
19206009101,3,匎s,jP,0,,,234,231,2
19206009102,3,匎s,jQ,0,,,171,169,1
19206009103,3,匎s,jR,0,,,31,31,-
192060092,2,匎s,,0,,,1429,1203,62
19206009201,3,匎s,a,0,,,168,147,11
19206009202,3,匎s,,0,,,441,327,23
19206009203,3,匎s,,0,,,86,84,-
19206009204,3,匎s,,0,,,52,51,-
19206009205,3,匎s,ɗǌ,0,,,237,212,23
19206009206,3,匎s,,0,,,381,320,3
19206009207,3,匎s,,0,,,64,62,2
192060100,2,匎s,xl,0,,,1313,1134,48
19206010001,3,匎s,xl,0,,,1085,914,43
19206010002,3,匎s,xl{J,0,,,228,220,5
192060110,2,匎s,쒬,0,,,365,352,4
19206011001,3,匎s,쒬jm,0,,,185,177,1
19206011002,3,匎s,쒬,0,,,85,80,3
19206011003,3,匎s,쒬,0,,,66,66,-
19206011004,3,匎s,쒬Vq,0,,,29,29,-
19207,1,Bs,,0,,,11500,8353,1862
192070010,2,Bs,c,0,,,69,68,1
192070020,2,Bs,c,0,,,306,92,48
192070030,2,Bs,cJ,0,,,147,89,29
192070040,2,Bs,_,0,,,198,122,31
19207004001,3,Bs,_P,0,,,113,78,20
19207004002,3,Bs,_Q,0,,,85,44,11
192070050,2,Bs,{,0,,,547,415,119
19207005001,3,Bs,{P,0,,,206,145,52
19207005002,3,Bs,{Q,0,,,231,186,43
19207005003,3,Bs,{R,0,,,101,76,24
19207005004,3,Bs,{S,0,,,9,8,-
192070060,2,Bs,,0,,,110,99,8
192070070,2,Bs,xmu,0,,,143,130,11
19207007001,3,Bs,xmuP,0,,,46,42,4
19207007002,3,Bs,xmuQ,0,,,97,88,7
192070080,2,Bs,{,0,,,364,196,154
19207008001,3,Bs,{P,0,,,124,64,55
19207008002,3,Bs,{Q,0,,,128,78,45
19207008003,3,Bs,{R,0,,,112,54,54
192070090,2,Bs,xm,0,,,570,269,262
19207009001,3,Bs,xmP,0,,,126,64,51
19207009002,3,Bs,xmQ,0,,,246,98,134
19207009003,3,Bs,xmR,0,,,198,107,77
192070100,2,Bs,,0,,,397,178,146
19207010001,3,Bs,P,0,,,291,119,110
19207010002,3,Bs,Q,0,,,106,59,36
192070110,2,Bs,h,0,,,86,31,1
19207011001,3,Bs,hP,0,,,80,26,-
19207011002,3,Bs,hQ,0,,,6,5,1
192070140,2,Bs,⒬,0,,,812,727,12
19207014001,3,Bs,⒬{v,0,,,176,168,5
19207014002,3,Bs,⒬̏r,0,,,110,45,-
19207014003,3,Bs,⒬̌,0,,,51,46,5
19207014004,3,Bs,⒬,0,,,29,28,-
19207014005,3,Bs,⒬V,0,,,80,80,-
19207014006,3,Bs,⒬OV,0,,,39,38,1
19207014007,3,Bs,⒬Oc,0,,,146,145,-
19207014008,3,Bs,⒬,0,,,86,83,1
19207014009,3,Bs,⒬㍡,0,,,43,43,-
19207014010,3,Bs,⒬v,0,,,12,11,-
19207014011,3,Bs,⒬,0,,,40,40,-
192070150,2,Bs,䒬,0,,,1740,1095,377
19207015001,3,Bs,䒬G,0,,,88,86,1
19207015002,3,Bs,䒬,0,,,333,296,31
19207015003,3,Bs,䒬k,0,,,648,246,169
19207015004,3,Bs,䒬쉺,0,,,178,80,89
19207015005,3,Bs,䒬,0,,,181,124,49
19207015006,3,Bs,䒬̑O,0,,,136,109,19
19207015007,3,Bs,䒬,0,,,176,154,19
192070160,2,Bs,c,0,,,574,497,36
19207016001,3,Bs,c,0,,,428,357,33
19207016002,3,Bs,cc,0,,,146,140,3
192070170,2,Bs,R,0,,,534,451,19
19207017001,3,Bs,Rΐ,0,,,154,94,3
19207017002,3,Bs,RɓE,0,,,79,75,2
19207017003,3,Bs,RĖ,0,,,109,103,4
19207017004,3,Bs,RE,0,,,124,114,8
19207017005,3,Bs,Rdv,0,,,37,36,1
19207017006,3,Bs,Rv,0,,,31,29,1
192070180,2,Bs,~쒬,0,,,359,312,16
19207018001,3,Bs,~쒬~,0,,,208,186,15
19207018002,3,Bs,~쒬~,0,,,98,74,-
19207018003,3,Bs,~쒬˖,0,,,37,37,-
19207018004,3,Bs,~쒬Fg~,0,,,16,15,1
192070190,2,Bs,N,0,,,390,349,3
19207019001,3,Bs,N܋,0,,,119,85,-
19207019002,3,Bs,N,0,,,136,133,1
19207019003,3,Bs,N,0,,,62,62,-
19207019004,3,Bs,N,0,,,73,69,2
192070200,2,Bs,_R,0,,,436,381,39
19207020001,3,Bs,_Rc,0,,,88,86,-
19207020002,3,Bs,_Rk{n,0,,,102,90,11
19207020003,3,Bs,_RR,0,,,246,205,28
192070210,2,Bs,,0,,,1084,953,69
19207021001,3,Bs,k,0,,,123,121,1
19207021002,3,Bs,R,0,,,235,225,5
19207021003,3,Bs,t,0,,,102,100,2
19207021004,3,Bs,{,0,,,74,64,9
19207021005,3,Bs,],0,,,99,83,15
19207021006,3,Bs,b艮,0,,,198,162,34
19207021007,3,Bs,R,0,,,54,53,-
19207021008,3,Bs,|,0,,,42,42,-
19207021009,3,Bs,v,0,,,112,63,2
19207021010,3,Bs,M,0,,,45,40,1
192070220,2,Bs,呐,0,,,1031,719,194
19207022001,3,Bs,呐,0,,,522,286,124
19207022002,3,Bs,呐H,0,,,230,189,38
19207022003,3,Bs,呐,0,,,162,138,23
19207022004,3,Bs,呐,0,,,117,106,9
192070230,2,Bs,,0,,,1390,1001,259
19207023001,3,Bs,Vc,0,,,446,248,126
19207023002,3,Bs,̏,0,,,310,260,43
19207023003,3,Bs,΋{,0,,,375,254,74
19207023005,3,Bs,z,0,,,172,159,11
19207023006,3,Bs,^,0,,,87,80,5
192070240,2,Bs,≺,0,,,110,85,21
192070250,2,Bs,mR,0,,,103,94,7
19208,1,AvXs,,0,,,24935,19634,3650
192080010,2,AvXs,Z,0,,,578,418,115
192080020,2,AvXs,싍,0,,,732,526,143
192080030,2,AvXs,㍂,0,,,365,320,33
192080040,2,AvXs,,0,,,297,204,15
192080050,2,AvXs,i,0,,,226,128,40
192080060,2,AvXs,|,0,,,362,257,56
192080070,2,AvXs,і,0,,,1419,1080,267
192080080,2,AvXs,݉ƒ,0,,,608,502,93
192080090,2,AvXs,SX,0,,,1330,1065,191
192080100,2,AvXs,㔪c,0,,,465,402,54
192080110,2,AvXs,,0,,,886,721,138
192080120,2,AvXs,㍡zK,0,,,399,279,111
192080130,2,AvXs,zK,0,,,258,133,94
192080140,2,AvXs,іVc,0,,,272,268,-
192080150,2,AvXs,ȗ֓cVc,0,,,110,108,2
192080160,2,AvXs,zR,0,,,24,23,-
192080170,2,AvXs,L,0,,,1016,815,94
192080180,2,AvXs,O,0,,,41,38,1
192080190,2,AvXs,嗒,2,0210,,X,X,X
192080200,2,AvXs,{,2,0210,,X,X,X
192080210,2,AvXs,,1,,0190;0200,10,10,-
192080220,2,AvXs,q,0,,,123,83,2
192080230,2,AvXs,,1,,0350,18,5,3
192080240,2,AvXs,,0,,,635,559,61
192080250,2,AvXs,,0,,,541,452,66
192080260,2,AvXs,\s,0,,,434,369,54
192080270,2,AvXs,,0,,,401,297,36
192080280,2,AvXs,,0,,,547,472,65
192080290,2,AvXs,c,0,,,1323,1040,254
192080300,2,AvXs,,0,,,475,353,109
192080310,2,AvXs,},0,,,2088,1528,397
192080320,2,AvXs,{n,0,,,83,46,8
192080330,2,AvXs,R,0,,,725,516,131
192080340,2,AvXs,,0,,,714,594,107
192080350,2,AvXs,,2,0230,,X,X,X
192080360,2,AvXs,R[h0360̌v,0,,,341,327,9
19208036001,3,AvXs,,0,,,133,131,1
19208036002,3,AvXs,߂u,0,,,208,196,8
192080370,2,AvXs,{n,0,,,345,268,16
192080380,2,AvXs,ȗ֓c,0,,,326,306,15
192080390,2,AvXs,sV,0,,,119,115,3
192080400,2,AvXs,,0,,,52,52,-
192080410,2,AvXs,,0,,,125,123,1
192080420,2,AvXs,sV,0,,,170,149,14
192080430,2,AvXs,㍡,0,,,227,217,9
192080440,2,AvXs,gc,0,,,588,412,86
19208044001,3,AvXs,gcgc,0,,,334,212,36
19208044002,3,AvXs,gcgc,0,,,254,200,50
192080450,2,AvXs,\܏,0,,,277,265,11
192080460,2,AvXs,o,0,,,354,320,27
192080470,2,AvXs,{n,0,,,277,176,89
192080480,2,AvXs,],0,,,390,309,78
192080490,2,AvXs,,0,,,297,231,63
192080500,2,AvXs,Îs,0,,,289,192,84
192080510,2,AvXs,c,0,,,359,231,14
192080520,2,AvXs,,0,,,358,295,46
192080530,2,AvXs,a,0,,,70,66,3
192080540,2,AvXs,,0,,,549,421,117
192080550,2,AvXs,t,0,,,396,258,108
192080560,2,AvXs,t,0,,,159,133,24
192080570,2,AvXs,,0,,,181,164,16
192080580,2,AvXs,{,0,,,-,-,-
192080590,2,AvXs,˓c,0,,,143,135,7
192080600,2,AvXs,,0,,,585,529,47
19208060001,3,AvXs,,0,,,109,67,38
19208060002,3,AvXs,,0,,,227,215,9
19208060003,3,AvXs,V,0,,,136,135,-
19208060004,3,AvXs,,0,,,113,112,-
192080610,2,AvXs,HR,0,,,64,63,1
192080620,2,AvXs,,0,,,112,111,-
192080630,2,AvXs,ˌ,0,,,61,59,1
192080640,2,AvXs,,0,,,216,96,21
19209,1,kms,,0,,,18016,15169,1084
192090010,2,kms,쒬,0,,,857,748,31
19209001001,3,kms,쒬xmPu,0,,,36,30,-
19209001002,3,kms,쒬萼,0,,,24,23,-
19209001003,3,kms,쒬ˍ,0,,,32,30,-
19209001004,3,kms,쒬,0,,,22,22,-
19209001005,3,kms,쒬蒆,0,,,27,26,1
19209001006,3,kms,쒬蓡,0,,,20,19,1
19209001007,3,kms,쒬O{,0,,,11,11,-
19209001008,3,kms,쒬v,0,,,15,15,-
19209001009,3,kms,쒬kg,0,,,155,127,26
19209001010,3,kms,쒬J,0,,,65,64,-
19209001011,3,kms,쒬舮Pu,0,,,59,31,-
19209001012,3,kms,쒬菬,0,,,19,19,-
19209001013,3,kms,쒬i,0,,,172,172,-
19209001014,3,kms,쒬ӌ,0,,,16,15,1
19209001015,3,kms,쒬{,0,,,152,144,2
19209001016,3,kms,쒬Pu,0,,,32,-,-
192090020,2,kms,쒬_,0,,,63,62,-
192090030,2,kms,쒬,0,,,244,233,9
19209003001,3,kms,쒬,0,,,145,142,2
19209003002,3,kms,쒬,0,,,32,31,-
19209003003,3,kms,쒬,0,,,35,31,4
19209003004,3,kms,쒬,0,,,32,29,3
192090040,2,kms,쒬Vc,0,,,169,164,2
192090050,2,kms,쒬_,0,,,60,60,-
19209005001,3,kms,쒬_扺_,0,,,45,45,-
19209005002,3,kms,쒬_̕,0,,,15,15,-
192090060,2,kms,쒬},0,,,201,188,3
19209006001,3,kms,쒬},0,,,59,56,2
19209006002,3,kms,쒬},0,,,43,42,1
19209006003,3,kms,쒬}},0,,,25,25,-
19209006004,3,kms,쒬}y,0,,,31,31,-
19209006005,3,kms,쒬},0,,,34,34,-
19209006006,3,kms,쒬}΃Pu,0,,,9,-,-
192090070,2,kms,쒬OV,0,,,55,55,-
192090080,2,kms,{ʒË,0,,,71,68,2
192090090,2,kms,{ʒË,0,,,108,107,1
192090100,2,kms,{ʒ,0,,,190,175,12
192090110,2,kms,{ʒ_q,0,,,606,363,108
192090120,2,kms,{ʒ_qV,0,,,58,56,1
192090130,2,kms,{ʒVV,0,,,49,49,-
192090140,2,kms,{ʒ哤c,0,,,126,121,4
192090150,2,kms,{ʒc,0,,,305,187,15
192090160,2,kms,{ʒ呠,0,,,168,151,14
192090170,2,kms,{ʒq,0,,,107,105,2
192090180,2,kms,{ʒ,0,,,111,76,-
192090190,2,kms,{ʒ],0,,,265,255,8
192090200,2,kms,{ʒu,0,,,76,73,3
192090210,2,kms,{ʒ,0,,,126,121,4
192090220,2,kms,,0,,,736,604,51
192090230,2,kms,,0,,,30,29,-
192090240,2,kms,,0,,,215,209,1
192090250,2,kms,o,0,,,223,218,2
192090260,2,kms,,0,,,39,39,-
192090270,2,kms,Rk,0,,,394,281,41
192090280,2,kms,֐V,0,,,146,137,4
192090290,2,kms,,0,,,401,343,38
192090300,2,kms,R,0,,,116,112,1
192090310,2,kms,R,0,,,298,235,16
192090320,2,kms,,0,,,157,153,4
192090330,2,kms,r,0,,,82,78,1
192090340,2,kms,ܒc,0,,,316,207,10
192090350,2,kms,㍕,0,,,147,141,4
192090360,2,kms,,0,,,287,226,24
192090370,2,kms,⒬,0,,,1149,672,128
192090380,2,kms,⒬≺,0,,,115,100,13
192090390,2,kms,⒬,0,,,118,115,1
192090400,2,kms,⒬x,0,,,175,142,9
192090410,2,kms,⒬a,0,,,58,56,2
192090420,2,kms,⒬ː,0,,,117,112,3
192090430,2,kms,⒬ďH,0,,,55,53,2
192090440,2,kms,⒬唪c,0,,,614,551,52
192090450,2,kms,⒬,0,,,201,189,6
192090460,2,kms,⒬,0,,,30,30,-
192090470,2,kms,⒬,0,,,316,300,12
192090480,2,kms,⒬PX,0,,,196,190,4
192090490,2,kms,⒬r,0,,,363,346,9
192090500,2,kms,򒬐o,0,,,1308,1109,61
192090510,2,kms,򒬒J,0,,,642,587,25
192090520,2,kms,B,0,,,100,85,4
192090530,2,kms,B,0,,,178,149,2
192090540,2,kms,B{,0,,,551,526,15
192090550,2,kms,BԐ,0,,,69,65,4
192090560,2,kms,B,0,,,243,227,2
192090570,2,kms,BV,0,,,112,112,-
192090580,2,kms,BP,0,,,111,109,1
192090590,2,kms,B啐,0,,,34,32,2
192090600,2,kms,B㋳,0,,,52,50,1
192090610,2,kms,쒬q,0,,,349,240,14
192090620,2,kms,쒬O,0,,,237,189,-
19209062001,3,kms,쒬OO,0,,,77,76,-
19209062002,3,kms,쒬OO,0,,,53,52,-
19209062003,3,kms,쒬OVJn,0,,,107,61,-
192090630,2,kms,쒬R,0,,,136,135,1
192090640,2,kms,쒬,0,,,75,75,-
192090650,2,kms,쒬V,0,,,45,44,1
192090660,2,kms,쒬{e,0,,,95,94,1
192090670,2,kms,쒬,0,,,240,234,5
192090680,2,kms,,0,,,1341,1057,142
192090690,2,kms,,0,,,752,593,128
192090700,2,kms,,0,,,146,98,18
192090710,2,kms,,0,,,91,74,-
19210,1,bs,,0,,,29076,18985,8587
192100010,2,bs,,0,,,1687,1144,505
192100020,2,bs,,0,,,3094,1997,987
192100030,2,bs,,0,,,962,622,316
192100040,2,bs,x|Vc,0,,,2473,1501,895
192100050,2,bs,V,0,,,1833,1067,685
192100060,2,bs,,0,,,529,333,184
192100070,2,bs,,0,,,3603,2275,1211
19210007001,3,bs,,0,,,3218,1954,1152
19210007002,3,bs,,0,,,385,321,59
192100080,2,bs,ʐ,0,,,1662,739,399
19210008000,3,bs,ʐ,0,,,61,53,7
19210008001,3,bs,ʐ,0,,,1093,686,392
19210008002,3,bs,ʐ,0,,,508,-,-
192100090,2,bs,,0,,,1170,640,493
192100100,2,bs,剺,0,,,1379,698,619
192100110,2,bs,,0,,,2243,1471,678
192100120,2,bs,,0,,,1470,929,498
192100130,2,bs,V,0,,,260,219,24
192100140,2,bs,v,0,,,137,134,3
192100150,2,bs,,0,,,309,179,122
192100160,2,bs,,0,,,267,236,30
192100170,2,bs,T,0,,,136,134,2
192100180,2,bs,ŕ,0,,,5,5,-
192100190,2,bs,,0,,,14,14,-
192100200,2,bs,q,0,,,11,11,-
192100210,2,bs,㐛,0,,,10,10,-
192100220,2,bs,,0,,,6,6,-
192100230,2,bs,,0,,,9,9,-
192100240,2,bs,_,0,,,7,7,-
192100250,2,bs,,0,,,29,29,-
192100260,2,bs,㕟,0,,,10,10,-
192100270,2,bs,,0,,,14,13,1
192100280,2,bs,㈰,0,,,21,19,1
192100290,2,bs,g,1,,0300,129,128,-
192100300,2,bs,c,2,0290,,X,X,X
192100310,2,bs,n,0,,,1949,1568,264
192100320,2,bs,嚰,0,,,536,502,30
192100330,2,bs,cqV,0,,,284,280,4
192100340,2,bs,Ҋ,0,,,73,70,2
192100350,2,bs,,0,,,1015,666,324
192100360,2,bs,X,0,,,649,445,144
192100370,2,bs,uc,0,,,250,188,60
192100380,2,bs,FÒJ,0,,,841,687,106
19211,1,Js,,0,,,25951,18740,6276
192110010,2,Js,Θa쒆,0,,,926,524,377
192110020,2,Js,Θac,0,,,523,260,245
192110030,2,Js,Θas,0,,,783,439,316
192110040,2,Js,ΘaE,0,,,326,119,159
192110050,2,Js,Θals,0,,,956,474,459
192110060,2,Js,ΘaL,0,,,771,452,300
192110070,2,Js,Θa,0,,,420,273,129
192110080,2,Js,Θa㕽,0,,,431,221,119
192110090,2,Js,Θa,0,,,398,252,126
192110100,2,Js,Θa{,0,,,862,401,434
192110110,2,Js,ΘaR,0,,,466,198,264
192110120,2,Js,Θa,0,,,1239,902,323
192110130,2,Js,Θa,0,,,407,243,163
192110140,2,Js,Θa,0,,,296,198,95
192110150,2,Js,Θa͓,0,,,714,555,154
192110160,2,Js,ΘaΘa,0,,,771,621,141
192110170,2,Js,Θa,0,,,111,66,44
192110180,2,Js,Θa,0,,,541,319,214
192110190,2,Js,Θa,0,,,282,192,89
192110200,2,Js,⒬c,0,,,741,537,198
192110210,2,Js,⒬,0,,,134,86,46
192110220,2,Js,⒬V{,0,,,459,312,85
192110230,2,Js,⒬Ėڌ,0,,,285,247,36
192110240,2,Js,⒬쌴,0,,,248,222,22
192110250,2,Js,⒬V,0,,,358,300,56
192110260,2,Js,⒬瑠,0,,,200,190,9
192110270,2,Js,⒬R,0,,,108,101,6
192110280,2,Js,⒬쌴,0,,,265,216,49
192110290,2,Js,⒬I,0,,,250,195,54
192110300,2,Js,⒬,0,,,91,87,4
192110310,2,Js,⒬쎛,0,,,141,140,1
192110320,2,Js,⒬|,0,,,102,100,2
192110330,2,Js,⒬,0,,,235,207,18
192110340,2,Js,⒬㍕,0,,,407,401,4
192110350,2,Js,⒬,0,,,29,29,-
192110360,2,Js,{,0,,,79,79,-
192110370,2,Js,{,0,,,80,61,17
192110380,2,Js,{ks,0,,,94,59,35
192110390,2,Js,{m{,0,,,196,163,33
192110400,2,Js,{,0,,,211,148,62
192110410,2,Js,{{s,0,,,80,72,8
192110420,2,Js,{|c,0,,,193,185,6
192110430,2,Js,{c,0,,,196,126,68
192110440,2,Js,{,0,,,249,189,51
192110450,2,Js,{,0,,,168,152,5
192110460,2,Js,{؈,0,,,244,238,4
192110470,2,Js,{c,0,,,363,261,94
192110480,2,Js,{sV,0,,,87,87,-
192110490,2,Js,{V,0,,,34,34,-
192110500,2,Js,{c,0,,,263,165,-
192110510,2,Js,{_,0,,,37,36,1
192110520,2,Js,{V,0,,,53,53,-
192110530,2,Js,{ϐV,0,,,61,61,-
192110540,2,Js,{,0,,,54,54,-
192110550,2,Js,{y,0,,,84,81,2
192110560,2,Js,{,0,,,81,80,1
192110570,2,Js,{n,0,,,33,31,-
192110580,2,Js,{Ď,0,,,52,51,-
192110590,2,Js,{,0,,,323,281,17
192110600,2,Js,{C,0,,,94,92,-
192110610,2,Js,{kC,0,,,57,57,-
192110620,2,Js,{,0,,,91,86,5
192110630,2,Js,㒬,0,,,824,640,122
192110640,2,Js,㒬k,0,,,470,449,13
192110650,2,Js,㒬,0,,,200,165,20
192110660,2,Js,㒬,0,,,299,247,10
192110670,2,Js,㒬,0,,,155,127,27
192110680,2,Js,㒬i,0,,,199,182,16
192110690,2,Js,㒬đq,0,,,228,170,5
192110700,2,Js,㒬|,0,,,135,133,1
192110710,2,Js,㒬ޗǌ,0,,,79,79,-
19211071001,3,Js,㒬ޗǌޗǌ,0,,,68,68,-
19211071002,3,Js,㒬ޗǌ,0,,,11,11,-
192110720,2,Js,㒬ԓc,0,,,52,51,-
192110730,2,Js,쒬单,0,,,55,53,2
192110740,2,Js,쒬,0,,,215,197,16
192110750,2,Js,쒬R,0,,,98,96,-
192110760,2,Js,쒬Oԓc,0,,,120,101,14
192110770,2,Js,쒬΋,0,,,236,227,7
192110780,2,Js,쒬O,0,,,72,72,-
192110790,2,Js,쒬,0,,,151,104,3
192110800,2,Js,쒬E,0,,,26,25,-
192110810,2,Js,쒬,0,,,305,292,10
192110820,2,Js,쒬,0,,,180,178,-
192110830,2,Js,쒬VP,0,,,-,-,-
192110840,2,Js,tF쓰,0,,,223,156,55
192110850,2,Js,t≺,0,,,99,84,15
192110860,2,Js,tʓc,0,,,205,177,27
192110870,2,Js,tK,0,,,309,274,31
192110880,2,Js,t,0,,,102,83,19
192110890,2,Js,t{,0,,,164,84,74
192110900,2,Js,t,0,,,426,245,161
192110910,2,Js,t{,0,,,240,143,95
192110920,2,Js,t,0,,,51,51,-
192110930,2,Js,t,0,,,1018,630,375
192110940,2,Js,㈰,0,,,50,41,1
192110950,2,Js,V䌴,0,,,29,28,1
192110960,2,Js,,0,,,59,52,5
192110970,2,Js,h,0,,,44,43,1
19212,1,쌴s,,0,,,9565,7502,1692
192120010,2,쌴s,,0,,,62,60,-
192120020,2,쌴s,,0,,,251,248,1
192120030,2,쌴s,cK,0,,,149,146,1
192120040,2,쌴s,a,0,,,36,36,-
192120050,2,쌴s,_,0,,,43,43,-
192120060,2,쌴s,Kv,0,,,106,102,1
192120071,2,쌴s,RA,0,,,1236,1221,7
19212007101,3,쌴s,RAP,0,,,342,336,4
19212007102,3,쌴s,RAQ,0,,,271,266,2
19212007103,3,쌴s,RAR,0,,,308,306,-
19212007104,3,쌴s,RAS,0,,,315,313,1
192120072,2,쌴s,l,0,,,347,318,21
192120080,2,쌴s,c,0,,,494,162,307
192120090,2,쌴s,,0,,,366,157,191
192120100,2,쌴s,썇,0,,,69,69,-
192120110,2,쌴s,q,0,,,41,41,-
192120120,2,쌴s,],0,,,104,98,3
192120130,2,쌴s,ߐ,0,,,97,92,5
192120140,2,쌴s,垭,0,,,80,79,1
192120150,2,쌴s,Vc,0,,,272,215,51
192120160,2,쌴s,ߓ,0,,,500,455,40
192120170,2,쌴s,쌴,0,,,4069,2772,1044
19212017000,3,쌴s,쌴,0,,,3839,2627,970
19212017001,3,쌴s,쌴,0,,,230,145,74
192120180,2,쌴s,,0,,,412,403,3
192120190,2,쌴s,,0,,,268,259,5
192120200,2,쌴s,HR,0,,,46,46,-
192120210,2,쌴s,HRl,0,,,29,24,3
192120220,2,쌴s,HR,0,,,21,20,1
192120230,2,쌴s,HR,0,,,22,22,-
192120240,2,쌴s,HR,0,,,42,41,-
192120250,2,쌴s,HR,0,,,38,31,-
192120260,2,쌴s,HR,0,,,24,22,1
192120270,2,쌴s,HRn,0,,,23,22,1
192120280,2,쌴s,HRIJ,0,,,27,18,1
192120290,2,쌴s,HR,0,,,33,31,1
192120300,2,쌴s,HR_,0,,,43,43,-
192120310,2,쌴s,HRac,0,,,21,21,-
192120320,2,쌴s,HRR,0,,,9,9,-
192120330,2,쌴s,HR,0,,,60,59,1
192120340,2,쌴s,HRÑ,0,,,19,18,1
192120350,2,쌴s,HRx,0,,,59,56,1
192120360,2,쌴s,HRÕu,0,,,24,22,-
192120370,2,쌴s,HR,0,,,23,21,-
19213,1,bBs,,0,,,11287,9496,986
192130010,2,bBs,,0,,,492,462,23
19213001001,3,bBs,,0,,,229,224,1
19213001002,3,bBs,쉺,0,,,263,238,22
192130020,2,bBs,㉗],0,,,1407,1142,229
19213002001,3,bBs,㉗]㓌,0,,,233,193,38
19213002002,3,bBs,㉗],0,,,121,101,19
19213002003,3,bBs,㉗]㐼,0,,,355,291,41
19213002004,3,bBs,㉗],0,,,120,87,31
19213002005,3,bBs,㉗],0,,,102,92,10
19213002006,3,bBs,㉗],0,,,126,109,16
19213002007,3,bBs,㉗],0,,,350,269,74
192130030,2,bBs,㉖,0,,,462,270,15
19213003001,3,bBs,㉖㉖,0,,,288,270,14
19213003002,3,bBs,㉖㉖cn,0,,,174,-,1
192130040,2,bBs,,0,,,376,332,41
192130050,2,bBs,],0,,,786,552,226
19213005000,3,bBs,]],0,,,27,19,8
19213005001,3,bBs,]],0,,,432,341,90
19213005002,3,bBs,]],0,,,327,192,128
192130060,2,bBs,Ԕ,0,,,545,359,132
192130070,2,bBs,,0,,,149,147,-
192130080,2,bBs,쌴,0,,,55,55,-
192130090,2,bBs,,0,,,221,216,5
19213009001,3,bBs,k,1,,009003,173,168,5
19213009002,3,bBs,ԉ,0,,,48,48,-
19213009003,3,bBs,㉖,2,009001,,X,X,X
192130100,2,bBs,F,0,,,418,275,69
192130110,2,bBs,Lc,0,,,172,131,39
192130120,2,bBs,|X,0,,,244,213,4
19213012001,3,bBs,|X|X,0,,,150,122,2
19213012002,3,bBs,|X|X,0,,,94,91,2
192130130,2,bBs,,0,,,32,32,-
192130140,2,bBs,,0,,,43,43,-
192130150,2,bBs,K,0,,,454,374,33
192130160,2,bBs,Os,0,,,503,494,5
19213016001,3,bBs,OsOs,0,,,240,235,4
19213016002,3,bBs,OsOsꉺ,0,,,263,259,1
192130170,2,bBs,~,0,,,275,245,27
192130180,2,bBs,,0,,,254,195,21
192130190,2,bBs,M,0,,,54,53,-
192130200,2,bBs,㔋,0,,,338,333,2
19213020001,3,bBs,㔋,0,,,116,115,1
19213020002,3,bBs,㔋؉,0,,,113,109,1
19213020003,3,bBs,㔋؏,0,,,84,84,-
19213020004,3,bBs,㔋,0,,,25,25,-
19213020005,3,bBs,㔋R,0,,,-,-,-
192130210,2,bBs,c,0,,,110,109,-
192130220,2,bBs,㏬c,0,,,80,76,3
192130230,2,bBs,V,0,,,22,20,-
192130240,2,bBs,,0,,,255,253,1
19213024001,3,bBs,,0,,,111,110,1
19213024002,3,bBs,,0,,,103,103,-
19213024003,3,bBs,O,0,,,41,40,-
192130250,2,bBs,,0,,,106,104,1
192130260,2,bBs,㈾,0,,,202,151,1
192130270,2,bBs,,0,,,657,535,27
192130280,2,bBs,X,0,,,219,205,13
192130290,2,bBs,[,0,,,12,12,-
192130300,2,bBs,,0,,,314,242,3
192130310,2,bBs,,0,,,258,253,5
192130320,2,bBs,,0,,,103,97,6
192130330,2,bBs,,0,,,313,254,5
192130340,2,bBs,R,0,,,137,135,1
192130350,2,bBs,x,0,,,193,180,8
192130360,2,bBs,Ȓ,0,,,209,190,18
192130370,2,bBs,HR,0,,,299,293,4
192130380,2,bBs,,0,,,66,63,1
192130390,2,bBs,ؑ,0,,,10,10,-
192130400,2,bBs,c,0,,,46,44,-
192130410,2,bBs,,0,,,259,234,17
192130420,2,bBs,ߐ,0,,,29,29,-
192130430,2,bBs,e,0,,,108,84,1
19214,1,s,,0,,,12614,7741,3965
192140010,2,s,,0,,,213,178,35
192140020,2,s,,0,,,194,173,8
192140030,2,s,،,0,,,232,225,6
192140040,2,s,咹,0,,,425,359,2
192140050,2,s,֌,0,,,124,119,5
192140061,2,s,V,0,,,288,155,104
192140062,2,s,{,0,,,938,171,699
192140070,2,s,V,0,,,512,194,295
192140080,2,s,|,0,,,467,233,210
192140090,2,s,,0,,,680,293,200
192140100,2,s,Ɋy,0,,,86,85,1
192140110,2,s,,0,,,115,109,6
192140120,2,s,꒬,0,,,109,75,30
192140130,2,s,Vc,0,,,47,23,-
192140140,2,s,O,0,,,623,365,238
192140150,2,s,O,0,,,388,278,101
192140160,2,s,͓,0,,,745,404,293
192140170,2,s,RV_,0,,,1375,1132,221
192140180,2,s,z{,0,,,1542,883,603
192140190,2,s,P䈢,0,,,637,442,183
192140200,2,s,ԗ,0,,,1111,610,428
192140210,2,s,ԗ,0,,,1428,910,288
192140220,2,s,ca,0,,,135,130,5
192140230,2,s,,0,,,86,85,1
192140240,2,s,,0,,,70,68,1
192140250,2,s,Vc,0,,,44,42,2
19346,1,SsO,,0,,,5859,5078,263
193460010,2,SsO,s,0,,,2444,1928,197
193460020,2,SsO,,0,,,88,88,-
193460030,2,SsO,c,0,,,347,331,15
193460040,2,SsO,R,0,,,140,125,7
193460050,2,SsO,咹,0,,,134,116,18
193460060,2,SsO,,0,,,252,245,5
193460070,2,SsO,VK,0,,,38,38,-
193460080,2,SsO,,0,,,416,341,2
193460090,2,SsO,,1,,0100,801,778,10
193460100,2,SsO,F,2,0090,,X,X,X
193460110,2,SsO,R,0,,,10,10,-
193460120,2,SsO,,0,,,9,9,-
193460130,2,SsO,,0,,,16,16,-
193460140,2,SsO,O,0,,,10,10,-
193460150,2,SsO,,0,,,14,14,-
193460160,2,SsO,,0,,,584,503,5
193460170,2,SsO,,0,,,205,190,1
193460180,2,SsO,,0,,,88,87,1
193460190,2,SsO,{,0,,,106,94,-
193460200,2,SsO,U,0,,,94,93,1
193460210,2,SsO,Ì,0,,,52,51,1
193460220,2,SsO,ܔ,2,0230,,X,X,X
193460230,2,SsO,≺,1,,0220;0240,11,11,-
193460240,2,SsO,,2,0230,,X,X,X
19364,1,싐S쒬,,0,,,527,433,25
193640010,2,싐S쒬,j,0,,,15,9,2
193640020,2,싐S쒬,V{,0,,,8,8,-
193640030,2,싐S쒬,,0,,,28,27,1
193640040,2,싐S쒬,P,0,,,19,18,1
193640050,2,싐S쒬,V,0,,,5,5,-
193640060,2,싐S쒬,,2,0070,,X,X,X
193640070,2,싐S쒬,Ғ,1,,0060;0080,18,16,-
193640080,2,싐S쒬,,2,0070,,X,X,X
193640090,2,싐S쒬,,0,,,15,15,-
193640100,2,싐S쒬,{a,0,,,40,30,-
193640110,2,싐S쒬,,0,,,33,15,3
193640120,2,싐S쒬,哇,0,,,18,13,1
193640130,2,싐S쒬,,0,,,32,22,3
193640140,2,싐S쒬,J,0,,,78,75,3
193640150,2,싐S쒬,Z,0,,,41,36,2
193640160,2,싐S쒬,ԑ,0,,,31,29,1
193640170,2,싐S쒬,ޗǓc,0,,,15,12,1
193640180,2,싐S쒬,,0,,,49,33,-
193640190,2,싐S쒬,Vq,0,,,42,38,-
193640200,2,싐S쒬,匴,0,,,28,20,7
193640210,2,싐S쒬,,0,,,12,12,-
19365,1,싐Sg,,0,,,4955,4298,213
193650010,2,싐Sg,q,0,,,29,29,-
193650020,2,싐Sg,R,0,,,421,341,34
19365002001,3,싐Sg,R,0,,,133,83,29
19365002002,3,싐Sg,R,0,,,20,20,-
19365002003,3,싐Sg,R{,0,,,43,43,-
19365002004,3,싐Sg,RC|CH,0,,,83,76,2
19365002005,3,싐Sg,RV,0,,,50,36,-
19365002006,3,싐Sg,RRz,0,,,9,9,-
19365002007,3,싐Sg,Rr,0,,,72,63,3
19365002008,3,싐Sg,RR,0,,,11,11,-
19365002009,3,싐Sg,R쐼,0,,,-,-,-
193650030,2,싐Sg,g؈,0,,,202,146,19
19365003001,3,싐Sg,g؈,0,,,25,23,2
19365003002,3,싐Sg,g؈,0,,,94,62,-
19365003003,3,싐Sg,g؈O,0,,,83,61,17
193650040,2,싐Sg,g,0,,,259,213,12
19365004001,3,싐Sg,gJCJCmR,0,,,43,30,-
19365004002,3,싐Sg,g,0,,,46,28,3
19365004003,3,싐Sg,gZ,0,,,24,23,1
19365004004,3,싐Sg,g㒬,0,,,31,30,-
19365004005,3,싐Sg,g,0,,,26,26,-
19365004006,3,싐Sg,gk,0,,,46,39,5
19365004007,3,싐Sg,g,1,,004008,43,37,3
19365004008,3,싐Sg,gʎR,2,004007,,X,X,X
193650050,2,싐Sg,~,0,,,234,198,20
19365005001,3,싐Sg,~,0,,,80,71,7
19365005002,3,싐Sg,~,0,,,154,127,13
193650060,2,싐Sg,,0,,,88,78,9
193650070,2,싐Sg,cD,0,,,66,62,1
193650080,2,싐Sg,,0,,,21,20,-
193650090,2,싐Sg,,0,,,51,47,1
193650100,2,싐Sg,,0,,,135,73,8
19365010001,3,싐Sg,,0,,,102,42,6
19365010002,3,싐Sg,,0,,,33,31,2
193650110,2,싐Sg,,0,,,29,28,-
193650120,2,싐Sg,q,0,,,6,4,2
193650130,2,싐Sg,q,0,,,44,43,-
193650140,2,싐Sg,㔪ؑ,0,,,24,24,-
193650150,2,싐Sg,ؑ,1,,0160,14,13,1
193650160,2,싐Sg,嚰,2,0150,,X,X,X
193650170,2,싐Sg,ы,0,,,150,140,7
19365017001,3,싐Sg,ы,0,,,75,71,3
19365017002,3,싐Sg,ыV,1,,0180;0190,75,69,4
193650180,2,싐Sg,֑,2,017002,,X,X,X
193650190,2,싐Sg,,2,017002,,X,X,X
193650200,2,싐Sg,ۑ,0,,,79,74,5
193650210,2,싐Sg,p,0,,,181,133,33
193650220,2,싐Sg,ac,1,,0230,64,64,-
193650230,2,싐Sg,V,2,0220,,X,X,X
193650240,2,싐Sg,哇,0,,,97,95,2
193650250,2,싐Sg,,0,,,383,330,12
193650260,2,싐Sg,剖,0,,,59,59,-
193650270,2,싐Sg,{,0,,,14,14,-
193650280,2,싐Sg,v,0,,,18,18,-
193650290,2,싐Sg,ő,0,,,54,51,1
193650300,2,싐Sg,,0,,,21,21,-
193650310,2,싐Sg,,0,,,57,36,2
193650320,2,싐Sg,ؐ,0,,,70,67,-
193650330,2,싐Sg,q,0,,,38,37,1
193650340,2,싐Sg,׍H,0,,,19,19,-
193650350,2,싐Sg,ÒJ,0,,,14,14,-
193650360,2,싐Sg,q,0,,,7,7,-
193650370,2,싐Sg,]KE,0,,,12,12,-
193650380,2,싐Sg,R,0,,,24,24,-
193650390,2,싐Sg,x,0,,,21,17,-
193650400,2,싐Sg,s,0,,,84,65,1
193650410,2,싐Sg,ɏ,0,,,27,23,4
193650420,2,싐Sg,ѕx,0,,,206,169,8
193650430,2,싐Sg,c,0,,,80,59,-
193650440,2,싐Sg,{,0,,,82,75,2
193650450,2,싐Sg,O,0,,,228,198,2
193650460,2,싐Sg,ԓc,0,,,97,72,-
193650470,2,싐Sg,ؖ[,0,,,48,46,1
193650480,2,싐Sg,,0,,,36,36,-
193650490,2,싐Sg,D,0,,,14,14,-
193650500,2,싐Sg,ő,0,,,10,10,-
193650510,2,싐Sg,c,0,,,18,18,-
193650520,2,싐Sg,F,0,,,11,11,-
193650530,2,싐Sg,v,1,,0550;0560,17,17,-
193650540,2,싐Sg,,0,,,5,5,-
193650550,2,싐Sg,R,2,0530,,X,X,X
193650560,2,싐Sg,R,2,0530,,X,X,X
193650570,2,싐Sg,c,0,,,22,22,-
193650580,2,싐Sg,F,0,,,29,29,-
193650590,2,싐Sg,Ê,0,,,75,73,2
193650600,2,싐Sg,z,0,,,11,11,-
193650610,2,싐Sg,Vq,0,,,32,32,-
193650620,2,싐Sg,,0,,,14,13,1
193650630,2,싐Sg,q,1,,0650;0660,37,37,-
193650640,2,싐Sg,鏬,0,,,26,26,-
193650650,2,싐Sg,ܖ,2,0630,,X,X,X
193650660,2,싐Sg,,2,0630,,X,X,X
193650670,2,싐Sg,,0,,,16,16,-
193650680,2,싐Sg,吆,0,,,19,19,-
193650690,2,싐Sg,⌇,0,,,29,28,1
193650700,2,싐Sg,R,0,,,15,15,-
193650710,2,싐Sg,sV,0,,,72,71,-
193650720,2,싐Sg,k,0,,,67,66,1
193650730,2,싐Sg,t,0,,,292,262,11
193650740,2,싐Sg,,0,,,118,102,5
193650750,2,싐Sg,V,0,,,7,7,-
193650760,2,싐Sg,V,0,,,40,35,4
193650770,2,싐Sg,g,0,,,66,65,-
19366,1,싐S암,,0,,,2959,2657,63
193660010,2,싐S암,D,0,,,538,417,30
19366001001,3,싐S암,D,0,,,285,258,24
19366001002,3,싐S암,D,0,,,139,112,5
19366001003,3,싐S암,D,0,,,114,47,1
193660020,2,싐S암,o,0,,,53,53,-
193660030,2,싐S암,\,0,,,89,87,2
193660040,2,싐S암,㍲,1,,0050,13,13,-
193660050,2,싐S암,,2,0040,,X,X,X
193660060,2,싐S암,,0,,,149,147,-
193660070,2,싐S암,{,0,,,220,217,2
193660080,2,싐S암,,0,,,145,142,3
193660090,2,싐S암,암,0,,,484,428,7
19366009001,3,싐S암,암암,0,,,374,318,7
19366009002,3,싐S암,암,0,,,110,110,-
193660100,2,싐S암,,0,,,53,52,1
193660110,2,싐S암,a,0,,,81,38,-
193660120,2,싐S암,,0,,,113,113,-
193660130,2,싐S암,m,0,,,646,601,12
19366013001,3,싐S암,m,0,,,217,183,5
19366013002,3,싐S암,m,0,,,85,80,1
19366013003,3,싐S암,mV,0,,,102,100,2
19366013004,3,싐S암,m䓰,0,,,44,44,-
19366013005,3,싐S암,mc,0,,,59,57,2
19366013006,3,싐S암,mH,0,,,88,86,2
19366013007,3,싐S암,m,0,,,51,51,-
193660140,2,싐S암,,0,,,375,349,6
19366014001,3,싐S암,򒩓,0,,,55,49,1
19366014002,3,싐S암,xm,0,,,111,97,2
19366014003,3,싐S암,򌳏h,0,,,100,96,2
19366014004,3,싐S암,Vh,0,,,50,50,-
19366014005,3,싐S암,ˑ,0,,,59,57,1
19368,1,싐Sxm쒬,,0,,,5608,4417,536
193680010,2,싐Sxm쒬,ŏ,0,,,933,748,108
193680020,2,싐Sxm쒬,V_,0,,,463,392,44
193680030,2,싐Sxm쒬,v,0,,,126,105,-
193680040,2,싐Sxm쒬,m,0,,,187,181,4
193680050,2,싐Sxm쒬,,0,,,453,386,62
193680060,2,싐Sxm쒬,V,0,,,834,671,132
193680070,2,싐Sxm쒬,垭,0,,,191,128,7
193680080,2,싐Sxm쒬,,0,,,880,662,82
193680090,2,싐Sxm쒬,,0,,,113,102,9
193680100,2,싐Sxm쒬,,0,,,116,100,11
193680110,2,싐Sxm쒬,,0,,,54,47,7
193680120,2,싐Sxm쒬,k,0,,,381,115,50
193680130,2,싐Sxm쒬,,0,,,111,83,9
193680140,2,싐Sxm쒬,,0,,,122,118,2
193680150,2,싐Sxm쒬,,0,,,114,95,-
193680160,2,싐Sxm쒬,,0,,,133,127,1
193680170,2,싐Sxm쒬,,0,,,117,115,2
193680180,2,싐Sxm쒬,,0,,,171,135,4
193680190,2,싐Sxm쒬,܊J,0,,,109,107,2
19384,1,Sa,,0,,,7992,4172,3298
193840010,2,Sa,,0,,,2384,1114,1137
19384001001,3,Sa,,0,,,913,410,442
19384001002,3,Sa,,0,,,1471,704,695
193840030,2,Sa,V,0,,,834,383,423
193840040,2,Sa,Vc,0,,,528,306,212
193840050,2,Sa,z,0,,,517,361,148
193840060,2,Sa,͓,0,,,387,294,86
193840070,2,Sa,,0,,,652,292,339
193840080,2,Sa,znV,0,,,444,310,119
193840090,2,Sa,ы,0,,,286,217,53
193840100,2,Sa,͐,0,,,1140,571,509
193840110,2,Sa,͓,0,,,820,324,272
19384011001,3,Sa,͓,0,,,407,204,199
19384011002,3,Sa,͓,0,,,413,120,73
19422,1,sSu,,0,,,589,535,15
194220010,2,sSu,,0,,,36,34,2
194220020,2,sSu,v,0,,,39,37,1
194220030,2,sSu,Pn,0,,,84,65,3
194220040,2,sSu,|V{,0,,,99,85,3
194220050,2,sSu,쌴,0,,,86,75,1
194220060,2,sSu,_n,0,,,97,95,1
194220070,2,sSu,PV,0,,,148,144,4
19423,1,sSj,,0,,,1456,1233,85
194230010,2,sSj,n,0,,,314,229,25
194230020,2,sSj,,0,,,803,699,50
194230030,2,sSj,q,0,,,339,305,10
19424,1,sSE쑺,,0,,,2466,1728,178
194240010,2,sSE쑺,,0,,,832,763,52
194240020,2,sSE쑺,E,0,,,1634,965,126
19425,1,sSRΑ,,0,,,1746,1551,98
194250010,2,sSRΑ,R,0,,,949,835,62
194250020,2,sSRΑ,,0,,,411,374,20
194250030,2,sSRΑ,Pu,0,,,222,194,4
194250040,2,sSRΑ,r,0,,,164,148,12
19429,1,sS,,0,,,1001,933,46
194290010,2,sS,,0,,,668,642,11
194290020,2,sS,ca,0,,,333,291,35
19430,1,sSxm͌Β,,0,,,9417,6694,2298
194300010,2,sSxm͌Β,D,0,,,4511,2680,1607
194300020,2,sSxm͌Β,,0,,,105,99,3
194300030,2,sSxm͌Β,,0,,,1722,1221,409
194300040,2,sSxm͌Β,,0,,,487,468,8
194300050,2,sSxm͌Β,͌,0,,,784,708,39
194300060,2,sSxm͌Β,R,0,,,923,715,196
194300070,2,sSxm͌Β,l,0,,,143,138,4
194300080,2,sSxm͌Β,,0,,,180,171,8
194300090,2,sSxm͌Β,嗒,0,,,170,134,6
194300100,2,sSxm͌Β,i,0,,,102,88,12
194300110,2,sSxm͌Β,{,0,,,49,46,1
194300120,2,sSxm͌Β,xmP,0,,,241,226,5
19442,1,ksS,,0,,,331,271,13
194420010,2,ksS,,0,,,331,271,13
19442001001,3,ksS,P,0,,,214,157,10
19442001002,3,ksS,Q,0,,,117,114,3
19443,1,ksSOgR,,0,,,281,225,8
194430010,2,ksSOgR,H,0,,,48,36,1
194430020,2,ksSOgR,g,0,,,37,17,3
194430030,2,ksSOgR,g,0,,,20,20,-
194430040,2,ksSOgR,g,0,,,45,35,1
194430050,2,ksSOgR,,0,,,40,38,1
194430060,2,ksSOgR,_O,0,,,37,30,1
194430070,2,ksSOgR,۔V,0,,,27,26,-
19443007001,3,ksSOgR,۔V,2,007002,,X,X,X
19443007002,3,ksSOgR,۔V,1,,007001;0080,27,26,-
194430080,2,ksSOgR,,2,007002,,X,X,X
194430090,2,ksSOgR,,0,,,22,19,1
194430100,2,ksSOgR,,1,,0110,5,4,-
194430110,2,ksSOgR,OgR,2,0100,,X,X,X
