KEY_CODE,HYOSYO,CITYNAME,NAME,HTKSYORI,HTKSAKI,GASSAN,T000852001,T000852002,T000852003
,,,,,,,ZɏZވʐ,,c؉
39201,1,ms,,0,,,152075,86119,54192
392010010,2,ms,㒬,0,,,1748,756,897
39201001001,3,ms,㒬P,0,,,434,178,233
39201001002,3,ms,㒬Q,0,,,327,144,170
39201001003,3,ms,㒬R,0,,,456,196,243
39201001004,3,ms,㒬S,0,,,358,165,158
39201001005,3,ms,㒬T,0,,,173,73,93
392010020,2,ms,{,0,,,24,13,11
392010030,2,ms,ʒ,0,,,12,5,7
392010040,2,ms,ʒ,0,,,86,80,2
392010050,2,ms,l,0,,,261,115,135
392010060,2,ms,^͒,0,,,251,74,167
392010070,2,ms,鏠,0,,,407,304,79
39201007001,3,ms,鏠P,0,,,224,148,63
39201007002,3,ms,鏠Q,0,,,183,156,16
392010080,2,ms,{,0,,,515,242,248
39201008001,3,ms,{P,0,,,148,93,50
39201008002,3,ms,{Q,0,,,108,25,74
39201008003,3,ms,{R,0,,,159,77,73
39201008004,3,ms,{S,0,,,20,16,4
39201008005,3,ms,{T,0,,,80,31,47
392010090,2,ms,`,0,,,302,135,159
392010100,2,ms,щ,0,,,141,59,80
39201010001,3,ms,щP,0,,,22,21,-
39201010002,3,ms,щQ,0,,,119,38,80
392010110,2,ms,ǎ,0,,,76,42,33
39201011001,3,ms,ǎ؂P,0,,,32,25,7
39201011002,3,ms,ǎ؂Q,0,,,44,17,26
392010120,2,ms,㒬,0,,,548,179,358
392010130,2,ms,i,0,,,248,63,174
392010140,2,ms,ۃm,0,,,173,67,77
39201014001,3,ms,ۃmP,0,,,68,38,23
39201014002,3,ms,ۃmQ,0,,,105,29,54
392010150,2,ms,̓,0,,,233,147,81
392010160,2,ms,㔽c,0,,,423,271,130
392010170,2,ms,؉꒬,0,,,118,51,66
392010180,2,ms,_l,0,,,203,48,144
392010190,2,ms,錩,0,,,164,96,64
392010200,2,ms,䒬,0,,,119,45,71
392010210,2,ms,͂܂⒬,0,,,493,206,270
39201021001,3,ms,͂܂⒬P,0,,,239,85,147
39201021002,3,ms,͂܂⒬Q,0,,,254,121,123
392010220,2,ms,O,0,,,55,46,4
392010230,2,ms,䒬,0,,,1265,556,683
39201023001,3,ms,䒬P,0,,,579,205,354
39201023002,3,ms,䒬Q,0,,,686,351,329
392010240,2,ms,͂܂⒬,0,,,709,256,425
39201024001,3,ms,͂܂⒬P,0,,,172,64,103
39201024002,3,ms,͂܂⒬Q,0,,,196,61,124
39201024003,3,ms,͂܂⒬R,0,,,341,131,198
392010250,2,ms,i,0,,,292,157,130
392010260,2,ms,퐶,0,,,406,210,190
392010270,2,ms,ےr,0,,,231,88,95
392010280,2,ms,q,0,,,228,170,54
392010290,2,ms,_,0,,,547,236,304
392010300,2,ms,̏o,0,,,343,127,202
392010310,2,ms,m,0,,,674,346,293
39201031001,3,ms,m񒬂P,0,,,287,98,179
39201031002,3,ms,m񒬂Q,0,,,292,243,40
39201031003,3,ms,m񒬂R,0,,,95,5,74
392010320,2,ms,,0,,,435,239,185
392010330,2,ms,ג,0,,,348,222,117
392010340,2,ms,ᏼ,0,,,299,166,126
392010350,2,ms,,0,,,422,53,359
392010360,2,ms,䗬,0,,,535,111,401
392010370,2,ms,kc,0,,,191,123,63
392010380,2,ms,c,0,,,268,132,127
392010390,2,ms,D,0,,,295,39,232
392010400,2,ms,,0,,,411,215,171
392010410,2,ms,k,0,,,160,77,77
392010420,2,ms,Y,0,,,240,32,183
392010430,2,ms,kY,0,,,461,127,305
392010440,2,ms,kv,0,,,567,183,350
392010450,2,ms,v,0,,,7,3,4
392010460,2,ms,CVm,0,,,99,15,74
392010470,2,ms,i,0,,,307,90,210
392010480,2,ms,i,0,,,329,186,133
392010490,2,ms,t,0,,,416,226,182
392010500,2,ms,,0,,,251,74,155
392010510,2,ms,P,0,,,128,58,64
392010520,2,ms,,0,,,125,74,48
392010530,2,ms,,0,,,374,213,156
392010540,2,ms,K,0,,,379,213,155
392010550,2,ms,ɐ蒬,0,,,287,175,104
392010560,2,ms,͒,0,,,233,165,65
392010570,2,ms,gc,0,,,271,144,113
392010580,2,ms,,0,,,1347,537,743
39201058001,3,ms,P,0,,,231,61,164
39201058002,3,ms,Q,0,,,343,184,145
39201058003,3,ms,R,0,,,353,98,222
39201058004,3,ms,S,0,,,420,194,212
392010590,2,ms,,0,,,398,142,237
39201059001,3,ms,؂P,0,,,155,53,90
39201059002,3,ms,؂Q,0,,,243,89,147
392010600,2,ms,wO,0,,,14,8,4
392010610,2,ms,,0,,,122,77,41
392010620,2,ms,]z,0,,,130,27,92
392010630,2,ms,k{,0,,,1588,791,695
39201063001,3,ms,k{P,0,,,289,108,146
39201063002,3,ms,k{Q,0,,,116,59,55
39201063003,3,ms,k{R,0,,,535,265,246
39201063004,3,ms,k{S,0,,,648,359,248
392010640,2,ms,hc,0,,,220,52,97
39201064001,3,ms,hcP,0,,,107,7,34
39201064002,3,ms,hcQ,0,,,-,-,-
39201064003,3,ms,hcR,0,,,113,45,63
392010650,2,ms,V{,0,,,655,307,268
39201065001,3,ms,V{P,0,,,237,132,94
39201065002,3,ms,V{Q,0,,,418,175,174
392010660,2,ms,a,0,,,497,218,179
392010670,2,ms,a,0,,,341,100,231
392010680,2,ms,c,0,,,441,167,241
392010690,2,ms,䓇,0,,,1679,770,703
39201069001,3,ms,䓇P,0,,,276,132,130
39201069002,3,ms,䓇Q,0,,,897,452,347
39201069003,3,ms,䓇R,0,,,277,83,110
39201069004,3,ms,䓇S,0,,,229,103,116
392010700,2,ms,,0,,,275,164,99
392010710,2,ms,a,0,,,165,65,33
392010720,2,ms,Om,0,,,69,23,27
392010730,2,ms,{O,0,,,110,25,42
392010740,2,ms,,0,,,243,116,121
392010751,2,ms,V,0,,,71,35,34
392010752,2,ms,V,0,,,30,24,6
392010760,2,ms,Rm[,0,,,363,138,162
392010770,2,ms,n,0,,,307,181,118
392010780,2,ms,k,0,,,178,135,37
392010790,2,ms,k,0,,,16,12,4
392010800,2,ms,,0,,,478,287,159
392010810,2,ms,Ò,0,,,343,192,61
392010820,2,ms,zO,0,,,370,221,111
39201082001,3,ms,zOP,0,,,134,72,30
39201082002,3,ms,zOQ,0,,,236,149,81
392010830,2,ms,V~,0,,,803,545,243
39201083001,3,ms,V~P,0,,,362,249,109
39201083002,3,ms,V~Q,0,,,441,296,134
392010840,2,ms,,0,,,693,317,313
39201084001,3,ms,P,0,,,311,164,140
39201084002,3,ms,Q,0,,,382,153,173
392010850,2,ms,R,0,,,480,242,225
392010860,2,ms,R,0,,,698,340,334
392010870,2,ms,Η,0,,,486,193,132
392010880,2,ms,Η,0,,,653,280,360
392010890,2,ms,ʐ,0,,,315,191,115
392010900,2,ms,蒬,0,,,258,171,71
392010910,2,ms,쒬,0,,,291,120,95
392010920,2,ms,,0,,,200,124,72
392010930,2,ms,,0,,,839,507,295
39201093001,3,ms,P,0,,,238,82,147
39201093002,3,ms,Q,0,,,275,188,62
39201093003,3,ms,R,0,,,326,237,86
392010940,2,ms,ԐΒ,0,,,126,60,64
392010950,2,ms,{꒬,0,,,401,276,119
392010960,2,ms,wO,0,,,204,136,63
392010970,2,ms,,0,,,149,90,56
392010980,2,ms,쌳,0,,,141,54,84
392010990,2,ms,㒬,0,,,112,64,46
392011000,2,ms,,0,,,106,80,23
392011010,2,ms,{{,0,,,382,222,153
392011020,2,ms,{{,0,,,568,424,138
392011030,2,ms,J,0,,,119,105,12
392011040,2,ms,P,0,,,104,94,8
392011050,2,ms,z,0,,,272,214,52
392011060,2,ms,˃m,0,,,709,440,253
392011070,2,ms,˃m,0,,,568,401,128
392011080,2,ms,R,0,,,382,294,86
392011090,2,ms,V_,0,,,565,384,158
392011100,2,ms,Xؒ,0,,,352,275,61
392011110,2,ms,k[,0,,,214,152,49
392011120,2,ms,R蒬,0,,,149,96,51
392011130,2,ms,,0,,,680,610,59
392011140,2,ms,׎R,0,,,792,741,47
392011150,2,ms,,0,,,59,55,3
392011160,2,ms,@,0,,,23,23,-
392011170,2,ms,䒬,0,,,2990,2282,663
392011180,2,ms,,0,,,325,217,101
392011190,2,ms,䓌,0,,,457,278,169
392011200,2,ms,y,0,,,219,105,104
392011210,2,ms,m,0,,,454,172,276
392011220,2,ms,V,0,,,822,297,476
39201122001,3,ms,VP,0,,,565,232,289
39201122002,3,ms,VQ,0,,,257,65,187
392011230,2,ms,c,0,,,346,77,262
392011240,2,ms,kVc,0,,,492,152,296
392011250,2,ms,Vc,0,,,389,153,183
392011260,2,ms,Vc,0,,,18,12,6
392011270,2,ms,~m,0,,,481,204,251
392011280,2,ms,V,0,,,2211,1019,1078
39201128001,3,ms,VʂP,0,,,537,113,386
39201128002,3,ms,VʂQ,0,,,245,160,63
39201128003,3,ms,VʂR,0,,,502,273,187
39201128004,3,ms,VʂS,0,,,569,338,222
39201128005,3,ms,VʂT,0,,,134,31,101
39201128006,3,ms,VʂU,0,,,224,104,119
392011290,2,ms,V_,0,,,398,144,240
392011300,2,ms,MR,0,,,83,20,48
392011310,2,ms,蒬,0,,,584,229,336
39201131001,3,ms,蒬P,0,,,139,91,46
39201131002,3,ms,蒬Q,0,,,445,138,290
392011320,2,ms,SΒ,0,,,1841,818,760
39201132001,3,ms,SΒP,0,,,329,195,125
39201132002,3,ms,SΒQ,0,,,481,227,230
39201132003,3,ms,SΒR,0,,,622,175,251
39201132004,3,ms,SΒS,0,,,409,221,154
392011330,2,ms,mے,0,,,206,120,79
392011340,2,ms,|,0,,,443,158,253
392011350,2,ms,|,0,,,876,445,406
392011361,2,ms,k|,0,,,32,20,11
392011362,2,ms,k|,0,,,989,454,309
392011370,2,ms,k,0,,,367,208,155
392011380,2,ms,,0,,,413,150,250
392011390,2,ms,Z򎛒,0,,,791,233,229
392011400,2,ms,s,0,,,4,4,-
392011410,2,ms,s,0,,,326,249,71
392011420,2,ms,[J,0,,,67,53,14
392011430,2,ms,쒆R,0,,,6,6,-
392011440,2,ms,kR,0,,,32,16,16
392011450,2,ms,K,0,,,54,20,18
392011460,2,ms,Ζؒ,0,,,385,101,97
392011470,2,ms,匴,0,,,242,44,175
392011480,2,ms,̓m,0,,,397,36,263
392011490,2,ms,̓m,0,,,304,140,99
392011500,2,ms,,0,,,20,13,7
39201150001,3,ms,P,0,,,20,13,7
39201150002,3,ms,Q,0,,,-,-,-
392011510,2,ms,r,0,,,687,454,96
392011521,2,ms,\,0,,,1790,1100,272
39201152101,3,ms,\ÂP,0,,,310,253,41
39201152102,3,ms,\ÂQ,0,,,145,108,23
39201152103,3,ms,\ÂR,0,,,425,299,118
39201152104,3,ms,\ÂS,0,,,315,259,43
39201152105,3,ms,\ÂT,0,,,564,150,47
39201152106,3,ms,\ÂU,0,,,31,31,-
392011522,2,ms,mc,0,,,1680,1211,396
39201152200,3,ms,mcîPj,0,,,49,43,-
39201152201,3,ms,mcîQj,0,,,1631,1168,396
392011530,2,ms,,0,,,859,687,159
392011540,2,ms,z],0,,,154,105,47
392011550,2,ms,ܑR,0,,,830,700,107
392011560,2,ms,,0,,,38,32,3
392011571,2,ms,{,0,,,2650,1112,1370
39201157101,3,ms,{P,0,,,548,301,224
39201157102,3,ms,{Q,1,,1572,1005,276,622
39201157103,3,ms,{R,0,,,1097,535,524
392011572,2,ms,{,2,157102,,X,X,X
392011580,2,ms,,0,,,1477,594,812
39201158001,3,ms,P,0,,,387,112,266
39201158002,3,ms,Q,0,,,299,194,95
39201158003,3,ms,R,0,,,264,153,107
39201158004,3,ms,S,0,,,527,135,344
392011590,2,ms,{V,0,,,1143,261,815
39201159001,3,ms,{VP,0,,,295,55,208
39201159002,3,ms,{VQ,0,,,314,79,222
39201159003,3,ms,{VR,0,,,274,78,176
39201159004,3,ms,{VS,0,,,260,49,209
392011600,2,ms,ztc,0,,,656,453,97
392011611,2,ms,{Ȃ,0,,,626,312,300
39201161101,3,ms,{Ȃ˂P,0,,,377,161,207
39201161102,3,ms,{Ȃ˂Q,0,,,249,151,93
392011612,2,ms,{,0,,,2162,1534,583
39201161201,3,ms,{P,0,,,491,210,272
39201161202,3,ms,{Q,0,,,340,287,40
39201161203,3,ms,{R,0,,,329,266,58
39201161204,3,ms,{S,0,,,380,335,40
39201161205,3,ms,{T,0,,,622,436,173
392011613,2,ms,{J,0,,,290,132,147
392011614,2,ms,{,0,,,1439,629,769
39201161401,3,ms,{P,0,,,549,251,284
39201161402,3,ms,{Q,0,,,395,186,188
39201161403,3,ms,{R,0,,,495,192,297
392011615,2,ms,{쒬,0,,,510,224,149
39201161501,3,ms,{쒬P,0,,,492,207,149
39201161502,3,ms,{쒬Q,0,,,18,17,-
392011616,2,ms,{,0,,,1293,673,495
39201161601,3,ms,{P,0,,,452,287,154
39201161602,3,ms,{Q,0,,,282,99,120
39201161603,3,ms,{R,0,,,304,126,158
39201161604,3,ms,{S,0,,,255,161,63
392011617,2,ms,{,0,,,26,23,2
392011621,2,ms,H쐼,0,,,1669,873,761
39201162101,3,ms,H쐼P,0,,,603,335,261
39201162102,3,ms,H쐼Q,0,,,433,239,181
39201162103,3,ms,H쐼R,0,,,633,299,319
392011622,2,ms,Hk,0,,,1369,691,638
39201162201,3,ms,HkP,0,,,137,41,90
39201162202,3,ms,HkQ,0,,,553,232,302
39201162203,3,ms,HkR,0,,,206,171,33
39201162204,3,ms,HkS,0,,,473,247,213
392011623,2,ms,H쓌,0,,,412,183,215
392011624,2,ms,H쒆,0,,,542,279,255
392011625,2,ms,H쒬,0,,,496,159,324
392011626,2,ms,H,0,,,68,62,6
392011630,2,ms,dq,0,,,321,304,14
392011640,2,ms,v,0,,,125,119,3
392011650,2,ms,R,0,,,592,399,177
392011660,2,ms,O,0,,,575,343,221
392011670,2,ms,`,0,,,747,485,248
392011680,2,ms,`,0,,,681,411,252
392011690,2,ms,O,0,,,357,222,117
392011700,2,ms,`,0,,,1095,587,485
392011710,2,ms,k`,0,,,742,521,215
392011720,2,ms,FÖ,0,,,436,356,76
392011730,2,ms,OJ,0,,,19,18,1
392011740,2,ms,c,0,,,47,44,2
392011750,2,ms,,0,,,690,591,85
39201175001,3,ms,P,0,,,319,268,48
39201175002,3,ms,Q,0,,,371,323,37
392011760,2,ms,R쒬,0,,,340,138,195
392011770,2,ms,`쒬,0,,,1083,407,525
39201177001,3,ms,`쒬P,0,,,634,99,390
39201177002,3,ms,`쒬Q,0,,,449,308,135
392011780,2,ms,v,0,,,333,242,83
392011790,2,ms,v,0,,,457,249,184
392011800,2,ms,v,0,,,689,435,237
392011810,2,ms,v,0,,,758,414,326
392011820,2,ms,X,0,,,839,466,323
392011830,2,ms,X,0,,,881,556,273
392011840,2,ms,얜X,0,,,735,469,256
392011850,2,ms,Ċ,0,,,9,9,-
392011860,2,ms,~s,0,,,176,152,17
392011870,2,ms,c,0,,,570,302,231
39201187001,3,ms,cP,0,,,294,195,81
39201187002,3,ms,cQ,0,,,276,107,150
392011881,2,ms,q,0,,,741,279,423
392011882,2,ms,q쒬,0,,,417,162,248
392011884,2,ms,q,0,,,761,135,443
392011885,2,ms,qb,0,,,1177,473,522
392011890,2,ms,q,0,,,60,22,33
392011900,2,ms,q,0,,,2731,1363,1169
392011911,2,ms,jؐ,0,,,58,56,1
392011912,2,ms,q,0,,,464,235,223
392011921,2,ms,ꠎR,0,,,141,62,77
392011922,2,ms,jؓ,0,,,425,331,74
392011923,2,ms,J,0,,,425,251,156
392011925,2,ms,q,0,,,968,417,526
39201192501,3,ms,qP,0,,,519,147,364
39201192502,3,ms,qQ,0,,,449,270,162
392011926,2,ms,jؖk,0,,,223,205,15
39201192601,3,ms,jؖkP,0,,,149,135,13
39201192602,3,ms,jؖkQ,0,,,74,70,2
392011927,2,ms,jؖ{,0,,,431,356,61
392011928,2,ms,jؓ,0,,,107,87,20
392011929,2,ms,q,0,,,127,62,62
392011930,2,ms,q,0,,,1556,915,482
392011940,2,ms,@,0,,,73,66,1
392011950,2,ms,s,0,,,87,87,-
392011960,2,ms,j,0,,,11,11,-
392011970,2,ms,㗢,0,,,12,11,-
392011980,2,ms,̉,0,,,30,30,-
392011990,2,ms,,0,,,9,9,-
392012000,2,ms,,0,,,914,391,396
39201200001,3,ms,P,0,,,845,367,355
39201200002,3,ms,Q,0,,,69,24,41
392012010,2,ms,q{,0,,,792,284,448
39201201001,3,ms,q{P,0,,,500,162,285
39201201002,3,ms,q{Q,0,,,292,122,163
392012020,2,ms,ᑐ,0,,,871,202,402
392012030,2,ms,ᑐ쒬,0,,,332,78,102
392012040,2,ms,L,0,,,282,104,175
392012051,2,ms,㒬,0,,,178,108,66
392012052,2,ms,,0,,,2201,948,728
39201205201,3,ms,P,0,,,808,308,186
39201205202,3,ms,Q,0,,,594,314,123
39201205203,3,ms,R,0,,,799,326,419
392012053,2,ms,,0,,,1520,996,496
392012060,2,ms,_c,0,,,7383,4436,2114
39201206000,3,ms,_cîPj,0,,,5046,3233,1068
39201206001,3,ms,_cîQj,0,,,2337,1203,1046
392012070,2,ms,,0,,,264,99,160
392012080,2,ms,l,0,,,3905,2489,738
39201208000,3,ms,lîPj,0,,,2475,1434,392
39201208001,3,ms,lîQj,0,,,1430,1055,346
392012090,2,ms,l,0,,,627,425,149
392012101,2,ms,,0,,,306,255,48
39201210101,3,ms,˂P,0,,,38,23,15
39201210102,3,ms,˂Q,1,,2102,268,232,33
392012102,2,ms,,2,210102,,X,X,X
392012110,2,ms,ː,0,,,670,608,45
39201211001,3,ms,ːP,0,,,279,255,21
39201211002,3,ms,ːQ,0,,,245,219,21
39201211003,3,ms,ːR,0,,,146,134,3
392012120,2,ms,˓,0,,,869,802,59
39201212001,3,ms,˓P,0,,,122,102,19
39201212002,3,ms,˓Q,0,,,272,255,14
39201212003,3,ms,˓R,0,,,475,445,26
392012130,2,ms,l{c,0,,,78,-,-
392012140,2,ms,lV,0,,,1897,1121,97
39201214001,3,ms,lVP,0,,,381,93,6
39201214002,3,ms,lVQ,0,,,543,145,8
39201214003,3,ms,lVR,0,,,409,359,48
39201214004,3,ms,lVS,0,,,264,242,21
39201214005,3,ms,lVT,0,,,300,282,14
392012150,2,ms,,0,,,177,165,11
392012160,2,ms,Y,0,,,397,357,32
392012170,2,ms,Íb,0,,,1035,739,282
392012180,2,ms,É,0,,,3668,1760,1606
392012190,2,ms,Ǎb,0,,,186,134,44
392012200,2,ms,ǉ,0,,,2874,1865,957
392012210,2,ms,Ǖ,0,,,203,125,4
392012220,2,ms,,0,,,732,433,59
392012230,2,ms,,0,,,1174,1137,18
39201223001,3,ms,P,0,,,485,472,8
39201223002,3,ms,Q,0,,,428,413,5
39201223003,3,ms,R,0,,,261,252,5
392012240,2,ms,Y˘p̑S,0,,,-,-,-
392012250,2,ms,˓쒬,0,,,906,658,199
39201225001,3,ms,˓쒬P,0,,,474,339,92
39201225002,3,ms,˓쒬Q,0,,,432,319,107
392012260,2,ms,l,0,,,169,131,35
392012270,2,ms,l,0,,,617,500,109
392012280,2,ms,݂Â,0,,,984,913,63
39201228001,3,ms,݂ÂP,0,,,267,250,15
39201228002,3,ms,݂ÂQ,0,,,367,323,41
39201228003,3,ms,݂ÂR,0,,,350,340,7
392012290,2,ms,݂ÂR,0,,,-,-,-
392012300,2,ms,l쒬,0,,,120,117,3
392012310,2,ms,lG,0,,,573,555,15
39201231001,3,ms,lGP,0,,,279,262,15
39201231002,3,ms,lGQ,0,,,294,293,-
392012320,2,ms,{{,0,,,211,118,83
392012330,2,ms,{V,0,,,220,71,142
392012350,2,ms,{,0,,,409,245,154
392012360,2,ms,{,0,,,112,77,34
392012370,2,ms,{C,0,,,55,48,7
392012380,2,ms,{J,0,,,21,20,1
392012390,2,ms,{哇,0,,,75,62,12
392012400,2,ms,{n,0,,,15,14,1
392012410,2,ms,`m,0,,,14,13,-
392012420,2,ms,~mR,0,,,15,15,-
392012430,2,ms,,0,,,25,22,-
392012440,2,ms,g,0,,,25,25,-
392012450,2,ms,R,0,,,11,11,-
392012460,2,ms,,0,,,126,103,13
392012470,2,ms,I,1,,2480;2490,45,42,-
392012480,2,ms,|ޘH,2,2470,,X,X,X
392012490,2,ms,,2,2470,,X,X,X
392012500,2,ms,,0,,,31,26,2
392012510,2,ms,嗘,0,,,48,47,1
392012520,2,ms,l,0,,,68,66,2
392012530,2,ms,͓,0,,,44,43,-
392012540,2,ms,,0,,,15,15,-
392012550,2,ms,,0,,,5,5,-
392012560,2,ms,R,2,2570,,X,X,X
392012570,2,ms,~m,1,,2560;2580,29,27,-
392012580,2,ms,R,2,2570,,X,X,X
392012590,2,ms,yR,0,,,31,28,3
392012600,2,ms,yR,0,,,32,31,1
392012610,2,ms,yR,0,,,54,40,2
392012620,2,ms,yRJ,0,,,20,20,-
392012630,2,ms,yR,0,,,20,14,-
392012640,2,ms,yRҊ,0,,,37,37,-
392012650,2,ms,yR,0,,,46,34,5
392012660,2,ms,yRK,0,,,46,22,9
392012670,2,ms,yRO,0,,,55,54,1
392012680,2,ms,yRs,0,,,18,18,-
392012690,2,ms,t쒬O,0,,,444,408,28
392012700,2,ms,t쒬O,0,,,503,430,17
392012710,2,ms,t쒬O,0,,,431,368,4
392012720,2,ms,t쒬XR,0,,,302,289,8
392012730,2,ms,t쒬mm,0,,,181,178,2
392012740,2,ms,t쒬,0,,,138,138,-
392012750,2,ms,t쒬,0,,,365,343,11
392012760,2,ms,t쒬F,0,,,278,269,3
392012770,2,ms,t쒬HR,0,,,259,240,3
392012780,2,ms,t쒬ba,0,,,178,176,1
392012790,2,ms,t쒬,0,,,415,401,10
392012800,2,ms,t쒬,0,,,93,88,4
392012811,2,ms,t쒬샖u,0,,,1100,1056,34
39201281101,3,ms,t쒬샖uP,0,,,91,65,25
39201281102,3,ms,t쒬샖uQ,0,,,130,123,6
39201281103,3,ms,t쒬샖uR,0,,,96,93,-
39201281104,3,ms,t쒬샖uS,0,,,133,131,1
39201281105,3,ms,t쒬샖uT,0,,,187,186,1
39201281106,3,ms,t쒬샖uU,0,,,132,130,1
39201281107,3,ms,t쒬샖uV,0,,,239,238,-
39201281108,3,ms,t쒬샖uW,0,,,40,40,-
39201281109,3,ms,t쒬샖uX,0,,,52,50,-
392012812,2,ms,t쒬mJ,0,,,149,131,3
392012820,2,ms,t쒬a,0,,,620,581,25
39202,1,ˎs,,0,,,6404,5101,477
392020010,2,ˎs,,0,,,983,695,150
392020020,2,ˎs,,0,,,866,628,95
392020030,2,ˎs,,0,,,593,487,25
392020040,2,ˎs,̉,0,,,138,88,28
392020050,2,ˎs,gǐ쒬,0,,,935,836,39
392020060,2,ˎs,H,0,,,828,636,26
392020070,2,ˎs,l,0,,,646,551,14
392020080,2,ˎs,˖,0,,,1415,1180,100
39203,1,|s,,0,,,7530,5727,989
392030010,2,|s,`,0,,,283,171,95
39203001001,3,|s,`P,0,,,111,72,24
39203001002,3,|s,`Q,0,,,172,99,71
392030020,2,|s,m,0,,,426,206,193
39203002001,3,|s,mۂP,0,,,90,68,17
39203002002,3,|s,mۂQ,0,,,92,37,50
39203002003,3,|s,mۂR,0,,,124,58,64
39203002004,3,|s,mۂS,0,,,120,43,62
392030030,2,|s,{,0,,,661,459,163
39203003001,3,|s,{P,0,,,165,98,63
39203003002,3,|s,{Q,0,,,155,119,33
39203003003,3,|s,{R,0,,,103,73,23
39203003004,3,|s,{S,0,,,96,61,33
39203003005,3,|s,{T,0,,,142,108,11
392030120,2,|s,l,0,,,249,168,56
392030130,2,|s,ԉ,0,,,68,43,24
392030140,2,|s,mo,0,,,147,86,28
392030150,2,|s,v,0,,,89,52,27
392030160,2,|s,K,0,,,36,4,27
392030170,2,|s,VŒ,0,,,120,91,23
392030180,2,|s,i,0,,,319,80,58
392030190,2,|s,䒬,0,,,163,71,33
392030200,2,|s,,0,,,78,62,13
392030210,2,|s,a,0,,,30,9,-
392030220,2,|s,Β,0,,,138,42,4
392030230,2,|s,ËvΒ,0,,,146,110,6
392030240,2,|s,l,0,,,45,43,2
392030250,2,|s,,0,,,170,145,20
39203025001,3,|s,,0,,,122,103,18
39203025002,3,|s,A,0,,,48,42,2
392030260,2,|s,Pu,0,,,42,-,-
392030270,2,|s,ɔ,0,,,687,612,31
39203027001,3,|s,ɔ؈ɔ,0,,,486,418,26
39203027002,3,|s,ɔ؉R,0,,,201,194,5
392030280,2,|s,k,0,,,1128,948,93
392030290,2,|s,,0,,,147,146,1
39203029001,3,|s,,0,,,16,16,-
39203029002,3,|s,썕,0,,,21,20,1
39203029003,3,|s,È,0,,,-,-,-
39203029004,3,|s,쓇,0,,,-,-,-
39203029005,3,|s,ޔ,0,,,67,67,-
39203029006,3,|s,͓,0,,,43,43,-
39203029007,3,|s,ʖ,2,032004,,X,X,X
392030300,2,|s,y,0,,,754,674,43
39203030001,3,|s,yy,0,,,635,559,40
39203030002,3,|s,ym,0,,,119,115,3
392030310,2,|s,m,0,,,825,755,30
392030320,2,|s,R,0,,,93,89,4
39203032001,3,|s,R|m,2,032004,,X,X,X
39203032002,3,|s,R,0,,,25,25,-
39203032003,3,|s,RJ,2,032004,,X,X,X
39203032004,3,|s,RR,1,,029007;032001;032003;032005,37,34,3
39203032005,3,|s,R,2,032004,,X,X,X
39203032006,3,|s,Rȃm,0,,,31,30,1
392030330,2,|s,,0,,,284,272,6
392030340,2,|s,Ԗ,0,,,402,389,9
39204,1,썑s,,0,,,19283,12459,4574
392040010,2,썑s,m,2,0050,,X,X,X
392040020,2,썑s,,2,0050,,X,X,X
392040030,2,썑s,,2,0050,,X,X,X
392040040,2,썑s,Km,2,0050,,X,X,X
392040050,2,썑s,q,1,,0010;0020;0030;0040,17,17,-
392040060,2,썑s,J,0,,,20,19,1
392040070,2,썑s,ޘH,0,,,83,73,6
392040080,2,썑s,,0,,,10,10,-
392040090,2,썑s,OR,0,,,22,20,1
392040100,2,썑s,Vs,0,,,11,11,-
392040110,2,썑s,T,0,,,61,59,2
392040120,2,썑s,,0,,,50,47,2
392040130,2,썑s,˒J,0,,,39,37,-
392040140,2,썑s,ؒJ,0,,,111,107,-
392040150,2,썑s,,0,,,41,38,1
392040160,2,썑s,A,0,,,150,134,12
392040170,2,썑s,vc,0,,,415,370,18
392040180,2,썑s,Ac,0,,,191,186,-
392040190,2,썑s,̐,0,,,121,94,3
392040200,2,썑s,L}m,0,,,198,183,8
392040210,2,썑s,L,0,,,257,147,105
392040220,2,썑s,L@,0,,,224,108,92
392040230,2,썑s,Lю,0,,,130,77,44
392040240,2,썑s,L{,0,,,121,86,30
392040250,2,썑s,L,0,,,458,98,43
392040260,2,썑s,L,0,,,305,200,23
392040270,2,썑s,Lʎ,0,,,84,81,2
392040280,2,썑s,L],0,,,11,11,-
392040290,2,썑s,Lgc,0,,,34,32,-
392040300,2,썑s,LU,0,,,86,84,2
392040310,2,썑s,ER,0,,,128,126,-
392040320,2,썑s,,0,,,270,252,8
392040330,2,썑s,],0,,,139,134,3
392040340,2,썑s,O,0,,,131,122,5
392040350,2,썑s,wR,0,,,183,165,15
392040360,2,썑s,㖖,0,,,136,112,3
392040370,2,썑s,,0,,,195,173,22
392040380,2,썑s,R,0,,,148,131,12
392040390,2,썑s,},0,,,119,90,10
392040400,2,썑s,,0,,,343,191,58
392040410,2,썑s,쒆,0,,,-,-,-
392040420,2,썑s,,0,,,470,214,218
392040430,2,썑s,g,0,,,160,61,97
39204043001,3,썑s,gP,0,,,51,6,45
39204043002,3,썑s,gQ,0,,,83,42,40
39204043003,3,썑s,gR,0,,,26,13,12
392040440,2,썑s,wO,0,,,579,153,375
39204044001,3,썑s,wOP,0,,,119,26,50
39204044002,3,썑s,wOQ,0,,,212,52,158
39204044003,3,썑s,wOR,0,,,128,40,85
39204044004,3,썑s,wOS,0,,,115,31,81
39204044005,3,썑s,wOT,0,,,5,4,1
392040450,2,썑s,ƒ,0,,,233,110,117
39204045001,3,썑s,ƒP,0,,,56,32,23
39204045002,3,썑s,ƒQ,0,,,81,33,46
39204045003,3,썑s,ƒR,0,,,32,18,12
39204045004,3,썑s,ƒS,0,,,46,23,22
39204045005,3,썑s,ƒ,0,,,18,4,14
392040460,2,썑s,c,0,,,94,90,1
392040471,2,썑s,c,0,,,152,93,56
39204047101,3,썑s,cP,0,,,61,44,16
39204047102,3,썑s,cQ,0,,,42,17,23
39204047103,3,썑s,cR,0,,,15,13,2
39204047104,3,썑s,cS,0,,,34,19,15
392040472,2,썑s,c,0,,,262,195,61
392040480,2,썑s,傻,0,,,4105,2184,1675
392040490,2,썑s,,0,,,1182,482,658
392040500,2,썑s,,0,,,179,134,34
392040510,2,썑s,ɒB,0,,,50,46,2
392040520,2,썑s,,0,,,69,66,1
392040530,2,썑s,M,0,,,90,87,-
392040540,2,썑s,n,0,,,75,74,-
392040550,2,썑s,xm,0,,,77,74,-
392040560,2,썑s,c,0,,,500,369,113
392040570,2,썑s,c,0,,,425,337,79
392040580,2,썑s,,0,,,298,195,73
392040590,2,썑s,v},0,,,180,173,4
392040600,2,썑s,,0,,,37,32,1
392040610,2,썑s,Ol,0,,,508,422,9
392040620,2,썑s,ЎR,0,,,232,207,11
392040630,2,썑s,c,0,,,331,315,11
392040640,2,썑s,lc,0,,,536,501,10
392040650,2,썑s,,0,,,613,571,23
392040661,2,썑s,΃Pu,0,,,1233,640,153
39204066101,3,썑s,΃PuP,0,,,590,101,62
39204066102,3,썑s,΃PuQ,0,,,279,234,41
39204066103,3,썑s,΃PuR,0,,,364,305,50
392040662,2,썑s,\s,0,,,738,691,29
392040670,2,썑s,uu,0,,,-,-,-
39204067001,3,썑s,uuP,0,,,-,-,-
39204067002,3,썑s,uuQ,0,,,-,-,-
392040680,2,썑s,ot,0,,,-,-,-
392040690,2,썑s,R,0,,,284,39,125
39204069001,3,썑s,RP,0,,,106,15,60
39204069002,3,썑s,RQ,0,,,81,17,39
39204069003,3,썑s,RR,0,,,97,7,26
392040700,2,썑s,K,0,,,252,27,95
39204070001,3,썑s,KP,0,,,101,6,73
39204070002,3,썑s,KQ,0,,,75,12,22
39204070003,3,썑s,KR,0,,,76,9,-
392040710,2,썑s,OaՕ,0,,,-,-,-
39204071001,3,썑s,OaՕP,0,,,-,-,-
39204071002,3,썑s,OaՕQ,0,,,-,-,-
39204071003,3,썑s,OaՕR,0,,,-,-,-
392040720,2,썑s,,0,,,16,16,-
392040730,2,썑s,,0,,,127,22,8
39204073001,3,썑s,P,0,,,37,10,-
39204073002,3,썑s,Q,0,,,50,-,-
39204073003,3,썑s,R,0,,,40,12,8
392040740,2,썑s,R[h0740̌v,0,,,154,14,4
39204074001,3,썑s,ĂPڂP,0,,,66,12,4
39204074002,3,썑s,ĂQڂQ,0,,,88,2,-
39205,1,ys,,0,,,10161,8228,1387
392050010,2,ys,FF,0,,,1548,1363,50
392050020,2,ys,F,0,,,53,50,-
392050030,2,ys,FK,0,,,111,106,5
392050040,2,ys,F,0,,,62,52,1
392050050,2,ys,V,0,,,518,479,26
392050060,2,ys,,0,,,133,91,38
392050070,2,ys,˒n,0,,,151,139,6
392050080,2,ys,p,0,,,247,212,31
392050100,2,ys,,0,,,4077,2963,918
39205010001,3,ys,b,0,,,1402,878,409
39205010002,3,ys,,0,,,1817,1366,388
39205010003,3,ys,,0,,,572,441,115
39205010004,3,ys,,0,,,286,278,6
392050130,2,ys,@r,0,,,1242,890,290
392050140,2,ys,g,0,,,410,398,6
392050150,2,ys,o,0,,,106,101,1
392050160,2,ys,,0,,,67,66,1
392050170,2,ys,kn,0,,,266,255,3
392050180,2,ys,b,0,,,169,164,1
392050190,2,ys,c,0,,,6,6,-
392050200,2,ys,Jn,0,,,25,25,-
392050210,2,ys,sX,0,,,137,132,1
392050220,2,ys,m,0,,,37,33,-
392050230,2,ys,Ər,0,,,350,278,7
392050240,2,ys,ϑP,0,,,49,47,-
392050250,2,ys,i,0,,,93,93,-
392050260,2,ys,{m,0,,,59,58,-
392050270,2,ys,{,0,,,60,59,1
392050280,2,ys,Y,0,,,78,61,1
392050290,2,ys,n,0,,,19,19,-
392050300,2,ys,n,0,,,26,26,-
392050310,2,ys,,0,,,62,62,-
39206,1,{s,,0,,,8899,6419,1427
392060010,2,{s,R蒬,0,,,344,223,86
392060020,2,{s,Ԑ,0,,,134,69,60
392060030,2,{s,Ԗ{,0,,,308,159,139
392060040,2,{s,ԓ,0,,,72,47,13
392060050,2,{s,c,0,,,-,-,-
392060060,2,{s,ԍ蒬,0,,,167,64,52
392060070,2,{s,Β,0,,,186,41,132
392060080,2,{s,蒬,0,,,224,76,140
392060090,2,{s,,0,,,345,200,111
392060100,2,{s,y蒬,0,,,45,45,-
392060110,2,{s,,0,,,227,169,52
39206011001,3,{s,P,0,,,129,101,28
39206011002,3,{s,Q,1,,0120,98,68,24
392060120,2,{s,`,2,011002,,X,X,X
392060130,2,{s,V,0,,,114,98,15
39206013001,3,{s,VP,0,,,86,76,9
39206013002,3,{s,VQ,0,,,28,22,6
392060140,2,{s,l,0,,,230,195,17
39206014001,3,{s,lP,0,,,88,81,3
39206014002,3,{s,lQ,0,,,142,114,14
392060150,2,{s,ؒ,0,,,64,57,5
392060160,2,{s,b蒬,0,,,65,47,18
392060170,2,{s,Îs,0,,,80,64,15
392060180,2,{s,Îs,0,,,170,113,15
392060190,2,{s,Îs,0,,,55,43,10
392060200,2,{s,,0,,,76,65,10
392060210,2,{s,,0,,,196,67,72
392060220,2,{s,,0,,,155,11,7
392060230,2,{s,h,0,,,95,80,4
392060240,2,{s,,0,,,89,76,3
392060250,2,{s,K,0,,,101,75,5
392060260,2,{s,,0,,,181,114,31
39206026001,3,{s,P,0,,,115,68,12
39206026002,3,{s,Q,0,,,66,46,19
392060270,2,{s,,0,,,258,138,62
39206027001,3,{s,P,0,,,173,110,30
39206027002,3,{s,Q,0,,,85,28,32
392060280,2,{s,m,0,,,665,476,76
392060281,2,{s,ˊԐ,0,,,36,-,32
392060290,2,{s,mV,0,,,240,159,12
392060300,2,{s,rm,0,,,213,117,20
392060310,2,{s,_c,0,,,301,184,3
392060311,2,{s,ˊԓ,0,,,10,-,9
392060312,2,{s,ˊԓ,0,,,18,3,12
392060320,2,{s,,0,,,130,129,1
392060330,2,{s,v,0,,,34,34,-
392060340,2,{s,쌩,0,,,136,120,1
392060350,2,{s,J,0,,,298,287,9
392060360,2,{s,,0,,,483,410,66
392060370,2,{s,a,0,,,280,265,8
392060380,2,{s,㕪,0,,,415,404,10
392060390,2,{s,K,0,,,764,680,67
392060400,2,{s,Ym,0,,,895,815,27
392060420,2,{s,{`,0,,,-,-,-
39208,1,hюs,,0,,,8827,6506,1704
392080010,2,hюs,,0,,,95,63,28
392080020,2,hюs,^s,0,,,139,87,35
392080030,2,hюs,,0,,,136,59,74
392080040,2,hюs,c,0,,,118,51,64
392080050,2,hюs,K,0,,,151,88,56
392080060,2,hюs,c,0,,,116,82,24
392080070,2,hюs,,0,,,372,125,236
392080080,2,hюs,Г,0,,,534,383,133
392080090,2,hюs,哇,0,,,227,209,15
392080100,2,hюs,,0,,,485,336,70
39208010001,3,hюs,P,0,,,160,110,18
39208010002,3,hюs,Q,0,,,99,81,17
39208010003,3,hюs,R,0,,,72,66,4
39208010004,3,hюs,S,0,,,55,-,11
39208010005,3,hюs,T,0,,,99,79,20
392080111,2,hюs,,0,,,715,457,243
39208011101,3,hюs,P,0,,,70,54,14
39208011102,3,hюs,Q,0,,,88,65,21
39208011103,3,hюs,R,0,,,86,66,17
39208011104,3,hюs,S,0,,,86,67,17
39208011105,3,hюs,T,0,,,63,44,18
39208011106,3,hюs,U,0,,,106,65,41
39208011107,3,hюs,V,0,,,162,77,83
39208011108,3,hюs,W,0,,,54,19,32
392080113,2,hюs,쉫{,0,,,17,8,9
392080114,2,hюs,wO,0,,,76,13,60
39208011401,3,hюs,wOP,0,,,51,8,43
39208011402,3,hюs,wOQ,0,,,25,5,17
392080115,2,hюs,h,0,,,204,87,104
39208011509,3,hюs,hѐVc,0,,,186,81,104
39208011510,3,hюs,h,0,,,18,6,-
39208011511,3,hюs,hы䗅R,0,,,-,-,-
392080120,2,hюs,s,0,,,-,-,-
392080130,2,hюs,,0,,,100,96,3
392080140,2,hюs,F{X,0,,,100,90,4
392080151,2,hюs,`,0,,,196,168,24
39208015101,3,hюs,`P,0,,,101,78,20
39208015102,3,hюs,`Q,0,,,95,90,4
392080152,2,hюs,,0,,,27,17,6
392080160,2,hюs,r,1,,0580,52,49,3
392080171,2,hюs,RPu,0,,,130,103,25
392080172,2,hюs,[Y,0,,,104,99,4
392080180,2,hюs,Rk,0,,,37,37,-
392080190,2,hюs,m{,0,,,203,152,10
39208019001,3,hюs,m{,0,,,37,37,-
39208019002,3,hюs,m{,0,,,31,22,4
39208019003,3,hюs,m{{,0,,,135,93,6
392080200,2,hюs,n,0,,,48,46,2
392080210,2,hюs,M,0,,,9,9,-
392080221,2,hюs,Г,0,,,74,37,37
392080222,2,hюs,[Y,0,,,55,54,-
392080231,2,hюs,lG̋u,0,,,166,156,7
39208023101,3,hюs,lG̋uP,0,,,71,69,-
39208023102,3,hюs,lG̋uQ,0,,,95,87,7
392080232,2,hюs,,0,,,80,58,22
392080240,2,hюs,p,0,,,49,49,-
392080250,2,hюs,ac,0,,,327,226,21
392080261,2,hюs,炪u,0,,,92,88,4
392080262,2,hюs,m,0,,,161,140,13
392080270,2,hюs,m,0,,,141,95,46
392080280,2,hюs,㒬o,0,,,3,3,-
392080290,2,hюs,㒬R,1,,0300,29,29,-
392080300,2,hюs,㒬ҏZM,2,0290,,X,X,X
392080310,2,hюs,㒬@,0,,,8,8,-
392080320,2,hюs,㒬{,0,,,36,36,-
392080330,2,hюs,㒬_L,0,,,51,43,7
392080340,2,hюs,㒬ޘH,0,,,36,33,1
392080350,2,hюs,㒬,0,,,95,78,6
392080360,2,hюs,㒬,0,,,29,28,1
392080370,2,hюs,RޒRc,0,,,493,350,74
392080380,2,hюs,RޒF,0,,,171,119,3
392080390,2,hюs,cR,0,,,53,49,4
392080401,2,hюs,c,1,,040101;040102,121,114,7
39208040101,3,hюs,cP,2,0401,,X,X,X
39208040102,3,hюs,cQ,2,0401,,X,X,X
392080402,2,hюs,c˓,0,,,639,472,70
392080410,2,hюs,c,0,,,92,90,2
392080420,2,hюs,}s,0,,,16,15,1
392080430,2,hюs,}cmY,0,,,124,112,3
392080440,2,hюs,}OmY,0,,,120,110,2
392080450,2,hюs,}č,0,,,30,29,1
392080460,2,hюs,},0,,,44,43,-
392080470,2,hюs,}C,0,,,123,115,8
392080480,2,hюs,}ɗ^,0,,,139,138,1
392080490,2,hюs,}},0,,,154,134,14
392080500,2,hюs,},0,,,101,98,2
392080510,2,hюs,}Ό,0,,,41,41,-
392080520,2,hюs,}h,0,,,161,154,6
392080530,2,hюs,̓L,0,,,17,14,1
39208053001,3,hюs,̓L,0,,,17,14,1
39208053002,3,hюs,̓LP,0,,,-,-,-
392080540,2,hюs,̓꓇,0,,,40,31,1
392080550,2,hюs,̓O,0,,,45,43,2
392080560,2,hюs,hјp`,0,,,-,-,-
392080570,2,hюs,L,0,,,255,150,93
392080580,2,hюs,V`,2,0160,,X,X,X
392080590,2,hюs,w,1,,059001;059002;059004,25,10,12
39208059001,3,hюs,wP,2,0590,,X,X,X
39208059002,3,hюs,wQ,2,0590,,X,X,X
39208059003,3,hюs,wR,0,,,-,-,-
39208059004,3,hюs,wS,2,0590,,X,X,X
39208059005,3,hюs,wP,0,,,-,-,-
39209,1,ys,,0,,,6516,5453,590
392090010,2,ys,,0,,,20,18,2
392090020,2,ys,z,0,,,195,163,8
392090030,2,ys,m],0,,,495,441,37
39209003001,3,ys,m]s쐣,0,,,31,31,-
39209003002,3,ys,m]sX,0,,,47,45,2
39209003003,3,ys,m],1,,003004,61,47,5
39209003004,3,ys,m],2,003003,,X,X,X
39209003005,3,ys,m],0,,,62,51,8
39209003006,3,ys,m]D,0,,,51,43,7
39209003007,3,ys,m]Y,0,,,243,224,15
392090040,2,ys,|,0,,,31,31,-
392090050,2,ys,vSX,0,,,35,30,5
392090061,2,ys,OY,0,,,220,190,20
39209006101,3,ys,OY꒚,0,,,30,21,-
39209006102,3,ys,OY񒚖,0,,,64,54,9
39209006103,3,ys,OYO,0,,,82,73,9
39209006104,3,ys,OYl,0,,,44,42,2
392090062,2,ys,O,0,,,153,137,7
39209006201,3,ys,O,2,006202,,X,X,X
39209006202,3,ys,O艺mi,1,,006201,89,76,4
39209006203,3,ys,O蕽mi,1,,006204,64,61,3
39209006204,3,ys,O藳,2,006203,,X,X,X
392090070,2,ys,ܔ,0,,,44,44,-
392090080,2,ys,,0,,,84,79,5
392090090,2,ys,,0,,,52,49,3
392090100,2,ys,v,0,,,151,137,4
39209010001,3,ys,v쉺v,0,,,119,106,3
39209010002,3,ys,vlv,0,,,32,31,1
392090110,2,ys,,0,,,228,205,9
39209011001,3,ys,,0,,,136,116,7
39209011002,3,ys,Y,0,,,92,89,2
392090120,2,ys,Д,0,,,15,14,1
392090130,2,ys,Lm,0,,,102,98,4
39209013001,3,ys,Lm싽k,0,,,51,47,4
39209013002,3,ys,LmYk,0,,,34,34,-
39209013003,3,ys,LmLm,0,,,-,-,-
39209013004,3,ys,Lm쎕SmY,0,,,8,8,-
39209013005,3,ys,Lm쉡,0,,,9,9,-
392090140,2,ys,,0,,,58,52,2
39209014001,3,ys,ÓE,0,,,49,43,2
39209014002,3,ys,Ò,0,,,9,9,-
392090150,2,ys,@Cb,0,,,6,6,-
39209015001,3,ys,@Cbm,0,,,6,6,-
39209015002,3,ys,@Cbgm,0,,,-,-,-
392090160,2,ys,@C,0,,,7,7,-
392090170,2,ys,@C,0,,,121,114,6
39209017001,3,ys,@C؃m,0,,,-,-,-
39209017002,3,ys,@CR,2,017004,,X,X,X
39209017003,3,ys,@C؃m,2,017004,,X,X,X
39209017004,3,ys,@C@C,1,,017002;017003,51,48,3
39209017005,3,ys,@C@C,0,,,70,66,3
39209017006,3,ys,@C@C,0,,,-,-,-
392090180,2,ys,Li,1,,018001;018002,8,8,-
39209018001,3,ys,LiLi,2,0180,,X,X,X
39209018002,3,ys,LiX,2,0180,,X,X,X
392090190,2,ys,,0,,,166,149,4
392090200,2,ys,ȕz,0,,,240,226,11
392090210,2,ys,E,0,,,214,208,5
392090220,2,ys,ØC,0,,,83,78,5
392090230,2,ys,J,0,,,29,28,-
392090240,2,ys,,0,,,288,245,18
392090250,2,ys,,0,,,191,172,16
392090260,2,ys,l,0,,,274,254,15
392090270,2,ys,l,0,,,116,110,6
392090280,2,ys,YKk,0,,,26,24,2
392090290,2,ys,YK,0,,,199,75,55
392090300,2,ys,,0,,,20,16,3
392090310,2,ys,,0,,,-,-,-
392090320,2,ys,O[nCc,0,,,348,280,13
392090330,2,ys,v,0,,,191,159,22
39209033001,3,ys,vv,0,,,104,84,20
39209033002,3,ys,v,0,,,67,55,2
39209033003,3,ys,vL,0,,,20,20,-
392090340,2,ys,,0,,,15,15,-
392090350,2,ys,vV,0,,,42,40,1
392090360,2,ys,v,0,,,60,36,23
392090370,2,ys,{V,0,,,69,67,2
392090380,2,ys,^,0,,,69,63,6
392090390,2,ys,s꒬,0,,,81,67,13
392090400,2,ys,{,0,,,78,69,9
392090410,2,ys,h,0,,,114,81,31
392090420,2,ys,,0,,,77,63,13
392090430,2,ys,],0,,,96,73,21
392090440,2,ys,l,0,,,40,28,3
392090450,2,ys,,1,,0460,264,151,46
392090460,2,ys,,2,0450,,X,X,X
392090470,2,ys,zO,0,,,130,113,14
392090480,2,ys,K,0,,,100,60,13
392090490,2,ys,V_,0,,,98,71,21
392090500,2,ys,,0,,,55,42,13
392090510,2,ys,,0,,,153,127,21
392090520,2,ys,,0,,,346,281,39
392090530,2,ys,΃Pu,0,,,112,89,9
392090540,2,ys,,0,,,107,70,4
39210,1,l\s,,0,,,14576,10233,3393
392100010,2,l\s,勴,0,,,482,224,234
39210001001,3,l\s,勴ʂP,0,,,40,30,8
39210001002,3,l\s,勴ʂQ,0,,,64,26,36
39210001003,3,l\s,勴ʂR,0,,,12,9,3
39210001004,3,l\s,勴ʂS,0,,,50,33,15
39210001005,3,l\s,勴ʂT,0,,,27,24,2
39210001006,3,l\s,勴ʂU,0,,,122,65,54
39210001007,3,l\s,勴ʂV,0,,,167,37,116
392100020,2,l\s,SΒ,0,,,102,64,22
392100030,2,l\s,R,0,,,70,36,34
392100040,2,l\s,퐶,0,,,57,39,8
392100050,2,l\s,l\,0,,,61,6,51
392100060,2,l\s,HH,0,,,91,51,26
392100070,2,l\s,,0,,,14,13,1
392100080,2,l\s,h,0,,,29,19,9
392100090,2,l\s,V_,0,,,37,35,2
392100100,2,l\s,,0,,,47,38,9
392100110,2,l\s,㏬,0,,,59,40,14
392100120,2,l\s,ۂ̓,0,,,414,238,57
39210012001,3,l\s,ۂ̓,0,,,128,72,20
39210012002,3,l\s,ۂ̓ۂ̓nCh,0,,,286,166,37
392100130,2,l\s,,0,,,97,84,10
392100140,2,l\s,,0,,,19,17,2
392100150,2,l\s,{,0,,,117,73,30
39210015001,3,l\s,{P,0,,,13,10,3
39210015002,3,l\s,{Q,0,,,28,19,9
39210015003,3,l\s,{R,0,,,24,16,8
39210015004,3,l\s,{S,0,,,32,17,5
39210015005,3,l\s,{T,0,,,20,11,5
392100160,2,l\s,,0,,,168,96,64
39210016001,3,l\s,P,0,,,29,23,5
39210016002,3,l\s,Q,0,,,28,22,6
39210016003,3,l\s,R,0,,,58,14,39
39210016004,3,l\s,S,0,,,40,25,13
39210016005,3,l\s,T,0,,,13,12,1
392100170,2,l\s,,0,,,342,221,109
39210017001,3,l\s,ʂP,0,,,43,34,5
39210017002,3,l\s,ʂQ,0,,,43,37,5
39210017003,3,l\s,ʂR,0,,,39,30,5
39210017004,3,l\s,ʂS,0,,,69,48,18
39210017005,3,l\s,ʂT,0,,,148,72,76
392100180,2,l\s,,0,,,414,220,180
39210018001,3,l\s,P,0,,,156,77,76
39210018002,3,l\s,Q,0,,,135,67,63
39210018003,3,l\s,R,0,,,123,76,41
392100190,2,l\s,V,0,,,164,69,78
39210019001,3,l\s,VP,0,,,55,22,30
39210019002,3,l\s,VQ,0,,,19,10,2
39210019003,3,l\s,VR,0,,,12,10,1
39210019004,3,l\s,VS,0,,,61,22,35
39210019005,3,l\s,VT,0,,,17,5,10
392100200,2,l\s,,0,,,44,22,15
392100210,2,l\s,ER,0,,,1139,403,637
39210021001,3,l\s,ERER,0,,,183,46,131
39210021002,3,l\s,ERP,0,,,191,77,77
39210021003,3,l\s,ERQ,0,,,152,61,86
39210021004,3,l\s,ERR,0,,,54,37,17
39210021005,3,l\s,ERwO,0,,,177,38,130
39210021006,3,l\s,ER܌,0,,,205,63,123
39210021007,3,l\s,ERV_,0,,,177,81,73
392100220,2,l\s,sj,0,,,244,184,52
39210022001,3,l\s,sjsj,0,,,98,88,7
39210022002,3,l\s,sjo,0,,,21,5,15
39210022003,3,l\s,sj΃ucn,0,,,125,91,30
392100230,2,l\s,p,0,,,45,43,2
392100240,2,l\s,JcRcn,0,,,49,47,2
392100250,2,l\s,蒬,0,,,47,22,21
392100260,2,l\s,sj㒬,0,,,61,33,10
392100270,2,l\s,R,0,,,1843,1268,414
39210027001,3,l\s,RÒÉ,0,,,690,391,245
39210027002,3,l\s,R,0,,,395,316,51
39210027003,3,l\s,R,0,,,74,59,14
39210027004,3,l\s,RHc,0,,,34,34,-
39210027005,3,l\s,R,0,,,11,11,-
39210027007,3,l\s,RÒÉPcn,0,,,98,72,9
39210027008,3,l\s,RÒÉQcn,0,,,333,254,44
39210027009,3,l\s,Rcn,0,,,68,64,4
39210027010,3,l\s,Rcn,0,,,140,67,47
392100281,2,l\s,c,0,,,557,275,230
39210028101,3,l\s,cP,0,,,163,90,47
39210028102,3,l\s,cQ,0,,,243,92,128
39210028103,3,l\s,cR,0,,,151,93,55
392100282,2,l\s,n,0,,,544,241,250
39210028201,3,l\s,nP,0,,,148,52,93
39210028202,3,l\s,nQ,0,,,194,75,77
39210028203,3,l\s,nR,0,,,202,114,80
392100283,2,l\s,ԏ,0,,,146,95,48
392100284,2,l\s,,0,,,1775,1167,521
39210028401,3,l\s,c,0,,,60,58,2
39210028402,3,l\s,c,0,,,215,149,34
39210028403,3,l\s,,0,,,99,75,22
39210028405,3,l\s,m,0,,,176,68,90
39210028406,3,l\s,m,0,,,78,29,48
39210028407,3,l\s,g,0,,,432,205,218
39210028408,3,l\s,g,0,,,174,118,50
39210028409,3,l\s,nz,0,,,66,50,13
39210028410,3,l\s,ng,0,,,-,-,-
39210028412,3,l\s,Rucn,0,,,398,356,39
39210028413,3,l\s,m,0,,,77,59,5
392100290,2,l\s,,0,,,431,370,39
39210029001,3,l\s,؍]m,0,,,42,40,2
39210029002,3,l\s,ؐX,0,,,99,95,3
39210029003,3,l\s,؍r,0,,,40,37,2
39210029004,3,l\s,ؓ퓇,0,,,162,117,27
39210029005,3,l\s,؍,0,,,37,36,-
39210029006,3,l\s,؍]miԁj,0,,,32,28,4
39210029007,3,l\s,؍]mi̒Jj,0,,,19,17,1
392100300,2,l\s,,0,,,492,447,27
39210030001,3,l\s,ؗL,0,,,198,176,7
39210030002,3,l\s,؉,0,,,73,71,2
39210030003,3,l\s,؋,0,,,27,24,1
39210030004,3,l\s,؏my,0,,,31,31,-
39210030005,3,l\s,؈m,0,,,62,55,7
39210030006,3,l\s,ؐm,0,,,10,10,-
39210030007,3,l\s,ؗLcn,0,,,91,80,10
392100310,2,l\s,,0,,,553,529,17
39210031001,3,l\s,{,0,,,21,20,1
39210031002,3,l\s,RH,0,,,77,75,2
39210031003,3,l\s,RH,0,,,70,66,3
39210031004,3,l\s,,0,,,69,64,4
39210031005,3,l\s,[,0,,,36,36,-
39210031006,3,l\s,ԍ,0,,,104,98,3
39210031007,3,l\s,Ñ,0,,,94,90,2
39210031008,3,l\s,,0,,,36,34,2
39210031009,3,l\s,,0,,,46,46,-
392100320,2,l\s,c,0,,,1108,1036,58
39210032001,3,l\s,c,0,,,56,53,3
39210032002,3,l\s,c|,0,,,202,188,10
39210032003,3,l\s,c瓇,0,,,112,108,1
39210032004,3,l\s,cnz,0,,,25,23,2
39210032005,3,l\s,c,0,,,95,90,4
39210032006,3,l\s,cmR,0,,,13,13,-
39210032007,3,l\s,cc,0,,,48,39,8
39210032008,3,l\s,cc,0,,,71,65,4
39210032009,3,l\s,c],0,,,128,117,11
39210032010,3,l\s,c˓,0,,,100,94,6
39210032011,3,l\s,cː,0,,,59,59,-
39210032012,3,l\s,coC,0,,,94,90,3
39210032013,3,l\s,ccn,0,,,105,97,6
392100330,2,l\s,n,0,,,376,360,12
39210033001,3,l\s,n,0,,,32,31,1
39210033002,3,l\s,nb㕪,0,,,95,90,2
39210033003,3,l\s,nb,0,,,111,106,5
39210033004,3,l\s,n,0,,,90,85,4
39210033005,3,l\s,nɍˌ,0,,,48,48,-
392100340,2,l\s,,0,,,594,563,22
39210034001,3,l\s,엘,0,,,48,47,-
39210034002,3,l\s,m,0,,,31,29,1
39210034003,3,l\s,,0,,,28,27,1
39210034004,3,l\s,쉜,0,,,6,6,-
39210034005,3,l\s,cb,0,,,56,54,1
39210034006,3,l\s,c쉳,0,,,42,42,-
39210034007,3,l\s,~n,0,,,66,64,-
39210034008,3,l\s,c,0,,,190,173,15
39210034009,3,l\s,썲c,0,,,81,79,1
39210034010,3,l\s,ᓡ,0,,,34,31,2
39210034011,3,l\s,쒆,0,,,12,11,1
392100350,2,l\s,,0,,,255,244,10
39210035001,3,l\s,؋vې,0,,,29,28,-
39210035002,3,l\s,؏,0,,,19,18,1
39210035003,3,l\s,؏Ԑ,0,,,15,13,2
39210035004,3,l\s,؉Lm],0,,,23,22,1
39210035005,3,l\s,ؓcom,0,,,15,15,-
39210035006,3,l\s,؍,0,,,16,16,-
39210035007,3,l\s,ؐo,0,,,60,59,1
39210035008,3,l\s,؎,0,,,55,54,1
39210035009,3,l\s,؎O,0,,,23,19,4
392100360,2,l\s,xR,0,,,319,302,8
39210036001,3,l\s,xROc,0,,,14,14,-
39210036002,3,l\s,xRZ,0,,,25,24,1
39210036003,3,l\s,xR剮~,0,,,30,28,1
39210036004,3,l\s,xRЋ,0,,,41,41,-
39210036005,3,l\s,xRZY,0,,,27,27,-
39210036006,3,l\s,xRp,0,,,98,89,3
39210036007,3,l\s,xR吼m,0,,,14,14,-
39210036008,3,l\s,xRm,0,,,7,7,-
39210036009,3,l\s,xRÔ,0,,,9,8,1
39210036010,3,l\s,xRÔ,0,,,17,17,-
39210036011,3,l\s,xR|~,0,,,37,33,2
392100370,2,l\s,y,0,,,26,22,-
392100380,2,l\s,y,0,,,19,19,-
392100390,2,l\s,y,0,,,15,15,-
392100400,2,l\s,y,0,,,53,48,-
392100410,2,l\s,y,0,,,27,26,1
392100420,2,l\s,y,0,,,41,38,2
392100430,2,l\s,ym,0,,,68,64,1
392100440,2,l\s,yk,0,,,42,34,1
392100450,2,l\s,yÖ,0,,,61,51,2
392100460,2,l\s,yÉ,0,,,28,27,1
392100470,2,l\s,yMPs,0,,,21,21,-
392100480,2,l\s,y{,0,,,40,39,1
392100490,2,l\s,y{,0,,,16,13,3
392100500,2,l\s,y{,0,,,54,48,2
392100510,2,l\s,y{,0,,,51,46,2
392100520,2,l\s,yƒn,0,,,40,39,1
392100530,2,l\s,yƒn,0,,,15,15,-
392100540,2,l\s,y̐,0,,,23,23,-
392100550,2,l\s,yP,0,,,61,47,-
392100560,2,l\s,y,0,,,64,37,20
392100570,2,l\s,y{n,0,,,45,25,6
392100580,2,l\s,yޘH,0,,,66,57,6
392100590,2,l\s,yp,0,,,78,41,1
392100600,2,l\s,y,0,,,20,20,-
392100610,2,l\s,y,0,,,60,58,1
392100620,2,l\s,y{,0,,,53,47,6
392100630,2,l\s,yg,0,,,27,26,1
392100640,2,l\s,yJ,0,,,15,15,-
392100650,2,l\s,yJ,0,,,41,38,-
39211,1,s,,0,,,12800,9658,1896
392110010,2,s,],0,,,232,101,25
392110020,2,s,{,0,,,110,105,3
392110030,2,s,ٓV,0,,,20,18,1
392110040,2,s,,0,,,29,27,-
392110050,2,s,{,0,,,36,34,2
392110060,2,s,,0,,,53,34,12
392110070,2,s,{c,0,,,66,49,-
392110080,2,s,,0,,,20,10,-
392110090,2,s,쒬,0,,,80,63,14
392110100,2,s,k,0,,,21,21,-
392110110,2,s,̏o,0,,,69,55,1
392110120,2,s,,0,,,16,16,-
392110130,2,s,K,0,,,26,22,-
392110140,2,s,,0,,,43,27,4
392110150,2,s,,0,,,36,23,3
392110160,2,s,h,0,,,40,5,1
392110170,2,s,P,0,,,146,14,1
392110180,2,s,ʏR,0,,,174,67,6
392110190,2,s,ݖ{,0,,,438,392,12
392110200,2,s,q,0,,,401,280,67
392110210,2,s,R,0,,,553,434,16
392110220,2,s,Rk,0,,,556,462,54
392110230,2,s,,0,,,135,133,1
392110240,2,s,,0,,,84,84,-
392110250,2,s,,0,,,2718,1722,931
392110260,2,s,,0,,,962,716,215
392110270,2,s,,0,,,537,418,106
392110280,2,s,㉪,0,,,51,49,1
392110290,2,s,,0,,,451,445,5
392110300,2,s,,0,,,134,124,9
392110310,2,s,{,0,,,53,52,1
392110320,2,s,㎛,0,,,279,261,15
392110330,2,s,J,0,,,387,279,101
392110340,2,s,[,0,,,119,64,53
392110350,2,s,m,0,,,290,259,27
392110360,2,s,y,0,,,297,238,54
392110370,2,s,V{,0,,,83,79,3
392110380,2,s,Rc,0,,,38,38,-
392110390,2,s,ec,0,,,128,107,14
392110400,2,s,{,0,,,160,143,8
392110410,2,s,݂ǂ,0,,,338,313,19
39211041001,3,s,݂ǂP,0,,,56,52,3
39211041002,3,s,݂ǂQ,0,,,71,65,5
39211041003,3,s,݂ǂR,0,,,99,93,4
39211041004,3,s,݂ǂS,0,,,112,103,7
392110420,2,s,݂ǂ쓌,0,,,225,175,24
39211042001,3,s,݂ǂ쓌P,0,,,86,70,1
39211042002,3,s,݂ǂ쓌Q,0,,,87,57,21
39211042003,3,s,݂ǂ쓌R,0,,,52,48,2
392110430,2,s,茋R,0,,,205,201,2
392110440,2,s,茋,0,,,165,158,7
392110450,2,s,,0,,,171,144,9
392110460,2,s,o,0,,,69,66,2
392110470,2,s,\m,0,,,32,32,-
392110480,2,s,{,0,,,98,96,2
392110490,2,s,{,0,,,82,82,-
392110500,2,s,,0,,,29,28,1
392110510,2,s,H,0,,,8,7,1
392110520,2,s,א,0,,,21,20,1
392110530,2,s,R,0,,,188,183,2
392110540,2,s,؈,0,,,329,214,8
392110550,2,s,J,0,,,-,-,-
392110560,2,s,؉,0,,,-,-,-
392110570,2,s,g,0,,,555,319,46
392110580,2,s,Ð,0,,,214,150,6
39212,1,s,,0,,,11828,8210,2861
392120010,2,s,SΒ,0,,,450,277,168
39212001001,3,s,SΒP,0,,,267,208,57
39212001002,3,s,SΒQ,0,,,183,69,111
392120030,2,s,{,0,,,556,331,210
39212003001,3,s,{P,0,,,109,62,44
39212003002,3,s,{Q,0,,,66,47,16
39212003003,3,s,{R,0,,,83,52,29
39212003004,3,s,{S,0,,,105,68,34
39212003005,3,s,{T,0,,,193,102,87
392120080,2,s,,0,,,444,201,224
39212008001,3,s,P,0,,,87,22,63
39212008002,3,s,Q,0,,,109,53,47
39212008003,3,s,R,0,,,42,19,19
39212008004,3,s,S,0,,,66,34,30
39212008005,3,s,T,0,,,140,73,65
392120130,2,s,{,0,,,490,301,163
39212013001,3,s,{P,0,,,105,75,27
39212013002,3,s,{Q,0,,,34,31,2
39212013003,3,s,{R,0,,,103,69,31
39212013004,3,s,{S,0,,,121,42,66
39212013005,3,s,{T,0,,,127,84,37
392120180,2,s,,0,,,853,255,548
39212018001,3,s,󒬂P,0,,,200,55,143
39212018002,3,s,󒬂Q,0,,,294,96,170
39212018003,3,s,󒬂R,0,,,82,28,53
39212018004,3,s,󒬂S,0,,,239,47,173
39212018005,3,s,󒬂T,0,,,38,29,9
392120230,2,s,h,0,,,246,138,99
392120240,2,s,`R,0,,,411,240,165
39212024001,3,s,`RP,0,,,145,88,55
39212024002,3,s,`RQ,0,,,144,91,49
39212024003,3,s,`RR,0,,,122,61,61
392120270,2,s,{O,0,,,185,64,116
392120280,2,s,OR,0,,,104,97,6
392120300,2,s,k{,0,,,551,325,209
39212030001,3,s,k{P,0,,,204,98,99
39212030002,3,s,k{Q,0,,,39,30,5
39212030003,3,s,k{R,0,,,106,54,51
39212030004,3,s,k{P,0,,,202,143,54
392120330,2,s,kg,0,,,615,250,345
392120340,2,s,g,0,,,199,173,21
392120350,2,s,g,0,,,302,199,84
392120360,2,s,Ò,0,,,106,64,37
39212036001,3,s,ÒP,0,,,76,39,34
39212036002,3,s,ÒQ,0,,,30,25,3
392120380,2,s,y,0,,,67,1,-
392120390,2,s,Zcn,0,,,123,2,1
392120400,2,s,A,0,,,933,701,200
39212040001,3,s,Ac,0,,,26,23,1
39212040002,3,s,Ak,0,,,16,16,-
39212040003,3,s,A,0,,,22,22,-
39212040004,3,s,Ak,0,,,24,19,4
39212040005,3,s,Ak,0,,,50,46,2
39212040006,3,s,Ac,0,,,83,68,15
39212040007,3,s,AP,0,,,62,32,30
39212040008,3,s,AQ,0,,,65,49,2
39212040009,3,s,AR,0,,,174,67,105
39212040010,3,s,AS,0,,,28,18,10
39212040011,3,s,A,0,,,131,107,20
39212040012,3,s,A\x,0,,,31,29,1
39212040013,3,s,A,0,,,15,15,-
39212040014,3,s,AOs,0,,,23,21,1
39212040015,3,s,AA,0,,,162,148,9
39212040016,3,s,A@,0,,,14,14,-
39212040017,3,s,AJ,0,,,7,7,-
392120410,2,s,,0,,,419,400,8
39212041001,3,s,,0,,,101,99,-
39212041002,3,s,,0,,,49,46,-
39212041003,3,s,q,0,,,56,54,1
39212041004,3,s,,1,,041007,59,56,2
39212041005,3,s,,0,,,51,48,2
39212041006,3,s,,0,,,82,78,3
39212041007,3,s,͌,2,041004,,X,X,X
39212041008,3,s,˔,0,,,21,19,-
392120420,2,s,Вn,0,,,996,773,112
39212042001,3,s,Вnc,0,,,24,23,-
39212042002,3,s,Вnm,0,,,31,29,1
39212042003,3,s,Вnc,0,,,24,24,-
39212042004,3,s,Вn,0,,,55,52,1
39212042005,3,s,ВnRc,0,,,49,47,1
39212042006,3,s,Вnѓc,0,,,36,34,1
39212042007,3,s,ВneR,0,,,37,35,1
39212042008,3,s,Вn,0,,,51,49,1
39212042009,3,s,ВnM,0,,,88,80,5
39212042010,3,s,ВnMJ,0,,,60,48,10
39212042011,3,s,Вn{m,0,,,67,57,9
39212042012,3,s,Вnc,0,,,38,34,1
39212042013,3,s,Вn_m,0,,,359,186,80
39212042014,3,s,Вnt,0,,,77,75,1
392120430,2,s,,0,,,225,219,3
39212043001,3,s,mc,0,,,21,21,-
39212043002,3,s,,0,,,70,67,2
39212043003,3,s,啽,0,,,31,30,-
39212043004,3,s,{,1,,043008,64,62,1
39212043005,3,s,|,0,,,17,17,-
39212043006,3,s,LJ,0,,,13,13,-
39212043007,3,s,,0,,,-,-,-
39212043008,3,s,,2,043004,,X,X,X
39212043009,3,s,,0,,,9,9,-
392120440,2,s,V,0,,,383,360,15
39212044001,3,s,Vv,0,,,72,70,2
39212044002,3,s,Vc,0,,,49,41,8
39212044003,3,s,V{],0,,,56,49,3
39212044004,3,s,VV,0,,,96,93,2
39212044005,3,s,V,0,,,18,15,-
39212044006,3,s,V]䕔,0,,,16,16,-
39212044007,3,s,VR,0,,,32,32,-
39212044008,3,s,V,0,,,44,44,-
392120450,2,s,⑺,0,,,235,228,3
39212045001,3,s,⑺{,0,,,45,45,-
39212045002,3,s,⑺⎟,0,,,46,45,-
39212045003,3,s,⑺_ʎ,0,,,69,65,3
39212045004,3,s,⑺c,0,,,41,41,-
39212045005,3,s,⑺,0,,,34,32,-
392120460,2,s,ɓ,0,,,130,121,1
39212046001,3,s,ɓk{,0,,,25,24,-
39212046002,3,s,ɓ~J,0,,,13,13,-
39212046003,3,s,ɓ㌊,0,,,-,-,-
39212046004,3,s,ɓǉ,0,,,10,9,-
39212046005,3,s,ɓɓ,0,,,34,32,1
39212046006,3,s,ɓwO,0,,,11,11,-
39212046007,3,s,ɓc,0,,,11,6,-
39212046008,3,s,ɓ,1,,0600,6,6,-
39212046009,3,s,ɓ͂̐,0,,,20,20,-
392120470,2,s,,0,,,19,19,-
392120480,2,s,Y,0,,,64,49,15
392120490,2,s,K,0,,,145,114,2
392120500,2,s,Ǖz,0,,,429,381,17
392120510,2,s,B,0,,,222,170,6
392120520,2,s,,0,,,51,48,2
392120530,2,s,g,0,,,70,60,7
392120540,2,s,J,0,,,7,7,-
392120550,2,s,vې,0,,,14,13,1
392120560,2,s,~,0,,,22,20,1
392120570,2,s,k,0,,,22,21,1
392120580,2,s,,0,,,20,20,-
392120590,2,s,,0,,,33,31,2
392120600,2,s,͖,2,046008,,X,X,X
392120610,2,s,m,0,,,-,-,-
392120620,2,s,È,0,,,-,-,-
392120630,2,s,L,0,,,-,-,-
392120640,2,s,ܕS,0,,,100,88,2
392120650,2,s,,0,,,14,14,-
392120660,2,s,쉺,0,,,21,20,1
392120670,2,s,L,1,,0680,40,39,1
392120680,2,s,,2,0670,,X,X,X
392120690,2,s,mq,0,,,50,48,2
392120700,2,s,J,0,,,57,52,5
392120710,2,s,X,0,,,81,79,2
392120720,2,s,i,0,,,14,14,-
392120730,2,s,n,0,,,13,11,1
392120740,2,s,,1,,0750,36,36,-
392120750,2,s,呩,2,0740,,X,X,X
392120760,2,s,J,0,,,7,7,-
392120770,2,s,J,0,,,9,8,1
392120780,2,s,䕽,0,,,10,10,-
392120790,2,s,~v,0,,,22,22,-
392120800,2,s,,0,,,24,23,1
392120810,2,s,{,0,,,53,51,1
392120820,2,s,i,0,,,121,116,3
392120830,2,s,pm,0,,,68,66,1
392120840,2,s,J,0,,,17,17,-
392120850,2,s,,0,,,5,5,-
392120860,2,s,J,0,,,11,11,-
392120870,2,s,ڒ,0,,,16,16,-
392120880,2,s,,0,,,370,291,34
392120890,2,s,R,0,,,104,84,3
392120900,2,s,哪,1,,0920;0930,74,73,1
392120910,2,s,㉪,0,,,-,-,-
392120920,2,s,,2,0900,,X,X,X
392120930,2,s,Ô,2,0900,,X,X,X
392120940,2,s,J,0,,,23,21,1
392120950,2,s,l,0,,,9,9,-
392120960,2,s,؉,0,,,15,15,-
392120970,2,s,m,1,,0980,53,51,2
392120980,2,s,ʖ,2,0970,,X,X,X
392120990,2,s,sF,0,,,9,8,1
392121000,2,s,ʕ{,0,,,25,23,-
392121010,2,s,vۉe,1,,1020;1030,14,13,1
392121020,2,s,vۘav,2,1010,,X,X,X
392121030,2,s,vے,2,1010,,X,X,X
392121040,2,s,vۏ,0,,,9,9,-
392121050,2,s,vۈ,2,1080,,X,X,X
392121060,2,s,vۓm,2,1080,,X,X,X
392121070,2,s,vۏv,2,1080,,X,X,X
392121080,2,s,vۍ,1,,1050;1060;1070,24,23,-
392121090,2,s,吼,1,,1100,12,10,2
392121100,2,s,r,2,1090,,X,X,X
392121110,2,s,,0,,,-,-,-
392121120,2,s,,0,,,5,5,-
392121130,2,s,܉,0,,,39,38,1
392121140,2,s,,0,,,14,13,1
392121150,2,s,,0,,,20,20,-
392121160,2,s,_r,0,,,20,20,-
392121170,2,s,,0,,,35,34,1
392121180,2,s,,0,,,24,24,-
39301,1,|Sm,,0,,,1373,1087,106
393010010,2,|Sm,厚,0,,,59,56,2
393010020,2,|Sm,厚͓,0,,,294,226,43
393010030,2,|Sm,厚bY,0,,,263,201,23
393010040,2,|Sm,厚l,0,,,183,153,26
393010050,2,|Sm,厚썪,0,,,574,451,12
39302,1,|Sޔ,,0,,,1460,1040,97
393020010,2,|Sޔ,,0,,,1242,838,93
39302001001,3,|Sޔ,㒷c,0,,,46,44,2
39302001002,3,|Sޔ,c,0,,,66,53,11
39302001003,3,|Sޔ,Mc,0,,,172,100,8
39302001004,3,|Sޔ,`,0,,,29,17,10
39302001005,3,|Sޔ,,0,,,62,53,7
39302001006,3,|Sޔ,,0,,,25,22,-
39302001007,3,|Sޔ,,0,,,83,50,3
39302001008,3,|Sޔ,r,0,,,7,6,1
39302001009,3,|Sޔ,R,0,,,-,-,-
39302001010,3,|Sޔ,S,0,,,41,41,-
39302001011,3,|Sޔ,,0,,,53,32,19
39302001012,3,|Sޔ,Ԑ,0,,,38,37,1
39302001013,3,|Sޔ,m,0,,,92,73,1
39302001014,3,|Sޔ,,0,,,109,98,8
39302001015,3,|Sޔ,Z{,0,,,15,15,-
39302001016,3,|Sޔ,|,0,,,23,16,-
39302001017,3,|Sޔ,,0,,,61,17,5
39302001018,3,|Sޔ,{m,0,,,-,-,-
39302001019,3,|Sޔ,@,0,,,69,50,-
39302001020,3,|Sޔ,,0,,,17,16,1
39302001021,3,|Sޔ,,0,,,79,24,3
39302001022,3,|Sޔ,O,0,,,46,14,3
39302001023,3,|Sޔ,l,0,,,19,10,1
39302001024,3,|Sޔ,܋,0,,,21,10,3
39302001025,3,|Sޔ,Z,0,,,40,24,3
39302001026,3,|Sޔ,,0,,,14,8,2
39302001027,3,|Sޔ,,0,,,15,8,1
393020020,2,|Sޔ,b,0,,,212,196,4
39302002001,3,|Sޔ,bFR,0,,,-,-,-
39302002002,3,|Sޔ,bF,0,,,15,15,-
39302002003,3,|Sޔ,b,0,,,27,26,-
39302002004,3,|Sޔ,bZ{,0,,,17,15,1
39302002005,3,|Sޔ,b{,0,,,22,22,-
39302002006,3,|Sޔ,bv,0,,,11,11,-
39302002007,3,|Sޔ,b匴,0,,,22,21,-
39302002008,3,|Sޔ,b̋,0,,,98,86,3
393020030,2,|Sޔ,,0,,,6,6,-
39303,1,|Sc쒬,,0,,,1179,933,116
393030010,2,|Sc쒬,,0,,,1179,933,116
39303001001,3,|Sc쒬,,0,,,82,59,21
39303001002,3,|Sc쒬,k,0,,,41,19,20
39303001003,3,|Sc쒬,,0,,,57,37,14
39303001004,3,|Sc쒬,,0,,,46,40,4
39303001005,3,|Sc쒬,V,0,,,34,26,8
39303001006,3,|Sc쒬,V,0,,,65,39,6
39303001007,3,|Sc쒬,V,0,,,49,33,-
39303001008,3,|Sc쒬,lc,0,,,54,46,4
39303001009,3,|Sc쒬,lc,0,,,83,71,10
39303001010,3,|Sc쒬,Ó,0,,,48,48,-
39303001011,3,|Sc쒬,Ó,0,,,107,72,3
39303001012,3,|Sc쒬,Ó,0,,,91,76,3
39303001013,3,|Sc쒬,,0,,,65,64,1
39303001014,3,|Sc쒬,k,0,,,57,55,1
39303001016,3,|Sc쒬,畟,0,,,89,73,4
39303001017,3,|Sc쒬,n,0,,,91,74,12
39303001018,3,|Sc쒬,,0,,,34,34,-
39303001019,3,|Sc쒬,J,0,,,67,49,4
39303001020,3,|Sc쒬,y,0,,,19,18,1
39304,1,|Sc,,0,,,1141,966,42
393040010,2,|Sc,厚,1,,0020,13,13,-
393040020,2,|Sc,厚X,2,0010,,X,X,X
393040030,2,|Sc,厚,0,,,15,15,-
393040040,2,|Sc,厚,0,,,8,8,-
393040050,2,|Sc,厚Dq,0,,,9,9,-
393040060,2,|Sc,厚^,0,,,22,22,-
393040070,2,|Sc,厚m,0,,,23,23,-
393040080,2,|Sc,厚m,0,,,12,12,-
393040090,2,|Sc,厚ʏ,0,,,19,15,-
393040100,2,|Sc,厚O,0,,,79,58,3
393040110,2,|Sc,厚V,0,,,22,21,1
393040120,2,|Sc,厚ԉ,0,,,21,21,-
393040130,2,|Sc,厚,0,,,194,181,2
393040140,2,|Sc,厚c,0,,,292,258,17
393040150,2,|Sc,厚,0,,,61,50,5
393040160,2,|Sc,厚,0,,,-,-,-
393040170,2,|Sc,厚l,0,,,351,260,14
39305,1,|Sk쑺,,0,,,567,488,17
393050010,2,|Sk쑺,厚q,2,0080,,X,X,X
393050020,2,|Sk쑺,厚,1,,0070,32,31,-
393050030,2,|Sk쑺,厚,0,,,78,49,1
393050040,2,|Sk쑺,厚v]m,2,0050,,X,X,X
393050050,2,|Sk쑺,厚v,1,,0040,11,11,-
393050060,2,|Sk쑺,厚,0,,,17,17,-
393050070,2,|Sk쑺,厚ؐ,2,0020,,X,X,X
393050080,2,|Sk쑺,厚,1,,0010;0090;0110,20,20,-
393050090,2,|Sk쑺,厚m,2,0080,,X,X,X
393050100,2,|Sk쑺,厚@m,0,,,17,16,-
393050110,2,|Sk쑺,厚|~,2,0080,,X,X,X
393050120,2,|Sk쑺,厚R,0,,,32,30,-
393050130,2,|Sk쑺,厚J,0,,,16,15,-
393050140,2,|Sk쑺,厚,0,,,44,44,-
393050150,2,|Sk쑺,厚F,0,,,265,221,16
39305015001,3,|Sk쑺,厚F,0,,,76,71,4
39305015002,3,|Sk쑺,厚Fb,0,,,189,150,12
393050160,2,|Sk쑺,厚,1,,0170;0180,17,16,-
393050170,2,|Sk쑺,厚O,2,0160,,X,X,X
393050180,2,|Sk쑺,厚^,2,0160,,X,X,X
393050190,2,|Sk쑺,厚ac,0,,,18,18,-
39306,1,|SnH,,0,,,390,274,8
393060010,2,|SnH,厚nH,0,,,303,222,6
39306001001,3,|SnH,厚nHcR,0,,,-,-,-
39306001002,3,|SnH,厚nHm,0,,,8,8,-
39306001003,3,|SnH,厚nH,0,,,34,26,-
39306001004,3,|SnH,厚nHe,0,,,117,101,2
39306001005,3,|SnH,厚nH,0,,,54,40,-
39306001006,3,|SnH,厚nHY,0,,,72,32,4
39306001007,3,|SnH,厚nHo,0,,,18,15,-
393060020,2,|SnH,厚,0,,,87,52,2
39306002001,3,|SnH,厚{R,0,,,-,-,-
39306002002,3,|SnH,厚ێR,0,,,63,52,2
39306002003,3,|SnH,厚cя,1,,002005,24,-,-
39306002004,3,|SnH,厚P,0,,,-,-,-
39306002005,3,|SnH,厚,2,002003,,X,X,X
39306002006,3,|SnH,厚؏,0,,,-,-,-
39307,1,|S|,,0,,,1441,1198,78
393070010,2,|S|,aH,0,,,683,533,44
393070020,2,|S|,,0,,,530,453,27
393070030,2,|S|,nm,1,,0040;0050,228,212,7
393070040,2,|S|,vd,2,0030,,X,X,X
393070050,2,|S|,,2,0030,,X,X,X
393070060,2,|S|,,0,,,-,-,-
39341,1,S{R,,0,,,1653,1274,121
393410010,2,S{R,{R,0,,,673,417,45
39341001001,3,S{R,{R,0,,,110,80,15
39341001002,3,S{R,{R,0,,,67,56,8
39341001003,3,S{R,{RO,0,,,135,94,8
39341001004,3,S{R,{Rl,0,,,247,139,14
39341001005,3,S{R,{R܋,0,,,109,43,-
39341001006,3,S{R,{R,0,,,5,5,-
393410070,2,S{R,,0,,,74,67,6
393410080,2,S{R,g,0,,,47,47,-
393410090,2,S{R,Ö,0,,,17,17,-
393410100,2,S{R,E,0,,,9,5,1
393410110,2,S{R,p,0,,,21,20,1
393410120,2,S{R,Óc,0,,,48,47,1
393410130,2,S{R,ؔ\,0,,,57,53,1
393410140,2,S{R,,0,,,19,19,-
393410150,2,S{R,,1,,016002,53,45,8
393410160,2,S{R,,0,,,72,68,4
39341016001,3,S{R,֍b,0,,,72,68,4
39341016002,3,S{R,։,2,0150,,X,X,X
393410180,2,S{R,kR,0,,,140,127,6
39341018001,3,S{R,kRb,0,,,53,51,2
39341018002,3,S{R,kR,0,,,61,53,1
39341018003,3,S{R,kR,0,,,26,23,3
393410200,2,S{R,,0,,,219,180,18
393410210,2,S{R,g,1,,0220,114,76,29
393410220,2,S{R,,2,0210,,X,X,X
393410230,2,S{R,{,0,,,15,15,-
393410240,2,S{R,,0,,,19,18,-
393410250,2,S{R,P,0,,,15,15,-
393410260,2,S{R,Z,0,,,22,21,-
393410270,2,S{R,,0,,,19,17,1
39344,1,SL,,0,,,2036,1782,110
393440010,2,SL,ˎ,0,,,29,23,1
393440020,2,SL,pΒJ,1,,002001;002002,43,41,2
39344002001,3,SL,pΒJ,2,0020,,X,X,X
39344002002,3,SL,pΒJ{,2,0020,,X,X,X
393440030,2,SL,n,0,,,44,39,4
393440040,2,SL,v,0,,,28,28,-
393440050,2,SL,k,0,,,16,16,-
39344005001,3,SL,k,0,,,6,6,-
39344005002,3,SL,k,0,,,10,10,-
393440060,2,SL,,1,,006001;006002,30,30,-
39344006001,3,SL,͒J,2,0060,,X,X,X
39344006002,3,SL,,2,0060,,X,X,X
393440070,2,SL,,0,,,86,76,9
393440080,2,SL,É,0,,,39,36,2
39344008001,3,SL,É,0,,,32,30,2
39344008002,3,SL,Éƞw,0,,,7,6,-
393440090,2,SL,{,0,,,63,52,5
393440100,2,SL,Y,0,,,33,32,1
393440110,2,SL,剤,0,,,65,53,3
39344011001,3,SL,剤剤,0,,,50,38,3
39344011002,3,SL,剤剤,0,,,15,15,-
393440120,2,SL,,0,,,42,28,3
393440130,2,SL,,0,,,7,7,-
393440140,2,SL,,0,,,84,80,4
39344014001,3,SL,|P,0,,,14,14,-
39344014002,3,SL,|Q,0,,,10,9,1
39344014003,3,SL,,0,,,39,37,2
39344014004,3,SL,O,0,,,21,20,1
393440150,2,SL,ac,0,,,34,28,5
39344015001,3,SL,acac,0,,,18,15,3
39344015002,3,SL,acڕt,0,,,16,13,2
393440160,2,SL,J,1,,0300,18,18,-
393440170,2,SL,,0,,,17,17,-
393440180,2,SL,J,0,,,21,20,-
393440190,2,SL,,0,,,160,76,22
39344019001,3,SL,,0,,,22,18,4
39344019002,3,SL,,0,,,138,58,18
393440200,2,SL,,0,,,97,91,4
39344020001,3,SL,̐,0,,,18,16,1
39344020002,3,SL,,0,,,-,-,-
39344020003,3,SL,OJ,0,,,24,23,1
39344020004,3,SL,슠,0,,,13,13,-
39344020005,3,SL,쒆a,0,,,17,17,-
39344020006,3,SL,m,0,,,13,13,-
39344020007,3,SL,쒆,0,,,12,9,2
393440220,2,SL,y,0,,,28,17,3
393440230,2,SL,R,0,,,34,30,3
393440240,2,SL,㓌,0,,,16,16,-
393440250,2,SL,,0,,,11,11,-
393440260,2,SL,,0,,,30,19,-
393440270,2,SL,J,0,,,57,54,3
39344027001,3,SL,JJ,0,,,23,22,1
39344027002,3,SL,JJ,0,,,34,32,2
393440280,2,SL,D,0,,,44,41,3
393440290,2,SL,c,0,,,27,23,2
393440300,2,SL,Γ,2,0160,,X,X,X
393440310,2,SL,P,0,,,19,19,-
39344031001,3,SL,P,0,,,5,5,-
39344031002,3,SL,P,0,,,14,14,-
393440320,2,SL,c,0,,,8,8,-
393440330,2,SL,,0,,,68,66,1
39344033001,3,SL,,0,,,41,39,1
39344033002,3,SL,,0,,,27,27,-
393440340,2,SL,X,0,,,13,13,-
393440350,2,SL,v,0,,,9,9,-
393440360,2,SL,,0,,,25,24,-
393440370,2,SL,A,0,,,12,12,-
393440380,2,SL,,0,,,39,36,3
39344038001,3,SL,㓍,0,,,26,25,1
39344038002,3,SL,,0,,,13,11,2
393440390,2,SL,i,0,,,26,26,-
393440400,2,SL,,0,,,4,4,-
393440410,2,SL,卻q,0,,,32,30,2
393440420,2,SL,v,0,,,22,22,-
393440430,2,SL,y,0,,,78,71,6
393440440,2,SL,,0,,,19,16,3
393440450,2,SL,,0,,,13,13,-
393440460,2,SL,⌴,0,,,66,57,5
393440470,2,SL,啽,0,,,14,13,1
393440480,2,SL,,0,,,50,41,6
39344048001,3,SL,ꐤ,0,,,9,9,-
39344048002,3,SL,ꗎ,0,,,41,32,6
393440490,2,SL,,1,,0500,32,32,-
393440500,2,SL,,2,0490,,X,X,X
393440510,2,SL,,2,052001,,X,X,X
393440520,2,SL,,0,,,122,109,2
39344052001,3,SL,OJ,1,,0510;052002,28,27,1
39344052002,3,SL,,2,052001,,X,X,X
39344052003,3,SL,唨,0,,,22,21,-
39344052004,3,SL,v,0,,,30,19,1
39344052005,3,SL,y,0,,,11,11,-
39344052006,3,SL,X,0,,,16,16,-
39344052007,3,SL,,0,,,15,15,-
393440530,2,SL,M,0,,,29,29,-
393440540,2,SL,{c,0,,,58,57,-
39344054001,3,SL,{c,0,,,42,41,-
39344054002,3,SL,{cOÎq,0,,,16,16,-
393440550,2,SL,剤,0,,,8,8,-
393440560,2,SL,,1,,0570,38,37,1
393440570,2,SL,,2,0560,,X,X,X
393440580,2,SL,,0,,,13,12,1
393440590,2,SL,,0,,,16,16,-
39363,1,ySy,,0,,,1692,1347,118
393630010,2,ySy,,1,,0020,22,22,-
393630020,2,ySy,H,2,0010,,X,X,X
393630030,2,ySy,L,0,,,7,7,-
393630040,2,ySy,Ό,0,,,78,65,1
393630050,2,ySy,Ό,0,,,64,64,-
393630060,2,ySy,n,0,,,155,143,4
393630070,2,ySy,I,0,,,13,13,-
393630080,2,ySy,y,0,,,282,209,21
393630090,2,ySy,,0,,,59,52,6
393630100,2,ySy,{,0,,,46,46,-
393630110,2,ySy,~R,0,,,18,17,1
393630120,2,ySy,,0,,,52,44,-
393630130,2,ySy,,0,,,46,45,-
393630140,2,ySy,{Ö,0,,,35,33,1
393630150,2,ySy,,0,,,54,52,1
393630160,2,ySy,Mm,2,0170,,X,X,X
393630170,2,ySy,ac,1,,0160,24,23,1
393630180,2,ySy,,0,,,19,19,-
393630190,2,ySy,PJ,0,,,-,-,-
393630200,2,ySy,c,0,,,709,485,82
393630210,2,ySy,基,1,,0220;0230,5,5,-
393630220,2,ySy,K,2,0210,,X,X,X
393630230,2,ySy,Ö,2,0210,,X,X,X
393630240,2,ySy,,0,,,-,-,-
393630250,2,ySy,Ð,0,,,4,3,-
39364,1,yS쑺,,0,,,209,133,10
393640010,2,yS쑺,D,0,,,5,3,-
393640020,2,yS쑺,,0,,,35,15,3
393640030,2,yS쑺,J,0,,,9,1,-
393640040,2,yS쑺,k,1,,0050,14,13,1
393640050,2,yS쑺,,2,0040,,X,X,X
393640060,2,yS쑺,,0,,,14,14,-
393640070,2,yS쑺,,0,,,26,19,-
393640080,2,yS쑺,啽,0,,,14,13,1
393640090,2,yS쑺,,1,,0100,8,5,3
393640100,2,yS쑺,k,2,0090,,X,X,X
393640110,2,yS쑺,M,0,,,9,7,2
393640120,2,yS쑺,,0,,,-,-,-
393640130,2,yS쑺,R,0,,,8,8,-
393640140,2,yS쑺,㏬,0,,,16,7,-
393640150,2,yS쑺,,0,,,9,8,-
393640160,2,yS쑺,,0,,,42,20,-
39386,1,S̒,,0,,,9112,7591,975
393860010,2,S̒,ɖ쒬,0,,,1883,1528,250
39386001001,3,S̒,ɖ쒬卑,0,,,17,15,2
39386001002,3,S̒,ɖ쒬n,0,,,4,1,2
39386001003,3,S̒,ɖ쒬,0,,,40,32,7
39386001004,3,S̒,ɖ쒬P,0,,,16,12,4
39386001005,3,S̒,ɖ쒬Q,0,,,59,30,-
39386001006,3,S̒,ɖ쒬R,0,,,8,8,-
39386001008,3,S̒,ɖ쒬,0,,,44,34,7
39386001010,3,S̒,ɖ쒬,0,,,25,22,3
39386001011,3,S̒,ɖ쒬,0,,,26,18,8
39386001012,3,S̒,ɖ쒬K,0,,,75,60,9
39386001013,3,S̒,ɖ쒬{,0,,,38,33,5
39386001014,3,S̒,ɖ쒬a,0,,,43,35,5
39386001015,3,S̒,ɖ쒬,0,,,24,18,4
39386001016,3,S̒,ɖ쒬ey,0,,,44,32,10
39386001017,3,S̒,ɖ쒬V,0,,,82,62,19
39386001018,3,S̒,ɖ쒬kR,0,,,81,54,16
39386001019,3,S̒,ɖ쒬wO,0,,,61,44,15
39386001020,3,S̒,ɖ쒬wOQ,0,,,70,68,2
39386001021,3,S̒,ɖ쒬,0,,,26,23,3
39386001022,3,S̒,ɖ쒬w,0,,,79,58,20
39386001023,3,S̒,ɖ쒬k,0,,,125,109,15
39386001024,3,S̒,ɖ쒬F,0,,,224,214,5
39386001025,3,S̒,ɖ쒬w쒬,0,,,174,109,48
39386001026,3,S̒,ɖ쒬V_P,0,,,30,27,2
39386001027,3,S̒,ɖ쒬V_Q,0,,,18,18,-
39386001028,3,S̒,ɖ쒬V_R,0,,,51,50,1
39386001029,3,S̒,ɖ쒬V_S,0,,,155,130,12
39386001030,3,S̒,ɖ쒬|,0,,,164,155,7
39386001031,3,S̒,ɖ쒬H,0,,,-,-,-
39386001032,3,S̒,ɖ쒬J,0,,,80,57,19
39386001033,3,S̒,ɖ쒬l,0,,,-,-,-
393860020,2,S̒,},0,,,2336,1623,501
39386002001,3,S̒,}쓡,0,,,144,103,41
39386002002,3,S̒,}kYP,0,,,61,59,1
39386002003,3,S̒,}씪P,0,,,182,153,28
39386002004,3,S̒,}씪Q,0,,,159,106,49
39386002005,3,S̒,}쐼YS[P,0,,,133,113,19
39386002006,3,S̒,}쐼YT,0,,,239,173,63
39386002007,3,S̒,}kYQ,0,,,215,135,72
39386002008,3,S̒,}쐼YQ,0,,,59,28,13
39386002009,3,S̒,}쓌YP,0,,,137,102,35
39386002010,3,S̒,}쓌YR,0,,,78,71,7
39386002011,3,S̒,}쓌YQ,0,,,177,8,-
39386002012,3,S̒,}쐼YP,0,,,84,64,17
39386002013,3,S̒,}쐼YV,0,,,91,66,25
39386002014,3,S̒,}쐼YU,0,,,136,113,22
39386002015,3,S̒,}쐼YR,0,,,249,203,45
39386002016,3,S̒,}얳l,0,,,4,4,-
39386002017,3,S̒,}쐼YS[Q,0,,,87,42,44
39386002019,3,S̒,}쐼YX,0,,,101,80,20
393860030,2,S̒,_J,0,,,163,155,7
39386003001,3,S̒,_Jv,0,,,40,37,3
39386003002,3,S̒,_Jۖ,0,,,53,52,1
39386003003,3,S̒,_JޘC,0,,,46,42,3
39386003004,3,S̒,_Jѓc,0,,,19,19,-
39386003005,3,S̒,_J,0,,,5,5,-
393860040,2,S̒,R,0,,,27,27,-
39386004001,3,S̒,R,0,,,7,7,-
39386004002,3,S̒,RkR,0,,,9,9,-
39386004003,3,S̒,R{,0,,,11,11,-
393860050,2,S̒,,0,,,27,27,-
393860060,2,S̒,c,0,,,129,124,3
39386006001,3,S̒,cc,0,,,14,13,1
39386006002,3,S̒,cc,0,,,115,111,2
393860070,2,S̒,g,0,,,465,369,74
39386007001,3,S̒,ggk,0,,,29,29,-
39386007002,3,S̒,g{̓,0,,,63,34,28
39386007003,3,S̒,gV,0,,,182,150,30
39386007004,3,S̒,g,0,,,47,45,1
39386007005,3,S̒,gg쐼,0,,,62,49,10
39386007006,3,S̒,gg,0,,,26,21,4
39386007007,3,S̒,gR,0,,,56,41,1
393860080,2,S̒,c,0,,,72,64,7
393860090,2,S̒,,0,,,189,171,6
39386009001,3,S̒,c,0,,,17,16,1
39386009002,3,S̒,唪\,0,,,28,22,-
39386009003,3,S̒,mJE샖J,0,,,67,62,1
39386009004,3,S̒,\,0,,,26,23,1
39386009005,3,S̒,mJ,0,,,51,48,3
393860100,2,S̒,r̓,0,,,140,140,-
39386010001,3,S̒,r̓R,0,,,32,32,-
39386010002,3,S̒,r̓`J,0,,,23,23,-
39386010003,3,S̒,r̓,0,,,34,34,-
39386010004,3,S̒,r̓,0,,,51,51,-
393860110,2,S̒,c,0,,,254,245,4
39386011001,3,S̒,ccP,0,,,66,62,1
39386011002,3,S̒,ccT,0,,,27,26,1
39386011003,3,S̒,ccS,0,,,73,72,1
39386011004,3,S̒,ccQ,0,,,54,52,1
39386011005,3,S̒,ccR,0,,,34,33,-
393860120,2,S̒,㕪,0,,,36,35,1
39386012001,3,S̒,㕪on,0,,,13,13,-
39386012002,3,S̒,㕪Ό,0,,,11,11,-
39386012003,3,S̒,㕪,0,,,12,11,1
39386012004,3,S̒,㕪l,0,,,-,-,-
393860130,2,S̒,,0,,,42,42,-
393860140,2,S̒,ꐣ,0,,,104,103,-
39386014001,3,S̒,ꐣ,0,,,16,16,-
39386014002,3,S̒,ꐣO,0,,,34,34,-
39386014003,3,S̒,ꐣkJ,1,,014004,28,27,-
39386014004,3,S̒,ꐣJ,2,014003,,X,X,X
39386014005,3,S̒,ꐣ̒J,0,,,26,26,-
39386014006,3,S̒,ꐣl,0,,,-,-,-
393860150,2,S̒,~,0,,,114,112,1
393860160,2,S̒,,0,,,34,34,-
393860170,2,S̒,퐣,0,,,24,16,1
393860180,2,S̒,{,0,,,31,27,2
393860190,2,S̒,Vk,0,,,363,349,8
39386019001,3,S̒,VkP,0,,,68,65,2
39386019002,3,S̒,VkQ,0,,,54,53,-
39386019003,3,S̒,VkR,0,,,102,97,4
39386019004,3,S̒,VkS,0,,,139,134,2
393860200,2,S̒,V,0,,,1030,1015,7
39386020001,3,S̒,VP,0,,,37,36,1
39386020002,3,S̒,VQ,0,,,151,150,1
39386020003,3,S̒,VR,0,,,107,106,-
39386020004,3,S̒,VS,0,,,130,125,4
39386020005,3,S̒,VT,0,,,132,130,-
39386020006,3,S̒,VU,0,,,101,101,-
39386020007,3,S̒,VV,0,,,88,88,-
39386020008,3,S̒,VW,0,,,141,138,1
39386020009,3,S̒,VX,0,,,143,141,-
393860210,2,S̒,,0,,,182,170,5
393860220,2,S̒,㔪,0,,,297,274,8
393860230,2,S̒,,0,,,360,320,10
393860240,2,S̒,,0,,,194,175,3
393860250,2,S̒,M,0,,,23,18,1
393860260,2,S̒,emR,0,,,56,29,1
393860270,2,S̒,J,2,0280,,X,X,X
393860280,2,S̒,,1,,0270,9,9,-
393860290,2,S̒,K,0,,,12,8,-
393860300,2,S̒,m,0,,,10,10,-
393860310,2,S̒,˒,0,,,12,5,-
393860320,2,S̒,,0,,,66,40,2
393860330,2,S̒,X,0,,,26,26,-
393860340,2,S̒,z,0,,,26,23,-
393860350,2,S̒,,0,,,10,10,-
393860360,2,S̒,卑,0,,,25,21,4
393860370,2,S̒,,0,,,83,40,26
393860380,2,S̒,Β,0,,,30,21,9
393860390,2,S̒,k,0,,,42,34,7
393860400,2,S̒,쓌,0,,,22,15,5
393860410,2,S̒,쒬,0,,,33,25,7
393860420,2,S̒,,0,,,50,48,2
393860430,2,S̒,,0,,,48,38,7
393860440,2,S̒,,0,,,12,11,-
393860450,2,S̒,H,0,,,21,15,6
39387,1,Sm쒬,,0,,,2724,2340,87
393870010,2,Sm쒬,,0,,,24,24,-
393870020,2,Sm쒬,,0,,,9,9,-
393870030,2,Sm쒬,,0,,,16,16,-
393870040,2,Sm쒬,,0,,,117,114,-
393870050,2,Sm쒬,nJ,0,,,10,10,-
393870060,2,Sm쒬,,0,,,14,14,-
393870070,2,Sm쒬,,0,,,14,13,1
393870080,2,Sm쒬,,0,,,133,94,9
393870090,2,Sm쒬,m,0,,,13,13,-
393870100,2,Sm쒬,,0,,,12,12,-
393870110,2,Sm쒬,X,0,,,9,8,-
393870120,2,Sm쒬,,0,,,9,7,2
393870130,2,Sm쒬,c,0,,,67,62,-
393870140,2,Sm쒬,@,0,,,32,32,-
393870150,2,Sm쒬,{,0,,,8,8,-
393870160,2,Sm쒬,,0,,,61,22,2
393870170,2,Sm쒬,\,1,,0180,15,13,-
393870180,2,Sm쒬,kJ,2,0170,,X,X,X
393870190,2,Sm쒬,n,0,,,11,11,-
393870200,2,Sm쒬,xz,0,,,9,9,-
393870210,2,Sm쒬,q,0,,,10,9,1
393870220,2,Sm쒬,},0,,,43,43,-
39387022001,3,Sm쒬,},0,,,34,34,-
39387022002,3,Sm쒬,},0,,,9,9,-
393870240,2,Sm쒬,v,0,,,32,32,-
39387024001,3,Sm쒬,v,0,,,23,23,-
39387024002,3,Sm쒬,vv,1,,024003,9,9,-
39387024003,3,Sm쒬,vPJ,2,024002,,X,X,X
393870270,2,Sm쒬,k,0,,,17,16,1
39387027001,3,Sm쒬,k,1,,027002;027003;0300,17,16,1
39387027002,3,Sm쒬,kʎ},2,027001,,X,X,X
39387027003,3,Sm쒬,kHt,2,027001,,X,X,X
393870300,2,Sm쒬,hm,2,027001,,X,X,X
393870310,2,Sm쒬,,0,,,6,6,-
393870320,2,Sm쒬,XR,0,,,41,41,-
393870330,2,Sm쒬,ח,0,,,12,12,-
393870340,2,Sm쒬,mz,2,0350,,X,X,X
393870350,2,Sm쒬,n,1,,0340;0360,16,14,1
393870360,2,Sm쒬,|~,2,0350,,X,X,X
393870370,2,Sm쒬,,0,,,68,63,1
393870380,2,Sm쒬,mR,1,,0480,18,10,-
393870390,2,Sm쒬,啽,0,,,9,9,-
393870400,2,Sm쒬,k,0,,,18,18,-
393870410,2,Sm쒬,k,0,,,18,18,-
393870420,2,Sm쒬,m,0,,,13,13,-
393870430,2,Sm쒬,,0,,,59,54,2
393870440,2,Sm쒬,,0,,,6,6,-
393870450,2,Sm쒬,Í],0,,,10,10,-
393870460,2,Sm쒬,,0,,,10,10,-
393870470,2,Sm쒬,㖼,0,,,47,39,4
393870480,2,Sm쒬,n,2,0380,,X,X,X
393870490,2,Sm쒬,X,0,,,285,230,13
393870500,2,Sm쒬,n,0,,,118,106,1
393870510,2,Sm쒬,,0,,,29,29,-
393870520,2,Sm쒬,ʎ},0,,,73,70,3
393870530,2,Sm쒬,,0,,,283,231,10
39387053001,3,Sm쒬,҉,0,,,131,122,2
39387053002,3,Sm쒬,ҕ,0,,,101,59,8
39387053003,3,Sm쒬,Ғ,0,,,51,50,-
393870540,2,Sm쒬,,0,,,17,16,-
393870550,2,Sm쒬,A,0,,,43,43,-
393870560,2,Sm쒬,yb,0,,,151,137,7
393870570,2,Sm쒬,kY,0,,,29,10,1
393870580,2,Sm쒬,y,0,,,140,79,4
393870590,2,Sm쒬,|mJ,0,,,72,70,-
393870600,2,Sm쒬,,0,,,80,58,12
393870610,2,Sm쒬,J,0,,,16,15,-
393870620,2,Sm쒬,{,0,,,61,54,6
393870630,2,Sm쒬,,0,,,56,53,1
393870640,2,Sm쒬,p,0,,,72,72,-
393870650,2,Sm쒬,R,0,,,81,74,3
393870660,2,Sm쒬,,0,,,82,79,2
39401,1,Sy,,0,,,2886,2572,154
394010010,2,Sy,v,0,,,1685,1509,113
394010020,2,Sy,m],0,,,565,520,26
394010030,2,Sy,,0,,,26,25,1
394010040,2,Sy,,0,,,101,92,8
394010050,2,Sy,V,0,,,12,12,-
394010060,2,Sy,|,1,,0210,38,29,1
394010070,2,Sy,,1,,0080,12,12,-
394010080,2,Sy,Oc,2,0070,,X,X,X
394010090,2,Sy,ꠖX,0,,,19,19,-
394010100,2,Sy,ޘH,0,,,113,75,3
394010110,2,Sy,g,0,,,104,90,-
394010120,2,Sy,vH,1,,0130,23,23,-
394010130,2,Sy,J,2,0120,,X,X,X
394010140,2,Sy,r,0,,,10,10,-
394010150,2,Sy,_,0,,,25,25,-
394010160,2,Sy,,0,,,16,16,-
394010170,2,Sy,,0,,,28,28,-
394010180,2,Sy,,0,,,67,45,2
394010190,2,Sy,,0,,,23,23,-
394010200,2,Sy,,0,,,-,-,-
394010210,2,Sy,쉜,2,0060,,X,X,X
394010220,2,Sy,̃m,0,,,6,6,-
394010230,2,Sy,m,0,,,-,-,-
394010240,2,Sy,ɐ,0,,,13,13,-
39402,1,S쒬,,0,,,5171,4292,444
394020010,2,S쒬,b,0,,,1087,712,249
39402001001,3,S쒬,b㋽,0,,,399,267,92
39402001002,3,S쒬,b㋽cZ,0,,,52,-,-
39402001003,3,S쒬,b,0,,,135,87,30
39402001004,3,S쒬,b牀,0,,,-,-,-
39402001005,3,S쒬,b~,0,,,35,29,6
39402001006,3,S쒬,bR,0,,,20,18,2
39402001007,3,S쒬,bS,0,,,7,7,-
39402001008,3,S쒬,bS扺,0,,,20,19,1
39402001009,3,S쒬,bT,0,,,14,6,8
39402001010,3,S쒬,bU,0,,,40,29,8
39402001011,3,S쒬,bt,0,,,60,43,16
39402001012,3,S쒬,b㒬V,0,,,9,8,1
39402001013,3,S쒬,bW,0,,,45,33,11
39402001014,3,S쒬,bX,0,,,23,21,2
39402001015,3,S쒬,bX扺,0,,,18,16,2
39402001016,3,S쒬,b,0,,,99,58,39
39402001017,3,S쒬,bka@,0,,,-,-,-
39402001018,3,S쒬,b{,0,,,104,69,26
39402001019,3,S쒬,bO,0,,,7,2,5
394020020,2,S쒬,,0,,,1250,1039,61
39402002001,3,S쒬,,2,002002,,X,X,X
39402002002,3,S쒬,t,1,,002001,6,6,-
39402002003,3,S쒬,{,0,,,34,27,6
39402002004,3,S쒬,̑,0,,,90,88,1
39402002005,3,S쒬,,0,,,28,27,1
39402002006,3,S쒬,,0,,,17,17,-
39402002007,3,S쒬,Տ,0,,,36,33,2
39402002008,3,S쒬,g,0,,,63,53,5
39402002009,3,S쒬,̓y,0,,,34,33,1
39402002010,3,S쒬,aa@,0,,,-,-,-
39402002011,3,S쒬,xm,1,,002018,188,159,25
39402002012,3,S쒬,xmcZ,0,,,73,-,-
39402002013,3,S쒬,O,0,,,331,286,5
39402002014,3,S쒬,,0,,,106,105,-
39402002015,3,S쒬,׈,0,,,179,143,13
39402002016,3,S쒬,R,0,,,41,38,2
39402002017,3,S쒬,nm,0,,,24,24,-
39402002018,3,S쒬,,2,002011,,X,X,X
394020030,2,S쒬,,0,,,482,382,71
39402003001,3,S쒬,,0,,,20,20,-
39402003002,3,S쒬,j,0,,,34,31,2
39402003003,3,S쒬,Տ,0,,,9,9,-
39402003004,3,S쒬,s̐,0,,,37,37,-
39402003005,3,S쒬,,0,,,16,16,-
39402003006,3,S쒬,,0,,,117,88,27
39402003007,3,S쒬,㔽c,0,,,113,57,37
39402003008,3,S쒬,PJ,0,,,81,78,3
39402003009,3,S쒬,d͏,0,,,15,6,2
39402003010,3,S쒬,PJ,1,,003011,40,40,-
39402003011,3,S쒬,R,2,003010,,X,X,X
394020040,2,S쒬,,0,,,21,20,1
394020050,2,S쒬,mg,0,,,9,7,2
39402005001,3,S쒬,mgM,0,,,4,3,1
39402005002,3,S쒬,mgm,0,,,5,4,1
394020060,2,S쒬,Rg,0,,,21,21,-
394020070,2,S쒬,g,0,,,224,202,9
39402007001,3,S쒬,gR,0,,,38,36,-
39402007002,3,S쒬,g,0,,,27,27,-
39402007003,3,S쒬,g˒J,0,,,24,24,-
39402007004,3,S쒬,g,0,,,51,45,5
39402007005,3,S쒬,g㕚,0,,,20,19,1
39402007006,3,S쒬,g̕,0,,,37,36,1
39402007007,3,S쒬,gwO,0,,,8,4,2
39402007008,3,S쒬,gł̖V,0,,,11,11,-
39402007009,3,S쒬,g{Y,0,,,8,-,-
394020080,2,S쒬,g,0,,,256,240,8
39402008001,3,S쒬,gwO,0,,,39,28,4
39402008002,3,S쒬,gł̖V,0,,,79,77,2
39402008003,3,S쒬,gp,0,,,24,23,-
39402008004,3,S쒬,g,0,,,37,36,1
39402008005,3,S쒬,gY,0,,,46,45,1
39402008006,3,S쒬,g,0,,,24,24,-
39402008007,3,S쒬,gR,0,,,-,-,-
39402008008,3,S쒬,g啽,0,,,7,7,-
394020090,2,S쒬,g,0,,,243,239,4
39402009001,3,S쒬,g̕,0,,,36,36,-
39402009002,3,S쒬,gwO,0,,,14,14,-
39402009003,3,S쒬,gR,0,,,46,46,-
39402009004,3,S쒬,g啽,0,,,34,32,2
39402009005,3,S쒬,gs,0,,,44,44,-
39402009006,3,S쒬,gs,0,,,25,24,1
39402009007,3,S쒬,gs,0,,,44,43,1
394020100,2,S쒬,i,0,,,380,288,10
39402010001,3,S쒬,i啽,2,010006,,X,X,X
39402010002,3,S쒬,i쓌s,2,010003,,X,X,X
39402010003,3,S쒬,iݖX,1,,010002,25,25,-
39402010004,3,S쒬,i쌴c,0,,,30,28,1
39402010005,3,S쒬,iec,0,,,19,18,1
39402010006,3,S쒬,i썻~,1,,010001,34,33,-
39402010007,3,S쒬,im,0,,,41,41,-
39402010008,3,S쒬,iJ,0,,,16,13,-
39402010009,3,S쒬,i쒆J,0,,,25,19,-
39402010010,3,S쒬,iJ,0,,,25,17,1
39402010011,3,S쒬,i씫PX,0,,,94,58,4
39402010012,3,S쒬,i욒c,0,,,33,16,3
39402010013,3,S쒬,i×pn,0,,,19,17,-
39402010014,3,S쒬,iԃm,0,,,19,3,-
394020110,2,S쒬,{k,0,,,267,256,4
39402011001,3,S쒬,{k,0,,,14,14,-
39402011002,3,S쒬,{k,0,,,37,35,2
39402011003,3,S쒬,{k,0,,,62,54,2
39402011004,3,S쒬,{kRc,0,,,51,51,-
39402011005,3,S쒬,{kX,0,,,56,56,-
39402011006,3,S쒬,{km,0,,,47,46,-
394020120,2,S쒬,Rk,0,,,40,39,1
39402012001,3,S쒬,Rk,2,012002,,X,X,X
39402012002,3,S쒬,RkR,1,,012001,36,35,1
39402012003,3,S쒬,Rk,0,,,4,4,-
394020130,2,S쒬,Ôk,0,,,32,32,-
394020140,2,S쒬,k,0,,,9,9,-
394020150,2,S쒬,{R,0,,,-,-,-
394020160,2,S쒬,lc,0,,,40,40,-
394020170,2,S쒬,c,0,,,28,26,-
394020180,2,S쒬,,0,,,36,36,-
394020190,2,S쒬,,0,,,31,31,-
394020200,2,S쒬,c,0,,,97,88,8
394020210,2,S쒬,,0,,,171,159,3
39402021001,3,S쒬,R{,0,,,41,40,-
39402021002,3,S쒬,ZCt,0,,,9,9,-
39402021003,3,S쒬,,0,,,31,29,1
39402021004,3,S쒬,,0,,,27,20,-
39402021005,3,S쒬,,0,,,36,34,2
39402021006,3,S쒬,ꏊP,0,,,12,12,-
39402021007,3,S쒬,Z,0,,,15,15,-
394020220,2,S쒬,,0,,,50,50,-
394020230,2,S쒬,c,0,,,11,11,-
394020240,2,S쒬,,0,,,386,365,13
39402024001,3,S쒬,Β|,0,,,49,48,1
39402024002,3,S쒬,Β|̑q,0,,,53,49,1
39402024003,3,S쒬,ΉR,0,,,18,15,2
39402024004,3,S쒬,Ζ{,0,,,88,82,4
39402024005,3,S쒬,Ζ{,0,,,96,95,1
39402024006,3,S쒬,΍O,1,,0250,82,76,4
394020250,2,S쒬,ڒn,2,024006,,X,X,X
39403,1,Szm,,0,,,2489,1992,255
394030010,2,Szm,zm,0,,,1736,1254,244
39403001001,3,Szm,zmb,0,,,1562,1086,240
39403001002,3,Szm,zm,0,,,174,168,4
394030020,2,Szm,VR,0,,,79,79,-
394030030,2,Szm,R,0,,,10,10,-
394030040,2,Szm,ܖ,0,,,23,21,-
394030050,2,Szm,啽,0,,,22,22,-
394030060,2,Szm,啽,0,,,14,14,-
394030070,2,Szm,ˌ,1,,0090,49,48,1
394030080,2,Szm,,0,,,-,-,-
394030090,2,Szm,m,2,0070,,X,X,X
394030100,2,Szm,m,0,,,8,8,-
394030110,2,Szm,,0,,,10,10,-
394030120,2,Szm,,0,,,203,198,4
394030130,2,Szm,,0,,,40,40,-
394030140,2,Szm,c,0,,,111,110,1
394030150,2,Szm,Љ,0,,,65,64,1
394030160,2,Szm,,0,,,26,26,-
394030170,2,Szm,Љ,0,,,8,7,1
394030180,2,Szm,,0,,,8,8,-
394030190,2,Szm,{n,0,,,20,20,-
394030200,2,Szm,Ĕ,0,,,57,53,3
39405,1,S,,0,,,1541,1269,59
394050010,2,S,L,0,,,16,15,1
394050020,2,S,c,0,,,29,28,1
394050030,2,S,{,0,,,31,29,2
394050040,2,S,{,0,,,39,38,1
394050050,2,S,̒J,0,,,18,18,-
394050060,2,S,i,0,,,27,27,-
394050070,2,S,cX,0,,,87,66,2
394050080,2,S,,0,,,8,8,-
394050090,2,S,xi,0,,,16,12,-
394050100,2,S,g,0,,,13,9,-
394050110,2,S,,1,,0120,25,25,-
394050120,2,S,g,2,0110,,X,X,X
394050130,2,S,̐,0,,,13,11,2
394050140,2,S,{J,0,,,21,21,-
394050150,2,S,J,0,,,27,24,3
394050160,2,S,䍂,0,,,18,18,-
394050170,2,S,ؖc,0,,,9,9,-
394050180,2,S,,1,,0190,22,21,-
394050190,2,S,_̎R,2,0180,,X,X,X
394050200,2,S,{,0,,,13,13,-
394050210,2,S,Z,0,,,58,47,1
394050220,2,S,ʓ,0,,,19,19,-
394050230,2,S,呠J,0,,,76,36,4
394050240,2,S,,0,,,177,129,20
39405024001,3,S,,0,,,51,35,15
39405024002,3,S,,0,,,31,23,-
39405024003,3,S,k,0,,,28,27,1
39405024004,3,S,쒬,0,,,39,23,2
39405024005,3,S,,0,,,28,21,2
394050290,2,S,쐼H,0,,,138,99,5
394050300,2,S,ѕ,0,,,93,44,4
394050310,2,S,Y,0,,,24,23,-
394050320,2,S,_݋,0,,,13,12,-
394050330,2,S,,0,,,29,29,-
394050340,2,S,L,0,,,8,6,2
394050350,2,S,,0,,,19,19,-
394050360,2,S,,0,,,27,25,2
394050370,2,S,,0,,,10,10,-
394050380,2,S,㐼̐,0,,,14,14,-
394050390,2,S,̐,0,,,45,35,2
394050400,2,S,|M,0,,,23,21,1
394050410,2,S,L,0,,,38,34,1
394050420,2,S,{X,0,,,28,27,1
394050430,2,S,㐬,0,,,51,47,-
394050440,2,S,J,0,,,19,18,1
394050450,2,S,ܓn,0,,,8,7,1
394050460,2,S,ܓn,0,,,4,4,-
394050470,2,S,en,0,,,9,9,-
394050480,2,S,n,0,,,7,6,-
394050490,2,S,n,0,,,8,6,-
394050500,2,S,{,0,,,13,11,-
394050510,2,S,v,0,,,11,11,-
394050520,2,S,,0,,,17,17,-
394050530,2,S,,0,,,27,27,-
394050540,2,S,vےJ,0,,,7,7,-
394050550,2,S,vےJ,0,,,15,15,-
394050560,2,S,,0,,,52,41,2
394050570,2,S,,0,,,22,22,-
39410,1,S,,0,,,1949,1684,81
394100010,2,S,n,0,,,22,20,1
394100020,2,S,,0,,,31,30,1
394100030,2,S,{mJ,0,,,25,24,1
394100040,2,S,,0,,,11,11,-
394100050,2,S,{,0,,,24,14,3
394100060,2,S,z,0,,,29,28,1
394100070,2,S,J,0,,,13,12,1
394100080,2,S,,0,,,609,442,20
394100090,2,S,{,0,,,453,402,32
394100100,2,S,ڒn,0,,,328,310,15
394100110,2,S,㓪,0,,,57,55,2
394100120,2,S,,0,,,347,336,4
39411,1,SÖ쒬,,0,,,2271,2025,90
394110010,2,SÖ쒬,Vy,0,,,120,118,2
394110020,2,SÖ쒬,OԐ,0,,,44,44,-
394110030,2,SÖ쒬,m,0,,,29,29,-
394110040,2,SÖ쒬,J,0,,,44,43,1
394110050,2,SÖ쒬,PX,0,,,268,202,31
394110060,2,SÖ쒬,vې,0,,,78,72,5
394110070,2,SÖ쒬,i,1,,0090,133,119,8
394110080,2,SÖ쒬,Lm,0,,,31,29,-
394110090,2,SÖ쒬,J,2,0070,,X,X,X
394110100,2,SÖ쒬,Lm쏰,0,,,40,40,-
394110110,2,SÖ쒬,Ԗ,0,,,125,112,3
394110120,2,SÖ쒬,,0,,,35,34,1
394110130,2,SÖ쒬,,0,,,79,78,-
394110150,2,SÖ쒬,mb,0,,,94,89,2
394110160,2,SÖ쒬,m쉳,0,,,56,55,1
394110170,2,SÖ쒬,m앸,0,,,57,53,4
394110180,2,SÖ쒬,΍b,1,,0190,130,118,6
394110190,2,SÖ쒬,Ή,2,0180,,X,X,X
394110200,2,SÖ쒬,Ε,0,,,21,21,-
394110210,2,SÖ쒬,k,0,,,268,246,10
394110220,2,SÖ쒬,Fb,0,,,181,136,5
394110230,2,SÖ쒬,͐,0,,,72,56,1
394110240,2,SÖ쒬,Go,0,,,27,26,1
394110250,2,SÖ쒬,D,0,,,152,120,8
394110260,2,SÖ쒬,KPs,0,,,40,40,-
394110270,2,SÖ쒬,F쉳,0,,,82,82,-
394110280,2,SÖ쒬,F앸,0,,,65,63,1
39412,1,Sl\,,0,,,7340,5942,678
394120010,2,Sl\,Îs,0,,,161,58,77
394120020,2,Sl\,,0,,,59,44,7
394120030,2,Sl\,΋,0,,,189,106,75
394120040,2,Sl\,{,0,,,88,75,9
394120050,2,Sl\,VJ,0,,,62,45,16
394120060,2,Sl\,Օ,0,,,143,100,40
394120070,2,Sl\,kՕ,0,,,301,198,56
394120080,2,Sl\,R,0,,,149,68,45
394120090,2,Sl\,u,0,,,230,160,43
394120100,2,Sl\,_m,0,,,58,44,13
394120110,2,Sl\,,0,,,28,27,1
394120120,2,Sl\,,0,,,39,39,-
394120130,2,Sl\,,0,,,28,25,3
394120140,2,Sl\,,0,,,47,46,-
394120150,2,Sl\,m,0,,,30,30,-
394120160,2,Sl\,,0,,,316,196,35
394120170,2,Sl\,t,0,,,154,103,39
394120180,2,Sl\,ޘH,0,,,26,26,-
394120190,2,Sl\,,0,,,28,20,8
394120200,2,Sl\,X,0,,,6,6,-
394120210,2,Sl\,p,0,,,107,103,4
394120220,2,Sl\,p,0,,,43,42,1
394120230,2,Sl\,{,0,,,68,67,-
394120240,2,Sl\,do,0,,,28,25,2
394120250,2,Sl\,,0,,,55,54,1
394120260,2,Sl\,_m,0,,,88,78,8
394120270,2,Sl\,_m,0,,,40,35,3
394120280,2,Sl\,_m,0,,,6,4,1
394120290,2,Sl\,w,0,,,38,37,1
394120300,2,Sl\,,0,,,33,32,-
394120310,2,Sl\,,0,,,65,59,1
394120320,2,Sl\,Vm,0,,,20,20,-
394120330,2,Sl\,H,0,,,51,49,2
394120340,2,Sl\,n,0,,,39,38,1
394120350,2,Sl\,ƒn,0,,,42,38,4
394120360,2,Sl\,,0,,,19,18,-
394120370,2,Sl\,܍,0,,,5,4,1
394120380,2,Sl\,E쒆Ð,0,,,36,33,1
394120390,2,Sl\,n,0,,,16,13,3
394120400,2,Sl\,H,0,,,15,15,-
394120410,2,Sl\,lU,0,,,40,38,2
394120420,2,Sl\,km,0,,,26,24,1
394120430,2,Sl\,s,0,,,32,30,-
394120440,2,Sl\,ĉ,0,,,77,76,-
394120450,2,Sl\,쉮,0,,,29,28,1
394120460,2,Sl\,,0,,,212,184,9
394120470,2,Sl\,m,0,,,24,24,-
394120480,2,Sl\,,0,,,24,24,-
394120490,2,Sl\,,0,,,5,5,-
394120500,2,Sl\,,0,,,53,51,-
394120510,2,Sl\,e,0,,,74,66,6
394120520,2,Sl\,n,0,,,21,20,1
394120530,2,Sl\,m,0,,,37,35,2
394120540,2,Sl\,n,0,,,45,32,2
394120550,2,Sl\,֍{,0,,,43,41,1
394120560,2,Sl\,Zn,0,,,43,40,3
394120570,2,Sl\,mc,0,,,189,155,17
394120580,2,Sl\,,1,,0590,20,20,-
394120590,2,Sl\,mz,2,0580,,X,X,X
394120600,2,Sl\,x,0,,,13,11,1
394120610,2,Sl\,,0,,,77,57,11
394120620,2,Sl\,,0,,,96,85,4
394120630,2,Sl\,{,0,,,53,43,10
394120640,2,Sl\,^Òn,0,,,50,50,-
394120650,2,Sl\,eP,0,,,15,15,-
394120660,2,Sl\,琔,0,,,15,13,1
394120680,2,Sl\,m,0,,,57,55,2
394120690,2,Sl\,,0,,,15,15,-
394120700,2,Sl\,_,0,,,56,53,2
394120710,2,Sl\,ޘH,0,,,43,41,1
394120720,2,Sl\,,0,,,19,15,1
394120730,2,Sl\,,0,,,45,38,1
394120740,2,Sl\,y,0,,,38,34,-
394120750,2,Sl\,O,0,,,40,39,1
394120760,2,Sl\,уm,0,,,24,24,-
394120770,2,Sl\,ua,0,,,20,20,-
394120780,2,Sl\,ua,0,,,119,113,6
394120790,2,Sl\,ߒ,0,,,-,-,-
394120800,2,Sl\,ߒ,0,,,-,-,-
394120810,2,Sl\,,0,,,421,358,13
394120820,2,Sl\,吳,0,,,507,330,32
394120830,2,Sl\,È,0,,,33,32,1
394120840,2,Sl\,吳Ð,0,,,32,32,-
394120850,2,Sl\,ÖX,0,,,9,9,-
394120860,2,Sl\,,0,,,12,11,1
394120870,2,Sl\,؉P,0,,,27,26,-
394120880,2,Sl\,F,0,,,9,7,2
394120890,2,Sl\,吳ޘH,0,,,59,55,1
394120900,2,Sl\,m,0,,,27,23,1
394120910,2,Sl\,]t,0,,,58,48,-
394120920,2,Sl\,,0,,,13,12,-
394120930,2,Sl\,,0,,,19,17,2
394120940,2,Sl\,G,0,,,13,13,-
394120950,2,Sl\,sm,0,,,5,5,-
394120960,2,Sl\,㉪,0,,,20,19,1
394120970,2,Sl\,,0,,,9,8,1
394120980,2,Sl\,,0,,,10,10,-
394120990,2,Sl\,m,0,,,8,8,-
394121000,2,Sl\,吳km,0,,,62,36,4
394121010,2,Sl\,O,0,,,30,24,-
394121020,2,Sl\,{,0,,,37,37,-
394121030,2,Sl\,ň,0,,,58,57,1
394121040,2,Sl\,ng,0,,,52,50,1
394121050,2,Sl\,Ï,0,,,64,58,6
394121060,2,Sl\,ː,0,,,46,46,-
394121070,2,Sl\,\,0,,,150,130,6
394121080,2,Sl\,\a,0,,,74,57,2
394121090,2,Sl\,,0,,,51,50,-
394121100,2,Sl\,L,0,,,46,45,-
394121110,2,Sl\,哹,0,,,33,32,1
394121120,2,Sl\,哹,0,,,22,22,-
394121130,2,Sl\,a,0,,,186,139,6
394121140,2,Sl\,vې,0,,,54,48,2
394121150,2,Sl\,͓,0,,,30,30,-
394121160,2,Sl\,,0,,,72,65,-
394121170,2,Sl\,,0,,,150,115,4
394121180,2,Sl\,É,0,,,12,11,1
394121190,2,Sl\,,0,,,13,12,1
394121200,2,Sl\,Yz,0,,,22,21,1
394121210,2,Sl\,,0,,,21,21,-
394121220,2,Sl\,X,0,,,19,19,-
39424,1,S匎,,0,,,2345,2088,133
394240010,2,S匎,厚O,0,,,694,577,80
39424001001,3,S匎,厚OnH,0,,,17,17,-
39424001002,3,S匎,厚Oc,0,,,80,72,6
39424001003,3,S匎,厚O,0,,,82,74,7
39424001004,3,S匎,厚O,0,,,123,97,18
39424001005,3,S匎,厚O{c,0,,,38,37,-
39424001006,3,S匎,厚O,0,,,135,85,33
39424001007,3,S匎,厚OT,0,,,72,67,5
39424001008,3,S匎,厚O,0,,,33,33,-
39424001009,3,S匎,厚Ong,0,,,-,-,-
39424001010,3,S匎,厚O},0,,,76,61,7
39424001011,3,S匎,厚Oʏ,0,,,38,34,4
394240120,2,S匎,厚,0,,,57,56,1
394240130,2,S匎,厚gy,0,,,80,61,2
394240140,2,S匎,厚W,0,,,89,82,3
394240150,2,S匎,厚R,0,,,88,84,3
394240160,2,S匎,厚Ö,0,,,77,74,-
394240170,2,S匎,厚,0,,,178,161,7
394240180,2,S匎,厚,0,,,42,40,2
394240190,2,S匎,厚n,0,,,99,93,6
394240200,2,S匎,厚kY,0,,,82,78,1
394240210,2,S匎,厚Y,0,,,41,38,1
394240220,2,S匎,厚P,0,,,33,32,-
394240230,2,S匎,厚Fm,0,,,106,97,6
39424023001,3,S匎,厚Fm{,1,,023003,46,38,6
39424023002,3,S匎,厚Fm,0,,,60,59,-
39424023003,3,S匎,厚Fm򔒕l,2,023001,,X,X,X
394240260,2,S匎,厚Ym,0,,,17,17,-
394240270,2,S匎,厚ˊp,0,,,65,62,3
394240280,2,S匎,厚ˊp,0,,,45,45,-
394240290,2,S匎,厚Y,0,,,73,72,1
394240300,2,S匎,厚Pm,0,,,196,160,9
394240310,2,S匎,厚Ԕ,1,,0320,12,12,-
394240320,2,S匎,厚Pu,2,0310,,X,X,X
394240330,2,S匎,厚,0,,,67,64,1
394240340,2,S匎,厚~mY,0,,,75,73,-
394240350,2,S匎,厚h`,0,,,86,67,7
394240360,2,S匎,厚t,1,,0370,43,43,-
394240370,2,S匎,厚,2,0360,,X,X,X
394240380,2,S匎,hјp`,0,,,-,-,-
39427,1,SO,,0,,,693,618,34
394270010,2,SO,厚{m,0,,,161,144,7
394270020,2,SO,厚㒷J,0,,,44,42,2
394270030,2,SO,厚T,0,,,26,25,1
394270040,2,SO,厚R,0,,,15,14,1
394270050,2,SO,厚F,0,,,12,9,3
394270060,2,SO,厚J,0,,,87,83,3
394270070,2,SO,厚㉺J,0,,,39,39,-
394270080,2,SO,厚Mm,0,,,134,97,9
394270090,2,SO,厚,0,,,47,43,2
394270100,2,SO,厚F,0,,,52,49,3
394270110,2,SO,厚L,0,,,16,14,2
394270120,2,SO,厚Tm,0,,,35,35,-
394270130,2,SO,厚,0,,,25,24,1
39428,1,S,,0,,,4788,4054,265
394280010,2,S,,0,,,885,676,47
394280020,2,S,sX,0,,,47,33,2
394280030,2,S,m,0,,,8,8,-
394280040,2,S,FmY,0,,,20,20,-
394280050,2,S,F,0,,,27,24,1
394280060,2,S,sj,0,,,29,27,2
394280070,2,S,ɗ^,0,,,54,50,4
394280080,2,S,,0,,,31,30,-
394280090,2,S,l,0,,,32,31,-
394280100,2,S,s쐣,0,,,16,16,-
394280110,2,S,k,0,,,34,31,2
394280120,2,S,,0,,,45,44,-
394280130,2,S,m,0,,,17,17,-
394280140,2,S,׈,0,,,26,25,1
394280150,2,S,m,0,,,65,51,-
394280160,2,S,쉜,0,,,45,37,1
394280170,2,S,,0,,,21,19,1
394280180,2,S,ɓc,0,,,158,149,9
394280190,2,S,L,0,,,92,88,3
394280200,2,S,,0,,,276,246,16
394280210,2,S,吐,0,,,118,113,3
394280220,2,S,,0,,,368,302,24
394280230,2,S,,0,,,26,24,2
394280240,2,S,,0,,,47,44,-
394280250,2,S,,0,,,158,148,9
394280260,2,S,,0,,,27,26,1
394280270,2,S,,0,,,14,14,-
394280280,2,S,,0,,,1207,924,89
39428028001,3,S,쑁,0,,,257,215,37
39428028002,3,S,l̋{,0,,,113,101,8
39428028003,3,S,쒬,0,,,37,34,3
39428028004,3,S,얜s,0,,,261,108,2
39428028005,3,S,{,0,,,159,147,12
39428028006,3,S,і,0,,,263,207,23
39428028007,3,S,,0,,,117,112,4
394280290,2,S,n,0,,,85,84,-
394280300,2,S,k,0,,,9,9,-
394280310,2,S,V,0,,,41,39,1
394280320,2,S,cm,0,,,86,82,4
394280330,2,S,cm,0,,,259,235,22
394280340,2,S,cY,0,,,279,259,16
394280350,2,S,o,0,,,136,129,5
