KEY_CODE,HYOSYO,CITYNAME,NAME,HTKSYORI,HTKSAKI,GASSAN,T000852001,T000852002,T000852003
,,,,,,,ZɏZވʐ,,c؉
30201,1,a̎Rs,,0,,,150716,102205,36812
302010030,2,a̎Rs,Fܒ,0,,,44,16,19
302010050,2,a̎Rs,FM,0,,,18,14,4
302010080,2,a̎Rs,Éƍ쒚,0,,,217,66,40
302010090,2,a̎Rs,kV,0,,,90,39,50
30201009001,3,a̎Rs,kVP,0,,,55,22,32
30201009002,3,a̎Rs,kVQ,0,,,27,11,16
30201009003,3,a̎Rs,kVR,0,,,8,6,2
302010100,2,a̎Rs,kV^m,0,,,31,15,12
302010110,2,a̎Rs,kV,0,,,36,31,4
302010120,2,a̎Rs,kV,0,,,79,33,44
302010140,2,a̎Rs,kVm,0,,,44,44,-
302010150,2,a̎Rs,kVJ,0,,,54,36,16
302010160,2,a̎Rs,kV,0,,,30,26,4
302010180,2,a̎Rs,Bђ,0,,,126,64,54
30201018001,3,a̎Rs,BђP,0,,,39,14,19
30201018002,3,a̎Rs,BђQ,0,,,49,22,26
30201018003,3,a̎Rs,BђR,0,,,38,28,9
302010190,2,a̎Rs,kBђ,0,,,44,26,18
302010200,2,a̎Rs,ĉ,0,,,20,19,1
302010210,2,a̎Rs,G꒬,0,,,18,16,1
302010230,2,a̎Rs,Zg,0,,,12,12,-
302010240,2,a̎Rs,,0,,,19,14,5
302010250,2,a̎Rs,􉮒,0,,,74,63,11
302010260,2,a̎Rs,Ԓ,0,,,64,58,5
302010270,2,a̎Rs,Ԓ,0,,,48,19,24
30201027001,3,a̎Rs,ԒP,0,,,15,12,3
30201027002,3,a̎Rs,ԒQ,0,,,33,7,21
302010280,2,a̎Rs,mXm,0,,,6,6,-
302010300,2,a̎Rs,mXm,0,,,34,34,-
302010320,2,a̎Rs,U,0,,,21,15,6
302010350,2,a̎Rs,{,0,,,328,191,131
30201035001,3,a̎Rs,{P,0,,,4,4,-
30201035002,3,a̎Rs,{Q,0,,,7,5,1
30201035003,3,a̎Rs,{R,0,,,37,14,22
30201035004,3,a̎Rs,{S,0,,,45,24,20
30201035005,3,a̎Rs,{T,0,,,19,18,1
30201035006,3,a̎Rs,{U,0,,,15,15,-
30201035008,3,a̎Rs,{W,0,,,80,26,52
30201035009,3,a̎Rs,{X,0,,,121,85,35
302010360,2,a̎Rs,,0,,,56,46,6
30201036001,3,a̎Rs,P,2,036002,,X,X,X
30201036002,3,a̎Rs,Q,1,,036001,19,17,-
30201036003,3,a̎Rs,R,0,,,37,29,6
302010380,2,a̎Rs,m,0,,,35,15,20
302010390,2,a̎Rs,m,0,,,44,41,3
302010400,2,a̎Rs,km,0,,,55,29,26
302010470,2,a̎Rs,ZԒ,0,,,124,92,29
302010490,2,a̎Rs,Ԓ,0,,,90,10,15
302010500,2,a̎Rs,Ԓ,0,,,14,8,5
302010510,2,a̎Rs,\Ԓ,0,,,237,70,149
302010530,2,a̎Rs,\Ԓ,0,,,309,76,142
302010540,2,a̎Rs,\OԒ,0,,,30,13,14
302010560,2,a̎Rs,ؖ,0,,,24,8,16
302010570,2,a̎Rs,Oؖ,0,,,13,7,6
302010580,2,a̎Rs,lؖ,0,,,22,16,5
302010610,2,a̎Rs,΋,0,,,91,74,15
302010640,2,a̎Rs,b艮,0,,,16,16,-
302010650,2,a̎Rs,ƃm,0,,,25,23,2
302010660,2,a̎Rs,Bђ,0,,,110,81,27
30201066001,3,a̎Rs,BђP,0,,,14,14,-
30201066002,3,a̎Rs,BђQ,0,,,45,21,22
30201066003,3,a̎Rs,BђR,0,,,51,46,5
302010680,2,a̎Rs,O,0,,,84,69,11
302010690,2,a̎Rs,n,0,,,15,12,3
302010720,2,a̎Rs,mXm,0,,,10,10,-
302010730,2,a̎Rs,mXm,0,,,9,9,-
302010740,2,a̎Rs,mXm,0,,,28,11,17
302010790,2,a̎Rs,mX_,0,,,103,37,60
302010800,2,a̎Rs,mn,0,,,128,104,19
30201080001,3,a̎Rs,mnP,0,,,31,25,5
30201080002,3,a̎Rs,mnQ,0,,,23,13,6
30201080003,3,a̎Rs,mnR,0,,,24,21,3
30201080004,3,a̎Rs,mnS,0,,,50,45,5
302010810,2,a̎Rs,x͒,0,,,36,22,13
302010820,2,a̎Rs,O,0,,,45,21,21
302010830,2,a̎Rs,H,0,,,29,16,12
302010840,2,a̎Rs,H,0,,,17,6,10
302010870,2,a̎Rs,mX,0,,,56,32,20
302010880,2,a̎Rs,zo,0,,,140,101,34
30201088002,3,a̎Rs,zoQ,1,,088003,74,54,18
30201088003,3,a̎Rs,zoR,2,088002,,X,X,X
30201088004,3,a̎Rs,zoS,0,,,55,36,16
30201088006,3,a̎Rs,zoU,0,,,11,11,-
302010890,2,a̎Rs,zo,0,,,130,82,41
30201089001,3,a̎Rs,zoP,2,089003,,X,X,X
30201089003,3,a̎Rs,zoR,1,,089001,48,31,17
30201089004,3,a̎Rs,zoS,0,,,26,13,12
30201089005,3,a̎Rs,zoT,0,,,38,29,3
30201089006,3,a̎Rs,zoU,0,,,18,9,9
302010900,2,a̎Rs,,0,,,51,18,31
302010910,2,a̎Rs,,0,,,22,15,7
302010920,2,a̎Rs,,0,,,56,16,36
302010940,2,a̎Rs,m,0,,,32,16,14
302010960,2,a̎Rs,,0,,,-,-,-
302010980,2,a̎Rs,k,0,,,47,28,15
302010990,2,a̎Rs,J,0,,,31,18,13
302011010,2,a̎Rs,񍇒,0,,,46,27,15
302011020,2,a̎Rs,,0,,,19,19,-
302011040,2,a̎Rs,Ӓ,0,,,24,-,13
302011050,2,a̎Rs,R,0,,,25,13,12
302011070,2,a̎Rs,Љ,0,,,114,83,28
30201107001,3,a̎Rs,ЉP,0,,,51,42,8
30201107002,3,a̎Rs,ЉQ,0,,,63,41,20
302011080,2,a̎Rs,,0,,,181,95,80
302011090,2,a̎Rs,,0,,,50,34,16
30201109001,3,a̎Rs,P,0,,,12,12,-
30201109002,3,a̎Rs,Q,0,,,38,22,16
302011100,2,a̎Rs,Gꓹ,0,,,16,15,-
302011110,2,a̎Rs,׍H,0,,,23,23,-
302011120,2,a̎Rs,k׍H,0,,,32,27,4
302011130,2,a̎Rs,蒬,0,,,310,175,119
30201113001,3,a̎Rs,蒬P,0,,,49,39,10
30201113002,3,a̎Rs,蒬Q,0,,,69,58,10
30201113003,3,a̎Rs,蒬R,0,,,122,35,76
30201113004,3,a̎Rs,蒬S,0,,,70,43,23
302011140,2,a̎Rs,D꒬,0,,,26,18,7
302011150,2,a̎Rs,鏠,0,,,372,244,95
30201115001,3,a̎Rs,鏠P,0,,,49,36,13
30201115002,3,a̎Rs,鏠P,0,,,118,69,46
30201115003,3,a̎Rs,鏠R,0,,,33,30,2
30201115004,3,a̎Rs,鏠S,0,,,118,63,27
30201115005,3,a̎Rs,鏠T,0,,,30,28,1
30201115006,3,a̎Rs,鏠T,0,,,24,18,6
302011160,2,a̎Rs,J,0,,,155,110,38
302011170,2,a̎Rs,Lʒ,0,,,81,47,32
30201117001,3,a̎Rs,LʒP,0,,,55,32,22
30201117003,3,a̎Rs,LʒR,0,,,26,15,10
302011180,2,a̎Rs,Lm,0,,,276,108,137
302011190,2,a̎Rs,ٍV,0,,,113,40,68
302011210,2,a̎Rs,Oؒm,0,,,125,88,31
302011230,2,a̎Rs,Oؒxl,0,,,104,18,69
302011240,2,a̎Rs,Ќ,0,,,309,163,35
30201124001,3,a̎Rs,ЌP,0,,,67,34,29
30201124002,3,a̎Rs,ЌQ,0,,,242,129,6
302011260,2,a̎Rs,`,0,,,191,99,73
30201126001,3,a̎Rs,`P,0,,,88,17,55
30201126002,3,a̎Rs,`Q,0,,,30,23,7
30201126003,3,a̎Rs,`R,0,,,73,59,11
302011280,2,a̎Rs,R,0,,,44,43,-
302011310,2,a̎Rs,ԉ,0,,,57,52,4
302011330,2,a̎Rs,Lcm,0,,,37,36,1
302011350,2,a̎Rs,싍,0,,,33,33,-
302011360,2,a̎Rs,k,0,,,61,55,6
302011370,2,a̎Rs,쒬,0,,,30,14,16
302011380,2,a̎Rs,A,0,,,66,55,8
302011390,2,a̎Rs,㒬,0,,,64,48,14
302011410,2,a̎Rs,jŒ,0,,,122,81,38
302011420,2,a̎Rs,쒬,0,,,75,64,11
30201142001,3,a̎Rs,쒬P,0,,,28,24,4
30201142002,3,a̎Rs,쒬Q,0,,,18,18,-
30201142003,3,a̎Rs,쒬R,0,,,29,22,7
302011430,2,a̎Rs,풬,0,,,37,33,4
302011460,2,a̎Rs,͊ݒ,0,,,70,59,10
302011470,2,a̎Rs,vے,0,,,142,95,45
30201147001,3,a̎Rs,vےP,0,,,29,22,7
30201147002,3,a̎Rs,vےQ,0,,,28,27,1
30201147003,3,a̎Rs,vےR,0,,,40,24,15
30201147004,3,a̎Rs,vےS,0,,,45,22,22
302011480,2,a̎Rs,vEq咚,0,,,33,24,7
302011490,2,a̎Rs,l,0,,,20,19,-
302011510,2,a̎Rs,,0,,,27,9,15
302011520,2,a̎Rs,Gꉮ,0,,,98,74,22
302011550,2,a̎Rs,m㒚,0,,,74,-,-
302011560,2,a̎Rs,km㒚,0,,,70,60,8
302011570,2,a̎Rs,ޖؒ,0,,,30,21,5
302011580,2,a̎Rs,rܕq,0,,,64,52,10
302011590,2,a̎Rs,krܕq,0,,,30,23,6
302011600,2,a̎Rs,kcӒ,0,,,73,64,9
302011610,2,a̎Rs,cӒ,0,,,49,47,2
302011620,2,a̎Rs,kԒ,0,,,59,50,8
302011630,2,a̎Rs,,0,,,38,37,-
302011640,2,a̎Rs,y,0,,,64,37,25
302011650,2,a̎Rs,ky,0,,,79,74,3
302011660,2,a̎Rs,꒬,0,,,22,13,8
302011680,2,a̎Rs,,0,,,154,89,60
30201168001,3,a̎Rs,P,0,,,25,16,9
30201168002,3,a̎Rs,Q,0,,,34,25,9
30201168003,3,a̎Rs,R,0,,,8,6,2
30201168004,3,a̎Rs,S,0,,,36,10,23
30201168005,3,a̎Rs,T,0,,,29,21,7
30201168006,3,a̎Rs,U,0,,,22,11,10
302011690,2,a̎Rs,,0,,,68,57,11
30201169001,3,a̎Rs,P,0,,,30,27,3
30201169002,3,a̎Rs,Q,0,,,38,30,8
302011700,2,a̎Rs,L,0,,,35,25,10
302011720,2,a̎Rs,k,0,,,106,68,37
30201172001,3,a̎Rs,kP,0,,,25,20,5
30201172002,3,a̎Rs,kQ,0,,,25,18,7
30201172003,3,a̎Rs,kR,0,,,56,30,25
302011730,2,a̎Rs,,0,,,351,314,33
30201173001,3,a̎Rs,P,0,,,74,64,10
30201173002,3,a̎Rs,P,0,,,184,167,13
30201173003,3,a̎Rs,R,0,,,93,83,10
302011740,2,a̎Rs,ʒk,0,,,17,13,1
302011750,2,a̎Rs,ʒ,0,,,88,68,17
302011760,2,a̎Rs,{,0,,,44,38,5
30201176001,3,a̎Rs,{P,0,,,15,15,-
30201176003,3,a̎Rs,{R,0,,,29,23,5
302011780,2,a̎Rs,a,0,,,34,28,6
302011790,2,a̎Rs,m,0,,,23,9,13
302011810,2,a̎Rs,~@m,0,,,24,14,9
302011820,2,a̎Rs,~@m,0,,,52,13,39
302011830,2,a̎Rs,DH,0,,,21,13,8
302011840,2,a̎Rs,ܒ,0,,,9,9,-
302011860,2,a̎Rs,kmVn,0,,,4,4,-
302011870,2,a̎Rs,kmVnm,0,,,13,12,1
302011880,2,a̎Rs,kmVnZ,0,,,17,5,12
302011890,2,a̎Rs,kmVnZ,0,,,12,7,5
302011900,2,a̎Rs,kmVnZ,0,,,14,6,8
302011910,2,a̎Rs,kmVn|,0,,,15,11,4
302011930,2,a̎Rs,kmVnc,0,,,4,4,-
302011950,2,a̎Rs,x꒬,0,,,20,11,9
302011960,2,a̎Rs,kx꒬,0,,,23,22,1
302011970,2,a̎Rs,Eq召H,0,,,28,27,-
302011980,2,a̎Rs,H,0,,,8,7,1
302011990,2,a̎Rs,ъv,0,,,23,12,10
302012010,2,a̎Rs,G꒬,0,,,70,52,18
302012020,2,a̎Rs,VG꒬,0,,,17,10,6
302012030,2,a̎Rs,V,0,,,243,123,115
30201203001,3,a̎Rs,VʂP,0,,,69,15,52
30201203002,3,a̎Rs,VʂQ,0,,,13,13,-
30201203003,3,a̎Rs,VʂR,0,,,17,17,-
30201203004,3,a̎Rs,VʂS,0,,,42,37,5
30201203005,3,a̎Rs,VʂT,0,,,42,19,22
30201203006,3,a̎Rs,VʂU,0,,,46,11,33
30201203007,3,a̎Rs,VʂV,0,,,14,11,3
302012040,2,a̎Rs,V,0,,,242,134,101
30201204001,3,a̎Rs,VʂP,0,,,115,58,54
30201204003,3,a̎Rs,VʂR,0,,,73,51,18
30201204004,3,a̎Rs,VʂS,0,,,39,10,29
30201204006,3,a̎Rs,VʂU,0,,,15,15,-
302012050,2,a̎Rs,V䒚,0,,,11,10,-
302012060,2,a̎Rs,VH,0,,,36,30,6
302012080,2,a̎Rs,񉮒,0,,,12,12,-
302012090,2,a̎Rs,ے,0,,,33,17,15
302012100,2,a̎Rs,,0,,,23,22,-
302012110,2,a̎Rs,Fc,0,,,40,27,13
302012120,2,a̎Rs,,0,,,8,5,1
302012130,2,a̎Rs,~m,1,,2160,15,12,1
302012140,2,a̎Rs,~m,1,,2150,31,30,1
302012150,2,a̎Rs,~m,2,2140,,X,X,X
302012160,2,a̎Rs,~|,2,2130,,X,X,X
302012170,2,a̎Rs,~~@m,0,,,9,9,-
302012180,2,a̎Rs,~~@m,0,,,14,13,-
302012190,2,a̎Rs,~ؒ,0,,,15,9,6
302012200,2,a̎Rs,~,0,,,15,12,3
302012210,2,a̎Rs,~V,0,,,28,9,19
302012220,2,a̎Rs,~̕,0,,,9,5,4
302012230,2,a̎Rs,~[m,0,,,15,11,4
302012240,2,a̎Rs,~Ƀm,0,,,8,8,-
302012250,2,a̎Rs,~ܒ,0,,,8,8,-
302012260,2,a̎Rs,~},0,,,24,22,2
302012280,2,a̎Rs,,0,,,68,65,2
302012290,2,a̎Rs,ޖؒ,0,,,149,80,67
30201229001,3,a̎Rs,ޖؒP,0,,,35,24,10
30201229002,3,a̎Rs,ޖؒQ,0,,,86,42,43
30201229003,3,a̎Rs,ޖؒR,0,,,28,14,14
302012300,2,a̎Rs,,0,,,34,21,10
302012310,2,a̎Rs,ko,0,,,94,73,16
302012320,2,a̎Rs,؍L,0,,,234,140,75
30201232002,3,a̎Rs,؍LQ,0,,,60,50,9
30201232004,3,a̎Rs,؍LS,0,,,55,31,21
30201232005,3,a̎Rs,؍LT,0,,,119,59,45
302012330,2,a̎Rs,c,0,,,536,276,181
30201233002,3,a̎Rs,cQ,0,,,51,37,10
30201233003,3,a̎Rs,cR,0,,,222,119,88
30201233004,3,a̎Rs,cS,0,,,18,18,-
30201233005,3,a̎Rs,cT,0,,,245,102,83
302012340,2,a̎Rs,V,0,,,196,132,58
302012350,2,a̎Rs,V,0,,,103,57,41
302012360,2,a̎Rs,,0,,,502,298,159
30201236002,3,a̎Rs,Q,0,,,122,94,24
30201236003,3,a̎Rs,R,0,,,114,62,44
30201236004,3,a̎Rs,S,0,,,98,49,45
30201236005,3,a̎Rs,T,0,,,168,93,46
302012370,2,a̎Rs,,0,,,387,209,155
30201237002,3,a̎Rs,R,0,,,121,105,15
30201237003,3,a̎Rs,R,0,,,69,6,49
30201237004,3,a̎Rs,S,0,,,93,35,52
30201237005,3,a̎Rs,T,0,,,104,63,39
302012380,2,a̎Rs,R[h2380̌v,0,,,130,96,29
30201238001,3,a̎Rs,ʂP,0,,,71,66,4
30201238002,3,a̎Rs,ʂR,0,,,17,6,11
30201238003,3,a̎Rs,Q,0,,,30,13,14
30201238004,3,a̎Rs,ʂS,0,,,12,11,-
302012400,2,a̎Rs,,0,,,500,233,235
30201240005,3,a̎Rs,T,0,,,288,150,121
30201240006,3,a̎Rs,U,0,,,212,83,114
302012410,2,a̎Rs,Ńm,0,,,48,38,9
302012420,2,a̎Rs,蒬,0,,,31,25,6
302012430,2,a̎Rs,Vx,0,,,398,317,75
30201243001,3,a̎Rs,VxP,0,,,189,137,51
30201243002,3,a̎Rs,VxQ,0,,,209,180,24
302012440,2,a̎Rs,鏠,0,,,155,114,32
30201244005,3,a̎Rs,鏠T,0,,,55,51,-
30201244006,3,a̎Rs,鏠U,0,,,60,40,17
30201244007,3,a̎Rs,鏠U,0,,,40,23,15
302012450,2,a̎Rs,m,0,,,32,31,-
302012470,2,a̎Rs,R[h2470̌v,0,,,542,401,109
30201247001,3,a̎Rs,P,0,,,42,37,4
30201247002,3,a̎Rs,Q,0,,,114,75,26
30201247003,3,a̎Rs,R,0,,,162,110,45
30201247004,3,a̎Rs,S,0,,,83,61,19
30201247005,3,a̎Rs,鏠T,0,,,141,118,15
302012480,2,a̎Rs,R[h2480̌v,0,,,481,351,120
30201248001,3,a̎Rs,x~P,0,,,169,130,36
30201248002,3,a̎Rs,x~mQ,0,,,312,221,84
302012490,2,a̎Rs,x~,0,,,289,170,44
30201249001,3,a̎Rs,x~P,0,,,203,100,33
30201249002,3,a̎Rs,x~Q,0,,,86,70,11
302012500,2,a̎Rs,x~m,0,,,209,90,114
302012570,2,a̎Rs,,0,,,35,23,12
302012580,2,a̎Rs,쑊,0,,,36,22,14
302012590,2,a̎Rs,蒚,0,,,15,13,2
302012600,2,a̎Rs,,0,,,153,99,50
302012610,2,a̎Rs,,0,,,279,191,68
302012620,2,a̎Rs,쎖,0,,,44,30,10
302012630,2,a̎Rs,R,0,,,511,301,90
30201263001,3,a̎Rs,RP,0,,,150,117,28
30201263002,3,a̎Rs,RQ,0,,,131,82,49
30201263003,3,a̎Rs,RR,0,,,123,27,1
30201263004,3,a̎Rs,RS,0,,,107,75,12
302012640,2,a̎Rs,z`,0,,,553,402,90
30201264001,3,a̎Rs,z`P,0,,,66,43,22
30201264002,3,a̎Rs,z`Q,0,,,64,56,6
30201264003,3,a̎Rs,z`R,0,,,66,42,15
30201264004,3,a̎Rs,z`S,0,,,132,106,21
30201264005,3,a̎Rs,z`T,0,,,225,155,26
302012650,2,a̎Rs,om,0,,,61,39,21
302012660,2,a̎Rs,ob꒚,0,,,77,33,42
302012670,2,a̎Rs,oV[m,0,,,22,18,4
302012680,2,a̎Rs,o[m,0,,,81,62,17
302012690,2,a̎Rs,y,0,,,202,150,50
30201269002,3,a̎Rs,yQ,0,,,59,45,14
30201269003,3,a̎Rs,yR,0,,,143,105,36
302012700,2,a̎Rs,R[h2700̌v,0,,,200,140,25
30201270007,3,a̎Rs,W,0,,,17,17,-
30201270008,3,a̎Rs,V,0,,,54,26,7
30201270009,3,a̎Rs,蒚,0,,,105,76,15
30201270011,3,a̎Rs,PO,0,,,24,21,3
302012710,2,a̎Rs,MÒ,0,,,242,132,106
30201271001,3,a̎Rs,MÒP,0,,,50,9,41
30201271002,3,a̎Rs,MÒQ,0,,,158,90,64
30201271003,3,a̎Rs,MÒR,0,,,34,33,1
302012730,2,a̎Rs,a,0,,,656,410,191
30201273001,3,a̎Rs,aP,0,,,274,208,62
30201273002,3,a̎Rs,aQ,0,,,255,135,112
30201273003,3,a̎Rs,aR,0,,,127,67,17
302012750,2,a̎Rs,ʒk,0,,,20,19,-
302012770,2,a̎Rs,,0,,,74,45,28
302012780,2,a̎Rs,,0,,,1660,849,527
30201278001,3,a̎Rs,P,0,,,313,220,86
30201278002,3,a̎Rs,Q,0,,,346,195,86
30201278003,3,a̎Rs,R,0,,,258,65,17
30201278004,3,a̎Rs,S,0,,,356,178,150
30201278005,3,a̎Rs,T,0,,,387,191,188
302012920,2,a̎Rs,F{,0,,,732,543,173
30201292001,3,a̎Rs,F{P,0,,,85,64,21
30201292002,3,a̎Rs,F{Q,0,,,239,176,59
30201292003,3,a̎Rs,F{R,0,,,219,166,45
30201292004,3,a̎Rs,F{S,0,,,189,137,48
302012930,2,a̎Rs,ŉz,0,,,283,163,117
302012960,2,a̎Rs,,0,,,792,614,158
30201296001,3,a̎Rs,P,0,,,208,131,70
30201296002,3,a̎Rs,Q,0,,,157,130,26
30201296003,3,a̎Rs,R,0,,,250,210,37
30201296004,3,a̎Rs,S,0,,,177,143,25
302012970,2,a̎Rs,,0,,,999,748,191
30201297001,3,a̎Rs,P,0,,,676,519,112
30201297002,3,a̎Rs,Q,0,,,323,229,79
302012980,2,a̎Rs,Pu,0,,,566,388,138
30201298001,3,a̎Rs,PuP,0,,,309,216,65
30201298002,3,a̎Rs,PuQ,0,,,167,128,29
30201298003,3,a̎Rs,PuR,0,,,90,44,44
302013000,2,a̎Rs,H,0,,,1267,869,296
302013010,2,a̎Rs,L,0,,,1165,720,417
302013021,2,a̎Rs,c,0,,,801,292,456
30201302101,3,a̎Rs,cP,0,,,122,36,82
30201302102,3,a̎Rs,cQ,0,,,327,93,209
30201302103,3,a̎Rs,cR,0,,,154,110,41
30201302104,3,a̎Rs,cS,0,,,198,53,124
302013022,2,a̎Rs,c,0,,,1240,703,415
302013030,2,a̎Rs,ko,0,,,1365,831,497
302013040,2,a̎Rs,Ð`,0,,,1132,750,354
302013050,2,a̎Rs,o,0,,,1270,963,277
302013060,2,a̎Rs,_,0,,,1650,1089,390
302013070,2,a̎Rs,Ð`,0,,,53,11,41
302013081,2,a̎Rs,c,0,,,161,46,100
30201308101,3,a̎Rs,cP,0,,,41,29,8
30201308102,3,a̎Rs,cQ,0,,,120,17,92
302013082,2,a̎Rs,c,0,,,1791,959,715
302013090,2,a̎Rs,gc,0,,,440,313,107
30201309003,3,a̎Rs,gc,0,,,197,161,30
30201309004,3,a̎Rs,gc,0,,,188,137,49
30201309005,3,a̎Rs,gc,0,,,55,15,28
302013100,2,a̎Rs,[,0,,,409,269,130
302013110,2,a̎Rs,gc,0,,,433,306,106
302013120,2,a̎Rs,L{,0,,,1678,1123,541
302013130,2,a̎Rs,[,0,,,2728,1745,845
302013140,2,a̎Rs,V݉,0,,,521,414,98
302013150,2,a̎Rs,,0,,,1789,1182,570
302013160,2,a̎Rs,L{,0,,,708,498,198
302013170,2,a̎Rs,V,0,,,2403,1418,758
30201317000,3,a̎Rs,V,0,,,2335,1364,744
30201317001,3,a̎Rs,V,0,,,68,54,14
302013180,2,a̎Rs,V,0,,,-,-,-
302013190,2,a̎Rs,Y,0,,,320,72,50
30201319001,3,a̎Rs,YP,0,,,17,13,3
30201319002,3,a̎Rs,YQ,0,,,35,7,28
30201319003,3,a̎Rs,YR,0,,,22,15,7
30201319004,3,a̎Rs,YS,0,,,35,33,1
30201319005,3,a̎Rs,YT,0,,,141,2,11
30201319006,3,a̎Rs,YU,0,,,70,2,-
302013200,2,a̎Rs,,0,,,105,53,2
30201320001,3,a̎Rs,P,0,,,51,2,-
30201320002,3,a̎Rs,Q,0,,,28,27,1
30201320003,3,a̎Rs,R,0,,,26,24,1
302013210,2,a̎Rs,蒬,0,,,133,48,21
30201321005,3,a̎Rs,蒬T,0,,,80,20,7
30201321006,3,a̎Rs,蒬U,1,,321007,53,28,14
30201321007,3,a̎Rs,蒬U,2,321006,,X,X,X
302013230,2,a̎Rs,O,0,,,676,48,14
30201323001,3,a̎Rs,O򒬂P,0,,,122,24,14
30201323002,3,a̎Rs,O򒬂Q,0,,,93,5,-
30201323003,3,a̎Rs,O򒬂R,0,,,167,18,-
30201323004,3,a̎Rs,O򒬂S,0,,,294,1,-
302013240,2,a̎Rs,Ym,0,,,1667,1174,379
302013250,2,a̎Rs,G,0,,,747,414,311
302013260,2,a̎Rs,G,0,,,302,160,129
30201326001,3,a̎Rs,GP,0,,,-,-,-
30201326002,3,a̎Rs,GQ,0,,,137,75,59
30201326003,3,a̎Rs,GR,0,,,165,85,70
302013270,2,a̎Rs,cK,0,,,1595,1274,259
302013280,2,a̎Rs,cK,0,,,195,109,41
302013290,2,a̎Rs,蕽,0,,,1039,610,333
30201329001,3,a̎Rs,蕽P,0,,,108,86,22
30201329002,3,a̎Rs,蕽Q,0,,,83,54,25
30201329003,3,a̎Rs,蕽R,0,,,272,137,60
30201329004,3,a̎Rs,蕽S,0,,,280,193,77
30201329005,3,a̎Rs,蕽T,0,,,239,104,129
30201329006,3,a̎Rs,蕽U,0,,,57,36,20
302013300,2,a̎Rs,Ym,0,,,207,108,74
302013310,2,a̎Rs,O,0,,,26,11,15
302013320,2,a̎Rs,o,0,,,549,297,236
302013330,2,a̎Rs,,0,,,846,629,193
302013340,2,a̎Rs,k,0,,,325,127,143
302013350,2,a̎Rs,V,0,,,846,500,274
302013360,2,a̎Rs,,0,,,335,175,149
302013370,2,a̎Rs,,0,,,913,679,219
30201337001,3,a̎Rs,P,0,,,242,168,70
30201337002,3,a̎Rs,Q,0,,,129,89,39
30201337003,3,a̎Rs,R,0,,,155,98,54
30201337004,3,a̎Rs,S,0,,,174,135,34
30201337005,3,a̎Rs,T,0,,,213,189,22
302013380,2,a̎Rs,,0,,,787,562,207
302013390,2,a̎Rs,k,0,,,1326,728,493
302013400,2,a̎Rs,ϓ,0,,,2160,1416,707
302013410,2,a̎Rs,m,0,,,238,209,24
302013420,2,a̎Rs,m,0,,,136,127,7
302013430,2,a̎Rs,m,0,,,173,132,41
302013440,2,a̎Rs,km,0,,,208,186,21
302013450,2,a̎Rs,,0,,,162,120,38
302013460,2,a̎Rs,,0,,,1457,826,601
302013480,2,a̎Rs,k,0,,,351,317,31
302013490,2,a̎Rs,k,0,,,1307,891,397
302013500,2,a̎Rs,cK,0,,,558,408,102
302013510,2,a̎Rs,c,0,,,187,158,27
302013520,2,a̎Rs,O,0,,,1151,801,204
302013530,2,a̎Rs,{,0,,,583,491,66
302013540,2,a̎Rs,],0,,,1025,592,308
30201354001,3,a̎Rs,]P,0,,,72,62,9
30201354002,3,a̎Rs,]Q,0,,,170,96,72
30201354003,3,a̎Rs,]R,0,,,221,132,88
30201354004,3,a̎Rs,]S,0,,,562,302,139
302013550,2,a̎Rs,],0,,,439,342,88
30201355001,3,a̎Rs,]P,0,,,132,99,32
30201355002,3,a̎Rs,]Q,0,,,93,78,13
30201355003,3,a̎Rs,]R,0,,,214,165,43
302013560,2,a̎Rs,]k,0,,,1677,1157,208
30201356001,3,a̎Rs,]kP,0,,,73,51,12
30201356002,3,a̎Rs,]kQ,0,,,436,268,14
30201356003,3,a̎Rs,]kR,0,,,194,156,27
30201356004,3,a̎Rs,]kS,0,,,197,172,21
30201356005,3,a̎Rs,]kT,0,,,362,207,37
30201356006,3,a̎Rs,]kU,0,,,188,136,49
30201356007,3,a̎Rs,]kV,0,,,227,167,48
302013570,2,a̎Rs,],0,,,616,389,213
30201357001,3,a̎Rs,]P,0,,,284,201,75
30201357002,3,a̎Rs,]Q,0,,,145,68,74
30201357003,3,a̎Rs,]R,0,,,187,120,64
302013580,2,a̎Rs,؃m{,0,,,191,153,36
302013590,2,a̎Rs,|,0,,,989,818,141
302013600,2,a̎Rs,؃m{,0,,,4285,3609,576
302013610,2,a̎Rs,É,0,,,1047,697,308
302013620,2,a̎Rs,,0,,,372,340,22
302013640,2,a̎Rs,,0,,,960,723,233
302013650,2,a̎Rs,hJ,0,,,2162,1076,654
302013660,2,a̎Rs,Y,0,,,199,142,53
302013670,2,a̎Rs,y,0,,,715,516,186
302013680,2,a̎Rs,,0,,,2552,1924,594
302013690,2,a̎Rs,,0,,,688,289,60
302013700,2,a̎Rs,,0,,,349,177,62
302013720,2,a̎Rs,,0,,,609,347,251
302013730,2,a̎Rs,,0,,,773,450,308
302013740,2,a̎Rs,sH,0,,,2061,1295,712
302013750,2,a̎Rs,J,0,,,1759,1372,258
302013760,2,a̎Rs,팩,0,,,965,622,250
302013770,2,a̎Rs,,0,,,1012,799,148
302013780,2,a̎Rs,,0,,,266,137,121
302013790,2,a̎Rs,D,0,,,1339,915,414
302013800,2,a̎Rs,⋴,0,,,750,627,48
302013810,2,a̎Rs,I,0,,,770,648,109
302013820,2,a̎Rs,o,0,,,801,532,247
302013830,2,a̎Rs,,0,,,1518,923,329
302013840,2,a̎Rs,_O,0,,,1234,830,355
302013850,2,a̎Rs,,0,,,262,191,69
302013860,2,a̎Rs,,0,,,258,222,28
302013870,2,a̎Rs,X,0,,,246,230,16
302013890,2,a̎Rs,̉Y,0,,,414,359,51
302013900,2,a̎Rs,,0,,,3325,2345,424
302013910,2,a̎Rs,,0,,,18,18,-
302013920,2,a̎Rs,{e,0,,,857,680,164
302013940,2,a̎Rs,m,0,,,433,188,29
302013950,2,a̎Rs,IX,0,,,373,192,25
302013960,2,a̎Rs,z{,0,,,1007,710,286
302013970,2,a̎Rs,a,0,,,247,227,10
302013980,2,a̎Rs,a֌,0,,,240,182,54
302013990,2,a̎Rs,a,0,,,45,44,-
302014000,2,a̎Rs,ؓ,0,,,133,108,25
302014010,2,a̎Rs,,0,,,110,106,-
302014020,2,a̎Rs,c,0,,,212,202,8
302014030,2,a̎Rs,R,0,,,192,134,39
302014140,2,a̎Rs,Ht,0,,,216,147,63
302014150,2,a̎Rs,񗢒,0,,,172,119,47
302014160,2,a̎Rs,,0,,,1203,830,341
30201416001,3,a̎Rs,񗢂P,0,,,181,121,56
30201416002,3,a̎Rs,񗢂Q,0,,,511,369,124
30201416003,3,a̎Rs,񗢂R,0,,,511,340,161
302014170,2,a̎Rs,,0,,,1004,593,334
30201417001,3,a̎Rs,P,0,,,143,60,52
30201417002,3,a̎Rs,Q,0,,,15,14,1
30201417003,3,a̎Rs,R,0,,,282,135,111
30201417004,3,a̎Rs,S,0,,,116,68,46
30201417005,3,a̎Rs,T,0,,,350,261,84
30201417006,3,a̎Rs,U,0,,,98,55,40
302014180,2,a̎Rs,֌,0,,,1432,1054,313
30201418001,3,a̎Rs,֌˂P,0,,,239,163,57
30201418002,3,a̎Rs,֌˂Q,0,,,259,231,22
30201418003,3,a̎Rs,֌˂R,0,,,448,311,113
30201418004,3,a̎Rs,֌˂S,0,,,442,314,114
30201418005,3,a̎Rs,֌˂T,0,,,44,35,7
302014200,2,a̎Rs,V,0,,,115,94,14
302014210,2,a̎Rs,l,0,,,1572,1128,409
302014220,2,a̎Rs,l,0,,,988,695,199
30201422001,3,a̎Rs,lP,0,,,301,149,66
30201422002,3,a̎Rs,lQ,0,,,216,148,63
30201422003,3,a̎Rs,lR,0,,,471,398,70
302014250,2,a̎Rs,G,0,,,600,569,25
302014260,2,a̎Rs,c,0,,,235,217,12
302014270,2,a̎Rs,VảY,0,,,161,118,39
302014280,2,a̎Rs,ảY,0,,,1691,1107,525
30201428001,3,a̎Rs,ảYP,0,,,437,307,113
30201428002,3,a̎Rs,ảYQ,0,,,621,381,229
30201428003,3,a̎Rs,ảYR,0,,,516,364,123
30201428004,3,a̎Rs,ảYS,0,,,117,55,60
302014290,2,a̎Rs,ảY,0,,,298,202,90
30201429001,3,a̎Rs,ảYP,0,,,249,175,68
30201429002,3,a̎Rs,ảYQ,0,,,49,27,22
302014300,2,a̎Rs,ảY,0,,,602,445,140
30201430001,3,a̎Rs,ảYP,0,,,88,79,9
30201430002,3,a̎Rs,ảYQ,0,,,262,180,73
30201430003,3,a̎Rs,ảYR,0,,,252,186,58
302014310,2,a̎Rs,ảY,0,,,575,445,123
30201431001,3,a̎Rs,ảYP,0,,,198,157,38
30201431002,3,a̎Rs,ảYQ,0,,,204,162,41
30201431003,3,a̎Rs,ảYR,0,,,173,126,44
302014320,2,a̎Rs,a̐쒬,0,,,412,313,82
302014330,2,a̎Rs,,0,,,1953,1415,500
302014340,2,a̎Rs,IO䎛,0,,,1848,1089,621
302014360,2,a̎Rs,ь,0,,,1225,815,361
302014370,2,a̎Rs,z,0,,,769,419,312
302014380,2,a̎Rs,O,0,,,1853,1187,494
302014400,2,a̎Rs,,0,,,495,458,32
302014410,2,a̎Rs,,0,,,212,173,39
302014420,2,a̎Rs,],0,,,188,173,13
302014440,2,a̎Rs,c,0,,,41,41,-
302014450,2,a̎Rs,,0,,,212,196,15
302014460,2,a̎Rs,m,0,,,37,36,-
302014490,2,a̎Rs,~,0,,,1059,852,104
302014500,2,a̎Rs,,0,,,52,47,2
302014510,2,a̎Rs,{n,0,,,77,76,-
302014520,2,a̎Rs,򏟎,0,,,30,29,1
302014530,2,a̎Rs,g,0,,,691,563,117
302014550,2,a̎Rs,ɑF],0,,,263,218,38
302014560,2,a̎Rs,{,0,,,137,129,1
302014570,2,a̎Rs,g,0,,,547,485,59
302014580,2,a̎Rs,{,0,,,367,254,15
302014590,2,a̎Rs,,0,,,47,45,2
302014620,2,a̎Rs,g,0,,,624,174,3
302014630,2,a̎Rs,͓,0,,,116,114,-
302014640,2,a̎Rs,,0,,,82,81,1
302014660,2,a̎Rs,ؖ,0,,,107,106,1
302014670,2,a̎Rs,R,0,,,309,286,21
302014680,2,a̎Rs,mJ,0,,,10,10,-
302014690,2,a̎Rs,iR,0,,,48,47,-
302014710,2,a̎Rs,씨,0,,,100,99,1
302014720,2,a̎Rs,,0,,,101,101,-
302014730,2,a̎Rs,c,0,,,59,58,-
302014740,2,a̎Rs,,0,,,1235,412,128
302014750,2,a̎Rs,,0,,,2463,1796,538
302014760,2,a̎Rs,Z\J,0,,,2991,2096,847
302014770,2,a̎Rs,,0,,,1538,1191,336
302014780,2,a̎Rs,FcX,0,,,309,223,22
302014790,2,a̎Rs,,0,,,332,313,15
302014800,2,a̎Rs,{,0,,,231,185,44
302014810,2,a̎Rs,_g,0,,,254,203,42
302014820,2,a̎Rs,,0,,,910,406,6
302014830,2,a̎Rs,i,0,,,274,241,29
302014840,2,a̎Rs,_,0,,,179,167,6
302014860,2,a̎Rs,J,0,,,153,150,1
302014870,2,a̎Rs,V,0,,,915,826,78
302014880,2,a̎Rs,fO,0,,,559,466,75
302014890,2,a̎Rs,c,0,,,171,155,13
302014900,2,a̎Rs,O,0,,,245,204,38
302014910,2,a̎Rs,O,0,,,475,458,14
302014920,2,a̎Rs,,0,,,169,149,17
302014940,2,a̎Rs,,0,,,1226,1052,131
302014950,2,a̎Rs,[R,0,,,63,29,3
302014960,2,a̎Rs,u,0,,,321,256,1
302014970,2,a̎Rs,㍕J,0,,,57,54,2
302014990,2,a̎Rs,,0,,,150,138,12
302015010,2,a̎Rs,J,0,,,172,148,23
302015020,2,a̎Rs,ь,0,,,89,77,10
302015030,2,a̎Rs,,0,,,721,301,402
302015040,2,a̎Rs,ac,0,,,608,538,65
302015050,2,a̎Rs,],0,,,77,63,13
302015060,2,a̎Rs,Ɏ,0,,,42,33,9
302015070,2,a̎Rs,c,0,,,118,113,5
30202,1,Cs,,0,,,20481,15655,3648
302020010,2,Cs,],0,,,838,669,148
302020020,2,Cs,D,0,,,1335,925,370
302020031,2,Cs,,0,,,2122,1134,667
30202003101,3,Cs,,0,,,788,500,251
30202003102,3,Cs,,0,,,1334,634,416
302020032,2,Cs,R蒬,0,,,44,35,9
30202003201,3,Cs,R蒬P,0,,,15,15,-
30202003202,3,Cs,R蒬Q,0,,,23,14,9
30202003203,3,Cs,R蒬R,0,,,6,6,-
302020033,2,Cs,n꒬,0,,,30,22,8
30202003301,3,Cs,n꒬P,0,,,10,7,3
30202003302,3,Cs,n꒬Q,0,,,12,8,4
30202003303,3,Cs,n꒬R,0,,,8,7,1
302020041,2,Cs,,0,,,821,520,271
302020042,2,Cs,zn,0,,,12,3,8
302020043,2,Cs,,0,,,608,458,142
302020044,2,Cs,,0,,,521,377,113
302020045,2,Cs,␅,0,,,210,182,18
302020051,2,Cs,쒆,0,,,1680,1168,418
302020052,2,Cs,,0,,,235,178,46
302020053,2,Cs,c,0,,,262,189,68
302020054,2,Cs,Rc,0,,,6,5,-
302020061,2,Cs,,0,,,930,756,57
302020062,2,Cs,d,0,,,1296,968,250
302020063,2,Cs,ʏ,0,,,54,53,-
302020064,2,Cs,,0,,,14,14,-
302020065,2,Cs,,0,,,42,41,-
302020071,2,Cs,c,0,,,781,715,52
302020072,2,Cs,,0,,,616,516,53
302020073,2,Cs,c,0,,,280,245,15
302020074,2,Cs,c,0,,,947,560,363
302020075,2,Cs,kԍ,0,,,162,160,-
302020081,2,Cs,ʉ@,0,,,90,89,-
302020082,2,Cs,K,0,,,56,56,-
302020083,2,Cs,Ö,0,,,37,36,-
302020084,2,Cs,,0,,,190,180,8
302020085,2,Cs,R,0,,,347,265,20
302020086,2,Cs,Ўq,0,,,112,109,-
302020087,2,Cs,,0,,,99,99,-
302020091,2,Cs,am,0,,,187,164,15
302020092,2,Cs,,0,,,106,89,14
302020093,2,Cs,㒆,0,,,328,208,82
302020094,2,Cs,ؒ,0,,,177,118,12
302020095,2,Cs,X,0,,,229,194,15
302020101,2,Cs,V,0,,,153,148,3
302020102,2,Cs,i,0,,,115,113,-
302020103,2,Cs,PJ,0,,,86,81,2
302020104,2,Cs,Ђ␅,0,,,30,30,-
302020105,2,Cs,J,0,,,20,18,-
302020106,2,Cs,ԏ,0,,,13,12,-
302020107,2,Cs,CVJ,0,,,30,29,-
302020110,2,Cs,Ò,0,,,68,68,-
302020120,2,Cs,Ò,0,,,369,317,39
302020130,2,Cs,Ò,0,,,215,173,25
302020140,2,Cs,Ò,0,,,259,235,21
302020150,2,Cs,ÒVc,0,,,218,170,43
302020160,2,Cs,Ò,0,,,178,157,18
302020170,2,Cs,ÒՐ,0,,,65,63,-
302020180,2,Cs,Òۓc΋,0,,,332,246,80
302020190,2,Cs,Òۓc,0,,,204,152,48
302020200,2,Cs,Òۓcˍ,0,,,71,67,2
302020210,2,Cs,Òc,0,,,77,67,9
302020220,2,Cs,Ò,0,,,114,99,12
302020230,2,Cs,Òk,0,,,184,170,4
302020240,2,Cs,Ò,0,,,226,203,18
302020250,2,Cs,Ò菗,0,,,31,29,1
302020260,2,Cs,Ò,0,,,172,168,2
302020270,2,Cs,Ò,0,,,216,205,11
302020280,2,Cs,ÒE,0,,,49,48,-
302020290,2,Cs,ÒB|,0,,,22,22,-
302020300,2,Cs,Òs,0,,,93,93,-
302020310,2,Cs,Òk{,0,,,136,127,7
302020320,2,Cs,Ò,0,,,95,81,12
302020330,2,Cs,Ò},0,,,68,65,-
302020340,2,Cs,Ò,0,,,150,131,16
302020350,2,Cs,Ò,0,,,143,130,11
302020360,2,Cs,Ò~c,0,,,42,39,1
302020370,2,Cs,Ò,0,,,173,144,19
302020380,2,Cs,Ò},0,,,8,8,-
302020390,2,Cs,Ò,0,,,49,49,-
302020400,2,Cs,Òo,0,,,10,10,-
302020410,2,Cs,Òo,0,,,52,51,1
302020420,2,Cs,Ò,0,,,24,24,-
302020430,2,Cs,Òy䌴,0,,,31,30,-
302020440,2,Cs,ÒS_,0,,,29,28,-
302020450,2,Cs,Ò]c,0,,,57,55,1
302020460,2,Cs,a̎RÍ`Í`,0,,,-,-,-
30203,1,{s,,0,,,23399,19359,2954
302030010,2,{s,{,0,,,135,123,9
30203001000,3,{s,{,0,,,52,50,2
30203001001,3,{s,{P,0,,,33,30,-
30203001002,3,{s,{Q,0,,,50,43,7
302030020,2,{s,Íc,0,,,427,291,104
30203002001,3,{s,ÍcP,0,,,83,69,12
30203002002,3,{s,ÍcQ,0,,,101,62,17
30203002003,3,{s,ÍcR,0,,,172,107,60
30203002004,3,{s,ÍcS,0,,,71,53,15
302030030,2,{s,,0,,,187,148,35
30203003000,3,{s,,0,,,56,43,12
30203003001,3,{s,ȂP,0,,,66,52,12
30203003002,3,{s,ȂQ,0,,,40,34,5
30203003003,3,{s,ȂR,0,,,25,19,6
302030040,2,{s,c,0,,,439,318,58
30203004001,3,{s,c,0,,,186,179,2
30203004002,3,{s,c,0,,,33,22,10
30203004003,3,{s,c,0,,,66,30,25
30203004004,3,{s,c,0,,,98,60,20
30203004005,3,{s,c,0,,,56,27,1
302030050,2,{s,,0,,,773,530,159
30203005000,3,{s,,0,,,55,45,8
30203005001,3,{s,ƂP,0,,,92,53,38
30203005002,3,{s,ƂQ,0,,,91,76,13
30203005003,3,{s,ƂR,0,,,149,125,6
30203005004,3,{s,ƂS,0,,,238,126,59
30203005005,3,{s,ƂT,0,,,81,72,7
30203005006,3,{s,ƂU,0,,,67,33,28
302030060,2,{s,se,0,,,342,225,104
30203006000,3,{s,se,0,,,40,37,3
30203006001,3,{s,seP,0,,,82,49,33
30203006002,3,{s,seQ,0,,,74,69,3
30203006003,3,{s,seR,0,,,43,43,-
30203006004,3,{s,seS,0,,,86,13,62
30203006005,3,{s,seT,0,,,17,14,3
302030070,2,{s,c,0,,,141,120,21
30203007001,3,{s,c,0,,,37,37,-
30203007002,3,{s,c,0,,,48,44,4
30203007003,3,{s,c,0,,,56,39,17
302030081,2,{s,ҊJ,0,,,165,139,22
30203008101,3,{s,ҊJ,0,,,57,34,19
30203008102,3,{s,ҊJ,0,,,43,41,2
30203008103,3,{s,ҊJ,0,,,65,64,1
302030082,2,{s,,0,,,367,347,19
30203008200,3,{s,P,0,,,45,45,-
30203008201,3,{s,P,0,,,266,261,4
30203008202,3,{s,Q,0,,,56,41,15
302030090,2,{s,݂䂫,0,,,124,122,2
302030100,2,{s,ݏ,0,,,401,278,101
30203010001,3,{s,ݏ,0,,,58,33,24
30203010002,3,{s,ݏ,0,,,29,28,-
30203010003,3,{s,ݏ,0,,,88,70,15
30203010004,3,{s,ݏ,0,,,47,30,16
30203010005,3,{s,ݏ,0,,,86,66,18
30203010006,3,{s,ݏ,0,,,93,51,28
302030200,2,{s,Rc,0,,,164,160,3
30203020001,3,{s,Rc,0,,,49,49,-
30203020002,3,{s,Rc,0,,,27,26,1
30203020003,3,{s,Rc,0,,,48,46,2
30203020004,3,{s,Rc,0,,,40,39,-
302030210,2,{s,g,0,,,164,162,1
30203021001,3,{s,g,0,,,52,51,1
30203021002,3,{s,g,0,,,35,34,-
30203021003,3,{s,g,0,,,77,77,-
302030220,2,{s,o,0,,,47,47,-
30203022001,3,{s,o,0,,,21,21,-
30203022002,3,{s,o,0,,,26,26,-
302030230,2,{s,,0,,,226,193,29
30203023001,3,{s,,0,,,61,50,9
30203023002,3,{s,,0,,,109,90,18
30203023003,3,{s,,0,,,56,53,2
302030240,2,{s,,0,,,520,301,127
30203024001,3,{s,,0,,,73,67,5
30203024002,3,{s,,0,,,58,54,3
30203024003,3,{s,,0,,,22,1,-
30203024004,3,{s,,0,,,135,102,33
30203024005,3,{s,,0,,,125,20,39
30203024007,3,{s,,0,,,107,57,47
302030260,2,{s,_X,0,,,671,453,133
30203026001,3,{s,_X,0,,,74,23,-
30203026002,3,{s,_X,0,,,80,76,3
30203026003,3,{s,_X,0,,,76,40,14
30203026004,3,{s,_X,0,,,82,57,24
30203026005,3,{s,_X,0,,,82,70,12
30203026006,3,{s,_X,0,,,209,142,58
30203026007,3,{s,_X,0,,,68,45,22
302030300,2,{s,{,0,,,18,18,-
302030310,2,{s,{,0,,,78,76,1
30203031003,3,{s,{,0,,,40,39,-
30203031005,3,{s,{,0,,,38,37,1
302030320,2,{s,{,0,,,30,29,1
302030330,2,{s,qe,0,,,114,93,20
30203033001,3,{s,qe,0,,,41,41,-
30203033002,3,{s,qe,0,,,73,52,20
302030340,2,{s,c,0,,,69,69,-
302030350,2,{s,J,0,,,216,185,23
30203035001,3,{s,J,0,,,130,109,13
30203035003,3,{s,J,0,,,86,76,10
302030360,2,{s,K,0,,,614,382,205
30203036001,3,{s,K,0,,,105,85,20
30203036002,3,{s,K,0,,,116,84,32
30203036003,3,{s,K,0,,,102,25,73
30203036004,3,{s,K,0,,,23,20,3
30203036005,3,{s,K,0,,,43,36,7
30203036006,3,{s,K,0,,,68,46,1
30203036007,3,{s,K,0,,,44,27,17
30203036008,3,{s,K,0,,,80,29,49
30203036009,3,{s,K,0,,,33,30,3
302030370,2,{s,Ӗ,0,,,630,460,162
30203037001,3,{s,Ӗ,0,,,157,105,47
30203037002,3,{s,Ӗ,0,,,64,45,17
30203037003,3,{s,Ӗ,0,,,40,37,3
30203037004,3,{s,Ӗ,0,,,53,52,1
30203037005,3,{s,Ӗ,0,,,65,61,4
30203037006,3,{s,Ӗ,0,,,153,84,68
30203037007,3,{s,Ӗ,0,,,98,76,22
302030380,2,{s,kn,0,,,75,51,21
302030390,2,{s,I,0,,,128,119,8
30203039001,3,{s,I,0,,,55,52,2
30203039002,3,{s,I,0,,,54,48,6
30203039003,3,{s,I,0,,,19,19,-
302030400,2,{s,א,0,,,122,73,45
302030410,2,{s,,0,,,65,60,4
302030420,2,{s,,0,,,24,24,-
302030430,2,{s,R,0,,,1601,1558,34
30203043001,3,{s,RP,0,,,453,445,7
30203043002,3,{s,RQ,0,,,490,469,16
30203043003,3,{s,RR,0,,,469,456,10
30203043004,3,{s,RS,0,,,189,188,1
302030440,2,{s,OΑ,0,,,1689,1560,109
30203044001,3,{s,OΑP,0,,,538,483,46
30203044002,3,{s,OΑQ,0,,,395,370,22
30203044003,3,{s,OΑR,0,,,712,664,40
30203044004,3,{s,OΑS,0,,,44,43,1
302030450,2,{s,IPu,0,,,989,964,16
30203045001,3,{s,IPuP,0,,,196,190,2
30203045002,3,{s,IPuQ,0,,,374,364,8
30203045003,3,{s,IPuR,0,,,419,410,6
302030460,2,{s,`̖؍,0,,,396,391,4
30203046001,3,{s,`̖؍,0,,,68,66,1
30203046002,3,{s,`̖؍,0,,,54,53,1
30203046003,3,{s,`̖؍,0,,,95,95,-
30203046004,3,{s,`̖؍,0,,,46,46,-
30203046005,3,{s,`̖؍,0,,,71,71,-
30203046006,3,{s,`̖؍,0,,,62,60,2
302030470,2,{s,z,0,,,380,374,4
30203047001,3,{s,zP,0,,,220,216,2
30203047002,3,{s,zQ,0,,,160,158,2
302030480,2,{s,,0,,,398,380,8
30203048001,3,{s,P,0,,,382,378,1
30203048002,3,{s,Q,0,,,16,2,7
302030490,2,{s,炳,0,,,113,100,13
302030500,2,{s,c͐,0,,,430,343,78
30203050001,3,{s,c͐,0,,,91,76,13
30203050002,3,{s,c͐,0,,,-,-,-
30203050003,3,{s,c͐,0,,,172,117,51
30203050004,3,{s,c͐,0,,,40,37,2
30203050005,3,{s,c͐,0,,,39,38,1
30203050006,3,{s,c͐,0,,,42,42,-
30203050007,3,{s,c͐,0,,,46,33,11
302030510,2,{s,c,0,,,641,477,99
30203051001,3,{s,c,0,,,-,-,-
30203051002,3,{s,c,0,,,180,176,4
30203051003,3,{s,c,0,,,65,51,5
30203051004,3,{s,c,0,,,48,1,2
30203051005,3,{s,c,0,,,82,46,36
30203051006,3,{s,c,0,,,59,49,9
30203051007,3,{s,c,0,,,79,51,27
30203051008,3,{s,c,0,,,69,57,11
30203051009,3,{s,c,0,,,59,46,5
302030530,2,{s,c㕺,0,,,91,54,34
302030540,2,{s,c,0,,,278,227,48
30203054001,3,{s,c,0,,,41,35,6
30203054002,3,{s,c,0,,,31,20,11
30203054003,3,{s,c,0,,,127,93,31
30203054004,3,{s,c,0,,,79,79,-
302030550,2,{s,c,0,,,191,170,21
30203055001,3,{s,c,0,,,39,37,2
30203055002,3,{s,c,0,,,152,133,19
302030560,2,{s,c,0,,,149,137,10
30203056001,3,{s,c,0,,,33,25,8
30203056002,3,{s,c,0,,,54,54,-
30203056003,3,{s,c,0,,,62,58,2
302030570,2,{s,c,0,,,159,130,27
30203057001,3,{s,c,0,,,80,53,26
30203057002,3,{s,c,0,,,29,27,1
30203057003,3,{s,c,0,,,50,50,-
302030580,2,{s,c^y,0,,,148,70,10
30203058001,3,{s,c^y,0,,,34,34,-
30203058002,3,{s,c^y,0,,,40,30,9
30203058003,3,{s,c^y,0,,,40,6,1
30203058004,3,{s,c^y,0,,,34,-,-
302030600,2,{s,c,0,,,57,57,-
302030610,2,{s,cR,0,,,169,168,1
30203061001,3,{s,cR,0,,,45,45,-
30203061002,3,{s,cR,0,,,58,57,1
30203061003,3,{s,cR,0,,,66,66,-
302030620,2,{s,c,0,,,54,53,1
302030630,2,{s,̑,0,,,557,553,3
30203063001,3,{s,̑P,0,,,395,391,3
30203063002,3,{s,̑Q,0,,,162,162,-
30203063003,3,{s,̑R,0,,,-,-,-
302030640,2,{s,Im,0,,,46,25,7
30203064001,3,{s,ImP,0,,,-,-,-
30203064002,3,{s,ImQ,0,,,46,25,7
30203064003,3,{s,ImR,0,,,-,-,-
302030700,2,{s,,0,,,54,52,1
302030710,2,{s,,0,,,96,95,-
302030720,2,{s,,0,,,102,99,1
302030730,2,{s,Ԓ,0,,,70,70,-
302030740,2,{s,c,0,,,127,127,-
30203074001,3,{s,c,0,,,97,97,-
30203074002,3,{s,c,0,,,30,30,-
302030750,2,{s,,0,,,51,51,-
302030760,2,{s,{,0,,,12,12,-
302030770,2,{s,,0,,,5,5,-
302030780,2,{s,FJ,1,,0810,10,10,-
302030790,2,{s,J[,0,,,12,11,1
302030800,2,{s,kh,0,,,-,-,-
302030810,2,{s,h,2,0780,,X,X,X
302030900,2,{s,wH,0,,,525,395,87
30203090001,3,{s,wH,0,,,58,56,2
30203090002,3,{s,wH,0,,,65,55,9
30203090003,3,{s,wH,0,,,48,40,7
30203090005,3,{s,wH,0,,,274,164,69
30203090006,3,{s,wH,0,,,45,45,-
30203090007,3,{s,wH,0,,,35,35,-
302030910,2,{s,n,0,,,314,313,1
30203091001,3,{s,n,0,,,139,138,1
30203091002,3,{s,n,0,,,61,61,-
30203091003,3,{s,n,0,,,28,28,-
30203091004,3,{s,n,0,,,44,44,-
30203091005,3,{s,n,0,,,32,32,-
30203091006,3,{s,n,0,,,10,10,-
302030920,2,{s,,0,,,293,272,19
30203092001,3,{s,,0,,,76,75,1
30203092002,3,{s,,0,,,91,88,2
30203092003,3,{s,,0,,,27,26,1
30203092004,3,{s,,0,,,80,64,15
30203092005,3,{s,,0,,,19,19,-
302030930,2,{s,,0,,,192,127,63
30203093001,3,{s,,0,,,146,85,60
30203093002,3,{s,,0,,,46,42,3
302030940,2,{s,,0,,,309,219,87
30203094001,3,{s,,0,,,66,45,21
30203094002,3,{s,,0,,,98,60,36
30203094003,3,{s,,0,,,145,114,30
302030950,2,{s,,0,,,12,11,1
30203095001,3,{s,,0,,,12,11,1
30203095002,3,{s,,0,,,-,-,-
302030960,2,{s,,0,,,33,33,-
30203096001,3,{s,,0,,,21,21,-
30203096002,3,{s,,0,,,12,12,-
302030970,2,{s,厚,0,,,648,507,80
302030980,2,{s,厚q,0,,,590,478,94
302030990,2,{s,厚Ñ],0,,,1048,884,109
302031000,2,{s,厚,0,,,528,419,57
302031010,2,{s,厚,0,,,1045,739,170
302031020,2,{s,厚c,0,,,625,449,161
302031030,2,{s,厚,0,,,421,329,78
302031040,2,{s,厚c,0,,,76,76,-
302031050,2,{s,厚d,0,,,45,45,-
302031060,2,{s,厚㒆,0,,,32,32,-
302031070,2,{s,厚,0,,,53,53,-
302031080,2,{s,厚J,0,,,43,43,-
302031090,2,{s,厚|,0,,,16,16,-
30204,1,Lcs,,0,,,10428,8391,1446
302040010,2,Lcs,,0,,,1000,741,240
302040020,2,Lcs,`,0,,,967,701,77
302040030,2,Lcs,{蒬,0,,,630,394,199
302040040,2,Lcs,{蒬,0,,,57,56,-
302040050,2,Lcs,{蒬,0,,,104,103,1
302040060,2,Lcs,{蒬,0,,,193,190,1
302040070,2,Lcs,{蒬,0,,,866,790,65
302040080,2,Lcs,V,0,,,364,233,126
302040090,2,Lcs,,0,,,400,346,51
302040100,2,Lcs,Rn,0,,,186,170,13
302040110,2,Lcs,Í],0,,,302,179,106
302040120,2,Lcs,c,0,,,506,464,40
302040130,2,Lcs,c,0,,,292,282,9
302040140,2,Lcs,c,0,,,45,45,-
302040150,2,Lcs,ғ,0,,,740,616,120
302040160,2,Lcs,,0,,,167,156,5
302040170,2,Lcs,Rc,0,,,149,146,3
302040180,2,Lcs,,0,,,147,122,24
302040190,2,Lcs,{V,0,,,372,289,53
302040200,2,Lcs,{{J,0,,,129,104,14
302040210,2,Lcs,{,0,,,235,209,20
302040220,2,Lcs,{,0,,,411,317,91
302040230,2,Lcs,{,0,,,16,16,-
302040240,2,Lcs,{,0,,,71,68,3
302040250,2,Lcs,{쌴,0,,,419,355,59
302040260,2,Lcs,䒬,0,,,195,168,26
302040270,2,Lcs,䒬,0,,,395,309,32
302040280,2,Lcs,l,0,,,688,509,32
302040290,2,Lcs,,0,,,382,313,36
30205,1,Vs,,0,,,9714,6796,1880
302050010,2,Vs,,0,,,1311,1013,235
302050020,2,Vs,,0,,,1410,816,215
302050030,2,Vs,V,0,,,261,196,19
302050041,2,Vs,,0,,,42,29,9
302050042,2,Vs,P,0,,,56,49,7
302050043,2,Vs,Q,0,,,7,1,6
302050044,2,Vs,R,0,,,52,9,40
302050051,2,Vs,쒬x,0,,,762,554,107
302050052,2,Vs,t,0,,,60,40,20
302050060,2,Vs,쒬ێR,0,,,268,169,34
302050070,2,Vs,쒬,0,,,577,330,180
302050080,2,Vs,쒬,0,,,1138,624,410
302050090,2,Vs,cgc,0,,,1145,693,338
302050100,2,Vs,c,0,,,353,252,51
302050110,2,Vs,,0,,,373,282,87
302050120,2,Vs,F,0,,,104,100,2
302050130,2,Vs,,0,,,197,161,33
302050140,2,Vs,k,0,,,498,436,56
302050150,2,Vs,쉖,0,,,382,359,9
302050160,2,Vs,c쓇,0,,,264,247,12
302050170,2,Vs,c,0,,,211,207,3
302050180,2,Vs,c,0,,,200,189,5
302050190,2,Vs,_,0,,,43,40,2
302050200,2,Vs,쉖,0,,,-,-,-
30206,1,cӎs,,0,,,31708,22364,6716
302060010,2,cӎs,㉮~,0,,,532,443,76
30206001001,3,cӎs,㉮~꒚,0,,,203,170,27
30206001002,3,cӎs,㉮~񒚖,0,,,173,136,31
30206001003,3,cӎs,㉮~O,0,,,156,137,18
302060020,2,cӎs,~,0,,,179,128,48
302060030,2,cӎs,~,0,,,190,144,44
302060040,2,cӎs,V~,0,,,266,176,73
302060050,2,cӎs,V,0,,,75,67,7
302060060,2,cӎs,kV,0,,,44,43,-
302060070,2,cӎs,h,0,,,60,45,14
302060080,2,cӎs,,0,,,57,43,13
302060090,2,cӎs,H,0,,,31,29,2
302060100,2,cӎs,{,0,,,69,49,19
302060110,2,cӎs,,0,,,57,47,10
302060120,2,cӎs,В,0,,,67,39,26
302060151,2,cӎs,,0,,,418,270,56
302060152,2,cӎs,L,0,,,303,194,43
302060153,2,cӎs,,0,,,438,293,132
30206015301,3,cӎs,,0,,,147,94,48
30206015302,3,cӎs,,0,,,291,199,84
302060250,2,cӎs,Pl,0,,,69,-,-
302060261,2,cӎs,_ql,0,,,747,491,242
30206026101,3,cӎs,_ql꒚,0,,,431,259,164
30206026102,3,cӎs,_ql񒚖,0,,,316,232,78
302060262,2,cӎs,,0,,,756,466,208
30206026201,3,cӎs,꒚,0,,,377,263,104
30206026202,3,cӎs,񒚖,0,,,379,203,104
302060271,2,cӎs,ڗ,0,,,617,444,89
302060272,2,cӎs,V_,0,,,488,260,88
302060273,2,cӎs,̎R,0,,,667,328,176
30206027301,3,cӎs,̎R꒚,0,,,197,66,79
30206027302,3,cӎs,̎R񒚖,0,,,470,262,97
302060275,2,cӎs,,0,,,10,8,1
302060290,2,cӎs,],0,,,476,427,41
30206029001,3,cӎs,],0,,,267,247,16
30206029002,3,cӎs,],0,,,209,180,25
302060300,2,cӎs,Ô,0,,,292,239,51
302060380,2,cӎs,㖜C,0,,,438,318,116
302060390,2,cӎs,C,0,,,748,523,204
302060400,2,cӎs,C,0,,,920,537,364
302060410,2,cӎs,HÒ,0,,,1231,832,368
302060420,2,cӎs,,0,,,1145,604,444
302060430,2,cӎs,V,0,,,836,391,184
302060440,2,cӎs,Pu,0,,,538,290,220
302060450,2,cӎs,ڂ,0,,,891,572,292
302060460,2,cӎs,V,0,,,499,251,211
302060470,2,cӎs,ނ,0,,,242,182,56
302060480,2,cӎs,󗈒,0,,,249,121,84
302060490,2,cӎs,R,0,,,548,385,148
30206049001,3,cӎs,R꒚,0,,,155,112,40
30206049002,3,cӎs,R񒚖,0,,,393,273,108
302060500,2,cӎs,w,0,,,322,222,94
302061600,2,cӎs,F{,0,,,612,546,33
302062710,2,cӎs,V,0,,,2004,1222,445
302062820,2,cӎs,_,0,,,189,94,66
302062830,2,cӎs,Ȃ,0,,,320,182,32
302063720,2,cӎs,F{,0,,,497,479,4
302064730,2,cӎs,F{,0,,,610,488,49
302065740,2,cӎs,H,0,,,1044,965,68
302066750,2,cӎs,HÐ,0,,,258,247,7
302067760,2,cӎs,O,0,,,97,87,10
302067770,2,cӎs,O,0,,,449,384,62
302067781,2,cӎs,R,0,,,158,141,17
302067782,2,cӎs,O,0,,,759,552,199
302067790,2,cӎs,,0,,,62,59,3
302067800,2,cӎs,,0,,,176,173,3
302067810,2,cӎs,䷖,0,,,59,50,5
302067820,2,cӎs,__,0,,,85,80,3
302067830,2,cӎs,_,0,,,32,30,1
302067840,2,cӎs,_Oc,0,,,8,8,-
302067850,2,cӎs,_m,0,,,72,68,3
302067860,2,cӎs,_L䌴,0,,,62,52,5
302067870,2,cӎs,_{,0,,,123,116,1
302067880,2,cӎs,_Om,0,,,24,23,-
302067890,2,cӎs,_a,0,,,100,98,1
302067900,2,cӎs,_,0,,,124,119,3
302067910,2,cӎs,_,0,,,74,60,5
302067920,2,cӎs,_,0,,,116,97,7
302067930,2,cӎs,_,0,,,203,180,7
302067940,2,cӎs,_,0,,,213,194,13
302067950,2,cӎs,_bm,0,,,88,77,5
302067960,2,cӎs,_,0,,,72,63,1
302067970,2,cӎs,ӘH,0,,,11,9,2
302067980,2,cӎs,ӘH,0,,,25,23,2
302067990,2,cӎs,ӘH,0,,,18,18,-
302068000,2,cӎs,ӘHF,0,,,8,8,-
302068010,2,cӎs,ӘHF,0,,,33,25,-
302068020,2,cӎs,ӘHI,0,,,350,274,22
30206802001,3,cӎs,ӘHIŏ,0,,,60,49,8
30206802002,3,cӎs,ӘHIŏ,0,,,55,46,5
30206802003,3,cӎs,ӘHI쒆,0,,,172,122,5
30206802004,3,cӎs,ӘHI쉺,0,,,63,57,4
302068030,2,cӎs,ӘH,0,,,37,35,1
302068040,2,cӎs,ӘH,0,,,16,15,1
302068050,2,cӎs,ӘH,0,,,63,51,1
30206805001,3,cӎs,ӘHn,0,,,41,37,-
30206805002,3,cӎs,ӘH쉺n,0,,,22,14,1
302068060,2,cӎs,ӘH썇,0,,,103,72,3
302068070,2,cӎs,ӘH,0,,,30,27,3
302068080,2,cӎs,ӘH,0,,,32,30,2
302068090,2,cӎs,ӘHߘI,0,,,198,161,13
30206809001,3,cӎs,ӘHߘIփm,0,,,21,19,2
30206809002,3,cӎs,ӘHߘIm,0,,,56,44,2
30206809003,3,cӎs,ӘHߘIꗢ,0,,,11,8,1
30206809004,3,cӎs,ӘHߘI؃m,0,,,30,29,1
30206809005,3,cӎs,ӘHߘIߘI,0,,,36,33,3
30206809006,3,cӎs,ӘHߘIE`,0,,,44,28,4
302068100,2,cӎs,ӘH쒆,0,,,87,80,4
30206810001,3,cӎs,ӘH쒆唨,0,,,23,20,2
30206810002,3,cӎs,ӘH쒆쒆,0,,,6,6,-
30206810003,3,cӎs,ӘH쒆,0,,,7,6,1
30206810004,3,cӎs,ӘH쒆n,0,,,15,14,1
30206810005,3,cӎs,ӘH쒆n,0,,,28,26,-
30206810006,3,cӎs,ӘH쒆,0,,,8,8,-
302068110,2,cӎs,ӘHJ,0,,,39,32,1
302068120,2,cӎs,ӘHI,0,,,24,22,-
302068130,2,cӎs,ӘH^,0,,,42,33,2
302068140,2,cӎs,ӘHkS,0,,,90,72,11
302068150,2,cӎs,ӘHΑD,0,,,24,22,2
302068160,2,cӎs,ӘH,0,,,14,12,1
302068170,2,cӎs,,0,,,699,515,11
30206817001,3,cӎs,,0,,,235,149,4
30206817002,3,cӎs,,0,,,41,39,1
30206817003,3,cӎs,,0,,,48,28,-
30206817004,3,cӎs,,0,,,13,13,-
30206817005,3,cӎs,,0,,,8,8,-
30206817006,3,cӎs,,0,,,18,17,1
30206817007,3,cӎs,,0,,,24,24,-
30206817008,3,cӎs,,0,,,41,2,-
30206817009,3,cӎs,,0,,,51,45,2
30206817010,3,cӎs,,0,,,37,36,-
30206817011,3,cӎs,,0,,,28,27,1
30206817012,3,cӎs,,0,,,62,34,2
30206817013,3,cӎs,,0,,,57,57,-
30206817014,3,cӎs,,0,,,36,36,-
302068180,2,cӎs,,0,,,54,50,3
302068190,2,cӎs,ac,0,,,6,6,-
302068200,2,cӎs,R[h8200̌v,0,,,111,80,4
30206820001,3,cӎs,ac,0,,,30,10,-
30206820002,3,cӎs,쉺,0,,,30,30,-
30206820003,3,cӎs,쉺,0,,,51,40,4
302068210,2,cӎs,,0,,,53,49,-
302068220,2,cӎs,[J,0,,,16,15,1
302068230,2,cӎs,R,0,,,52,45,2
30206823001,3,cӎs,R,0,,,26,20,1
30206823002,3,cӎs,R,0,,,10,10,-
30206823003,3,cӎs,R,0,,,16,15,1
302068240,2,cӎs,F,0,,,11,11,-
302068250,2,cӎs,؎,0,,,12,10,-
302068260,2,cӎs,ܖ,0,,,9,7,-
302068270,2,cӎs,ʐ,0,,,14,13,-
302068280,2,cӎs,,1,,8290,32,26,2
302068290,2,cӎs,J,2,8280,,X,X,X
302068300,2,cӎs,{{q,0,,,60,51,9
302068310,2,cӎs,{{q,0,,,28,26,2
302068320,2,cӎs,{{q,0,,,47,44,3
302068330,2,cӎs,{{q,0,,,25,24,1
302068340,2,cӎs,{{Oz,1,,8370,19,18,1
302068350,2,cӎs,{{Oz,0,,,9,6,1
302068360,2,cӎs,{{Oz,0,,,-,-,-
302068370,2,cӎs,{{Oz,2,8340,,X,X,X
302068380,2,cӎs,{{{,0,,,7,7,-
302068390,2,cӎs,{{勏,0,,,75,60,2
302068400,2,cӎs,{{勏,0,,,29,28,1
302068410,2,cӎs,{{勏,0,,,73,65,7
302068420,2,cӎs,{{،,0,,,36,34,2
302068430,2,cӎs,{{ؔ,0,,,47,43,2
302068440,2,cӎs,{{ؔ,0,,,13,11,2
302068450,2,cӎs,{{y͉,0,,,23,22,1
302068460,2,cӎs,{{{{,0,,,78,66,6
302068470,2,cӎs,{{{{,0,,,65,57,3
302068480,2,cӎs,{{{{,0,,,40,32,2
302068490,2,cӎs,{{{{,0,,,57,48,7
302068500,2,cӎs,{{n,0,,,42,35,2
302068510,2,cӎs,{{,0,,,24,21,1
302068520,2,cӎs,{{,0,,,51,30,9
302068530,2,cӎs,{{Ȑ,0,,,6,5,1
302068540,2,cӎs,{{wt,0,,,30,29,1
302068550,2,cӎs,{{XX,0,,,20,19,1
302068560,2,cӎs,{{Fn,0,,,38,37,1
302068570,2,cӎs,{{Fn,0,,,29,29,-
302068580,2,cӎs,{{Z,1,,8590,16,15,1
302068590,2,cӎs,{{吣,2,8580,,X,X,X
302068600,2,cӎs,{{vۖ,0,,,20,20,-
302068610,2,cӎs,{{vۖ,0,,,11,11,-
302068620,2,cӎs,{{|,0,,,7,7,-
302068630,2,cӎs,{{É,0,,,11,10,1
302068640,2,cӎs,{{,0,,,24,23,1
302068650,2,cӎs,{{,0,,,13,13,-
302068660,2,cӎs,{{,0,,,29,27,1
302068670,2,cӎs,{{,0,,,8,7,1
302068680,2,cӎs,{{F,0,,,14,13,1
302068690,2,cӎs,{{쓒,0,,,24,20,2
302068700,2,cӎs,{{c,0,,,11,11,-
302068710,2,cӎs,{{,0,,,34,34,-
302068720,2,cӎs,{{ac,0,,,6,6,-
302068730,2,cӎs,{{Ð,0,,,11,11,-
302068740,2,cӎs,{{Ð,0,,,15,15,-
302068750,2,cӎs,{{Ð,0,,,18,18,-
302068760,2,cӎs,{{Ð,0,,,9,9,-
302068770,2,cӎs,{{J,0,,,6,6,-
302068780,2,cӎs,{{R,0,,,40,33,7
302068790,2,cӎs,{{É,0,,,26,25,-
302068800,2,cӎs,m,0,,,1014,743,233
30206880001,3,cӎs,mP,0,,,339,204,121
30206880002,3,cӎs,mQ,0,,,366,265,78
30206880003,3,cӎs,mR,0,,,309,274,34
302068810,2,cӎs,F{,0,,,727,502,191
30206881001,3,cӎs,F{꒚,0,,,329,261,45
30206881002,3,cӎs,F{񒚖,0,,,398,241,146
302068820,2,cӎs,Y,0,,,1314,666,624
30206882001,3,cӎs,Y꒚,0,,,405,203,194
30206882002,3,cӎs,Y񒚖,0,,,426,257,162
30206882003,3,cӎs,YO,0,,,483,206,268
302068830,2,cӎs,z,0,,,811,589,189
30207,1,V{s,,0,,,13405,9091,2747
302070011,2,V{s,̑,0,,,220,142,58
302070013,2,V{s,,0,,,108,80,23
30207001301,3,V{s,P,0,,,91,74,15
30207001302,3,V{s,Q,0,,,17,6,8
302070014,2,V{s,V{,0,,,1801,1013,377
302070020,2,V{s,,0,,,324,204,40
30207002001,3,V{s,؂P,0,,,95,69,20
30207002002,3,V{s,؂Q,0,,,229,135,20
302070030,2,V{s,ڂ,0,,,32,27,3
302070040,2,V{s,{,0,,,174,131,40
30207004001,3,V{s,{P,0,,,32,23,9
30207004002,3,V{s,{Q,0,,,142,108,31
302070050,2,V{s,rc,0,,,128,99,26
30207005001,3,V{s,rcP,0,,,51,35,16
30207005002,3,V{s,rcQ,0,,,39,33,5
30207005003,3,V{s,rcR,0,,,38,31,5
302070060,2,V{s,֏,0,,,227,161,53
302070070,2,V{s,,0,,,110,87,17
302070080,2,V{s,q,0,,,707,460,105
30207008001,3,V{s,qP,0,,,317,240,66
30207008002,3,V{s,qQ,0,,,226,92,16
30207008003,3,V{s,qR,0,,,164,128,23
302070090,2,V{s,t,0,,,120,57,20
302070100,2,V{s,_q,0,,,627,443,135
30207010001,3,V{s,_qP,0,,,239,153,52
30207010002,3,V{s,_qQ,0,,,210,163,43
30207010003,3,V{s,_qR,0,,,60,40,12
30207010004,3,V{s,_qS,0,,,118,87,28
302070110,2,V{s,Fn,0,,,580,419,121
30207011001,3,V{s,FnP,0,,,251,181,39
30207011002,3,V{s,FnQ,0,,,329,238,82
302070120,2,V{s,ܐV,0,,,189,127,57
302070130,2,V{s,,0,,,416,107,121
30207013001,3,V{s,P,0,,,224,78,103
30207013002,3,V{s,Q,0,,,192,29,18
302070140,2,V{s,c,0,,,500,330,147
30207014001,3,V{s,cP,0,,,222,144,77
30207014002,3,V{s,cQ,0,,,195,137,49
30207014003,3,V{s,cR,0,,,83,49,21
302070150,2,V{s,cߌ,0,,,314,256,51
30207015001,3,V{s,cߌP,0,,,93,59,33
30207015002,3,V{s,cߌQ,0,,,221,197,18
302070160,2,V{s,,0,,,495,334,151
30207016001,3,V{s,P,0,,,195,124,68
30207016002,3,V{s,Q,0,,,135,91,39
30207016003,3,V{s,R,0,,,165,119,44
302070170,2,V{s,c,0,,,169,93,62
302070180,2,V{s,{,0,,,512,341,114
30207018001,3,V{s,{P,0,,,249,168,29
30207018002,3,V{s,{Q,0,,,263,173,85
302070190,2,V{s,H,0,,,382,317,61
30207019001,3,V{s,HP,0,,,98,91,6
30207019002,3,V{s,HQ,0,,,107,79,27
30207019003,3,V{s,HR,0,,,177,147,28
302070200,2,V{s,ێR,0,,,75,51,10
302070210,2,V{s,΃Pu,0,,,406,214,122
30207021001,3,V{s,΃PuP,0,,,249,146,60
30207021002,3,V{s,΃PuQ,0,,,62,32,27
30207021003,3,V{s,΃PuR,0,,,95,36,35
302070220,2,V{s,D,0,,,50,46,4
30207022001,3,V{s,DP,0,,,9,8,1
30207022002,3,V{s,DQ,0,,,27,25,2
30207022003,3,V{s,DR,0,,,14,13,1
302070230,2,V{s,{,0,,,35,31,2
30207023001,3,V{s,{P,0,,,16,14,2
30207023002,3,V{s,{Q,0,,,19,17,-
302070240,2,V{s,勴,0,,,52,48,4
30207024001,3,V{s,勴ʂP,0,,,7,6,1
30207024002,3,V{s,勴ʂQ,0,,,13,13,-
30207024003,3,V{s,勴ʂR,0,,,14,13,1
30207024004,3,V{s,勴ʂS,0,,,18,16,2
302070250,2,V{s,n,0,,,28,20,7
30207025001,3,V{s,nP,0,,,13,5,7
30207025002,3,V{s,nQ,0,,,15,15,-
302070260,2,V{s,Jq,0,,,77,23,41
302070270,2,V{s,b,0,,,71,62,7
30207027001,3,V{s,bP,0,,,53,44,7
30207027002,3,V{s,bQ,0,,,18,18,-
302070280,2,V{s,{,0,,,31,24,4
30207028001,3,V{s,{P,0,,,15,11,3
30207028002,3,V{s,{Q,0,,,16,13,1
302070290,2,V{s,V,0,,,44,39,4
30207029001,3,V{s,VP,0,,,11,11,-
30207029002,3,V{s,VQ,0,,,20,18,2
30207029003,3,V{s,VR,0,,,13,10,2
302070300,2,V{s,V,0,,,77,59,14
30207030001,3,V{s,VP,0,,,16,15,-
30207030002,3,V{s,VQ,0,,,41,28,11
30207030003,3,V{s,VR,0,,,20,16,3
302070310,2,V{s,,0,,,25,22,2
30207031001,3,V{s,P,0,,,11,9,2
30207031002,3,V{s,Q,0,,,14,13,-
302070320,2,V{s,t,0,,,56,42,12
302070330,2,V{s,ʓ~,0,,,40,29,10
302070340,2,V{s,O֍,0,,,1512,1151,240
30207034000,3,V{s,O֍,0,,,530,438,76
30207034001,3,V{s,O֍P,0,,,320,261,49
30207034002,3,V{s,O֍Q,0,,,317,254,55
30207034003,3,V{s,O֍R,0,,,345,198,60
302070350,2,V{s,,0,,,1428,1019,383
30207035000,3,V{s,,0,,,724,514,192
30207035001,3,V{s,P,0,,,298,223,71
30207035002,3,V{s,Q,0,,,243,162,80
30207035003,3,V{s,R,0,,,163,120,40
302070360,2,V{s,؃m,0,,,161,124,33
302070370,2,V{s,I,0,,,314,227,27
30207037001,3,V{s,I,0,,,314,227,27
30207037002,3,V{s,I,0,,,-,-,-
30207037003,3,V{s,I,0,,,-,-,-
302070380,2,V{s,c,1,,0390,109,80,14
302070390,2,V{s,,2,0380,,X,X,X
302070400,2,V{s,O,0,,,15,14,1
302070410,2,V{s,ɍc,0,,,48,41,5
30207041001,3,V{s,ɍcP,0,,,29,25,3
30207041002,3,V{s,ɍcQ,0,,,19,16,2
302070420,2,V{s,F쒬㒷,0,,,33,29,-
302070430,2,V{s,F쒬,0,,,19,18,1
302070440,2,V{s,F쒬,0,,,19,18,1
302070450,2,V{s,F쒬R,0,,,24,21,3
302070460,2,V{s,F쒬,2,0470,,X,X,X
302070470,2,V{s,F쒬{,1,,0460;0480,12,12,-
302070480,2,V{s,F쒬,2,0470,,X,X,X
302070490,2,V{s,F쒬Ԗ,0,,,46,41,3
302070500,2,V{s,F쒬,0,,,14,14,-
302070510,2,V{s,F쒬J,0,,,6,6,-
302070520,2,V{s,F쒬{,0,,,27,26,-
302070530,2,V{s,F쒬_,0,,,68,-,-
302070540,2,V{s,F쒬_,0,,,46,38,1
302070550,2,V{s,F쒬,0,,,61,49,3
302070560,2,V{s,F쒬\,0,,,25,25,-
302070570,2,V{s,F쒬R{,0,,,8,8,-
302070580,2,V{s,F쒬c,0,,,6,6,-
302070590,2,V{s,F쒬u,1,,0600,7,7,-
302070600,2,V{s,F쒬uÓ,2,0590,,X,X,X
302070610,2,V{s,F쒬,0,,,16,14,2
302070620,2,V{s,F쒬,2,0630,,X,X,X
302070630,2,V{s,F쒬,1,,0620,19,18,1
302070640,2,V{s,F쒬{,1,,0650,15,13,2
302070650,2,V{s,F쒬ac,2,0640,,X,X,X
302070660,2,V{s,F쒬{,0,,,5,5,-
302070670,2,V{s,F쒬kl,0,,,16,15,1
302070680,2,V{s,F쒬d,0,,,19,15,1
302070690,2,V{s,F쒬C,0,,,-,-,-
302070700,2,V{s,F쒬,0,,,9,8,-
302070710,2,V{s,F쒬kʒu,0,,,10,10,-
302070720,2,V{s,F쒬~,0,,,35,31,-
302070730,2,V{s,F쒬~,0,,,15,15,-
302070740,2,V{s,F쒬R,0,,,18,17,-
302070750,2,V{s,F쒬,0,,,18,18,-
30208,1,I̐s,,0,,,23259,19994,2545
302080010,2,I̐s,厚,0,,,231,173,53
302080020,2,I̐s,厚œc,0,,,575,404,155
302080030,2,I̐s,厚œc,0,,,62,62,-
302080040,2,I̐s,厚E,0,,,72,70,2
302080050,2,I̐s,厚E,0,,,29,28,1
302080060,2,I̐s,厚E,0,,,64,64,-
302080070,2,I̐s,厚,0,,,67,67,-
302080080,2,I̐s,厚|[,0,,,28,28,-
302080090,2,I̐s,厚y,0,,,64,63,-
302080100,2,I̐s,厚L,0,,,39,24,15
302080110,2,I̐s,厚Ԕ,0,,,59,55,3
302080120,2,I̐s,厚,0,,,141,119,22
302080130,2,I̐s,厚œc,0,,,41,41,-
302080140,2,I̐s,厚v,0,,,292,179,111
302080150,2,I̐s,厚,0,,,270,167,103
302080160,2,I̐s,厚cn,0,,,82,79,2
302080170,2,I̐s,厚Ԗ,0,,,171,140,29
302080180,2,I̐s,厚Ԗ,0,,,74,72,2
302080190,2,I̐s,厚,0,,,99,44,55
302080200,2,I̐s,厚,0,,,37,28,8
302080210,2,I̐s,厚,0,,,218,156,56
302080220,2,I̐s,厚,0,,,147,95,49
302080230,2,I̐s,厚,0,,,60,58,1
302080240,2,I̐s,厚,0,,,432,292,128
302080250,2,I̐s,厚쒆,0,,,123,109,8
302080260,2,I̐s,厚k,0,,,126,123,3
302080270,2,I̐s,厚쐨c,0,,,112,93,19
302080280,2,I̐s,厚kc,0,,,126,86,40
302080290,2,I̐s,厚ds,0,,,40,40,-
302080300,2,I̐s,厚rcV,0,,,62,61,1
302080310,2,I̐s,厚k,0,,,100,100,-
302080320,2,I̐s,厚_,0,,,35,35,-
302080330,2,I̐s,厚Rc,0,,,12,12,-
302080340,2,I̐s,厚Rc,0,,,13,13,-
302080350,2,I̐s,厚_,0,,,7,7,-
302080360,2,I̐s,厚,0,,,7,7,-
302080370,2,I̐s,厚,0,,,-,-,-
302080380,2,I̐s,厚o,0,,,25,25,-
302080390,2,I̐s,厚fJ,0,,,19,19,-
302080400,2,I̐s,厚Lc,0,,,91,84,4
302080410,2,I̐s,厚OJ,0,,,108,108,-
302080420,2,I̐s,厚OJ,0,,,235,204,30
302080430,2,I̐s,厚OJ,0,,,154,97,55
302080440,2,I̐s,厚OJ,0,,,98,44,54
302080450,2,I̐s,厚OJ,0,,,107,106,-
302080460,2,I̐s,厚,0,,,100,71,29
302080470,2,I̐s,厚,0,,,251,163,88
302080480,2,I̐s,厚,0,,,34,33,1
302080490,2,I̐s,厚,0,,,102,75,26
302080500,2,I̐s,厚k,0,,,433,314,112
302080510,2,I̐s,厚Ԕ,0,,,74,66,6
302080520,2,I̐s,厚Øac,0,,,50,48,2
302080530,2,I̐s,厚,0,,,1614,1399,189
302080540,2,I̐s,厚_,0,,,87,82,5
302080550,2,I̐s,厚,0,,,21,21,-
302080560,2,I̐s,厚Ð,0,,,63,63,-
302080570,2,I̐s,厚R,0,,,46,44,1
302080580,2,I̐s,厚,0,,,169,169,-
302080590,2,I̐s,厚c,0,,,118,83,16
302080600,2,I̐s,厚,0,,,109,102,5
302080610,2,I̐s,厚r,0,,,452,436,11
302080620,2,I̐s,厚,0,,,68,68,-
302080630,2,I̐s,厚s,0,,,65,64,-
302080640,2,I̐s,厚_,0,,,17,17,-
302080650,2,I̐s,厚,0,,,159,156,2
302080660,2,I̐s,厚nh,0,,,131,131,-
302080670,2,I̐s,厚OJ,0,,,92,92,-
302080680,2,I̐s,厚OJ,0,,,110,106,4
302080690,2,I̐s,厚쌴,0,,,76,76,-
302080700,2,I̐s,厚,0,,,83,83,-
302080710,2,I̐s,厚쌴,0,,,58,58,-
302080720,2,I̐s,厚ku,0,,,68,68,-
302080730,2,I̐s,厚kc,0,,,88,88,-
302080740,2,I̐s,厚c,0,,,205,194,9
302080750,2,I̐s,厚,0,,,72,72,-
302080760,2,I̐s,厚c,0,,,114,105,2
302080770,2,I̐s,厚[c,0,,,119,116,1
302080780,2,I̐s,厚ʏ,0,,,26,26,-
302080790,2,I̐s,厚,0,,,21,20,1
302080800,2,I̐s,厚u,0,,,139,129,6
302080810,2,I̐s,厚۟,0,,,72,72,-
302080820,2,I̐s,厚۟,0,,,84,84,-
302080830,2,I̐s,厚۟,0,,,81,80,-
302080840,2,I̐s,厚,0,,,72,72,-
30208084016,3,I̐s,厚,0,,,36,36,-
30208084017,3,I̐s,厚,0,,,36,36,-
302080850,2,I̐s,厚,0,,,121,121,-
30208085014,3,I̐s,厚,0,,,9,9,-
30208085015,3,I̐s,厚,0,,,-,-,-
30208085018,3,I̐s,厚,0,,,40,40,-
30208085024,3,I̐s,厚,0,,,37,37,-
30208085025,3,I̐s,厚,0,,,35,35,-
302080860,2,I̐s,厚ؔ,0,,,87,87,-
30208086013,3,I̐s,厚ؔ,0,,,-,-,-
30208086019,3,I̐s,厚ؔ,0,,,30,30,-
30208086020,3,I̐s,厚ؔ,0,,,57,57,-
302080870,2,I̐s,厚艺,0,,,41,41,-
302080880,2,I̐s,厚]쒆,0,,,96,95,-
30208088021,3,I̐s,厚]쒆,0,,,39,39,-
30208088022,3,I̐s,厚]쒆,0,,,36,36,-
30208088026,3,I̐s,厚]쒆,0,,,21,20,-
302080890,2,I̐s,厚R,0,,,87,68,19
30208089027,3,I̐s,厚R,0,,,68,49,19
30208089028,3,I̐s,厚R,0,,,19,19,-
302080900,2,I̐s,厚s,0,,,187,140,9
30208090040,3,I̐s,厚s,0,,,83,40,6
30208090043,3,I̐s,厚s,0,,,39,37,2
30208090044,3,I̐s,厚s,0,,,22,22,-
30208090045,3,I̐s,厚s,0,,,43,41,1
302080910,2,I̐s,厚s,0,,,207,115,5
30208091039,3,I̐s,厚s,0,,,96,66,-
30208091041,3,I̐s,厚s,0,,,78,22,1
30208091042,3,I̐s,厚s,0,,,33,27,4
302080920,2,I̐s,厚s,0,,,47,35,1
302080930,2,I̐s,厚s,0,,,500,391,45
30208093002,3,I̐s,厚s,0,,,29,29,-
30208093003,3,I̐s,厚s,0,,,24,20,4
30208093004,3,I̐s,厚s,0,,,18,18,-
30208093005,3,I̐s,厚s,0,,,37,36,1
30208093006,3,I̐s,厚s,0,,,16,15,1
30208093007,3,I̐s,厚s,0,,,20,19,1
30208093008,3,I̐s,厚s,0,,,40,24,16
30208093009,3,I̐s,厚s,0,,,36,34,2
30208093030,3,I̐s,厚s,0,,,56,13,1
30208093031,3,I̐s,厚s,0,,,57,56,1
30208093032,3,I̐s,厚s,0,,,49,41,6
30208093046,3,I̐s,厚s,0,,,72,47,5
30208093047,3,I̐s,厚s,0,,,46,39,7
302080940,2,I̐s,厚,0,,,52,52,-
302080950,2,I̐s,厚q,0,,,138,111,21
30208095035,3,I̐s,厚q,0,,,66,58,8
30208095036,3,I̐s,厚q,0,,,72,53,13
302080960,2,I̐s,厚,0,,,266,209,57
30208096037,3,I̐s,厚,0,,,137,88,49
30208096038,3,I̐s,厚,0,,,129,121,8
302080970,2,I̐s,厚c,0,,,168,159,-
302080980,2,I̐s,厚萼,0,,,200,155,45
30208098010,3,I̐s,厚萼,0,,,84,47,37
30208098011,3,I̐s,厚萼,0,,,61,53,8
30208098033,3,I̐s,厚萼,0,,,55,55,-
302080990,2,I̐s,厚kO,0,,,101,95,6
30208099049,3,I̐s,厚kO,0,,,34,30,4
30208099050,3,I̐s,厚kO,0,,,22,22,-
30208099051,3,I̐s,厚kO,0,,,45,43,2
302081000,2,I̐s,厚Ò,0,,,61,57,4
30208100054,3,I̐s,厚Ò,0,,,30,28,2
30208100055,3,I̐s,厚Ò,0,,,31,29,2
30208100057,3,I̐s,厚Ò,0,,,-,-,-
30208100058,3,I̐s,厚Ò,0,,,-,-,-
30208100061,3,I̐s,厚Ò,0,,,-,-,-
302081010,2,I̐s,厚e,0,,,156,156,-
30208101047,3,I̐s,厚e,0,,,49,49,-
30208101048,3,I̐s,厚e,0,,,107,107,-
30208101056,3,I̐s,厚e,0,,,-,-,-
302081020,2,I̐s,厚J,0,,,54,53,1
30208102052,3,I̐s,厚J,0,,,-,-,-
30208102053,3,I̐s,厚J,0,,,26,26,-
30208102060,3,I̐s,厚J,0,,,28,27,1
302081030,2,I̐s,厚ԏc,0,,,29,29,-
30208103059,3,I̐s,厚ԏc,0,,,11,11,-
30208103062,3,I̐s,厚ԏc,0,,,18,18,-
302081040,2,I̐s,厚s,0,,,348,296,46
302081050,2,I̐s,厚,0,,,341,270,67
302081060,2,I̐s,厚i,0,,,139,139,-
302081070,2,I̐s,厚iVc,0,,,110,108,-
302081080,2,I̐s,厚iVc,0,,,84,78,5
302081090,2,I̐s,厚_c,0,,,146,144,1
302081100,2,I̐s,厚_c,0,,,43,42,-
302081110,2,I̐s,厚ŏ,0,,,245,237,5
302081120,2,I̐s,厚ŏ,0,,,67,67,-
302081130,2,I̐s,厚ŏ,0,,,65,47,18
302081140,2,I̐s,厚,0,,,121,102,19
302081150,2,I̐s,厚,0,,,159,142,1
302081160,2,I̐s,厚,0,,,166,165,1
302081170,2,I̐s,厚,0,,,94,89,1
302081180,2,I̐s,厚,0,,,14,14,-
302081190,2,I̐s,厚匴,0,,,39,39,-
302081200,2,I̐s,厚Pc,0,,,63,63,-
302081210,2,I̐s,厚,0,,,31,31,-
302081220,2,I̐s,厚,0,,,19,19,-
302081230,2,I̐s,厚,0,,,16,16,-
302081240,2,I̐s,厚,0,,,16,16,-
302081250,2,I̐s,厚c,0,,,37,37,-
302081260,2,I̐s,厚c,0,,,41,40,1
302081270,2,I̐s,厚eJ,0,,,12,12,-
302081280,2,I̐s,厚_,0,,,21,21,-
302081290,2,I̐s,厚,1,,1300,23,23,-
302081300,2,I̐s,厚,2,1290,,X,X,X
302081310,2,I̐s,厚_c,0,,,56,53,3
302081320,2,I̐s,厚ŏ,0,,,50,-,-
302081330,2,I̐s,厚ŏ,0,,,43,41,2
302081340,2,I̐s,厚Oc,0,,,445,413,27
302081350,2,I̐s,厚,0,,,302,290,4
302081360,2,I̐s,厚R,0,,,198,159,37
302081370,2,I̐s,厚_,0,,,780,617,151
302081380,2,I̐s,厚,0,,,448,392,53
30208138001,3,I̐s,厚,0,,,259,217,40
30208138002,3,I̐s,厚,0,,,189,175,13
302081390,2,I̐s,厚m,0,,,656,646,9
30208139001,3,I̐s,厚m,0,,,491,483,8
30208139002,3,I̐s,厚m,0,,,165,163,1
302081400,2,I̐s,厚,0,,,43,41,2
302081410,2,I̐s,厚ݏ,0,,,99,97,2
302081420,2,I̐s,厚k,0,,,347,334,10
302081430,2,I̐s,厚,0,,,700,637,55
30208143001,3,I̐s,厚,0,,,402,345,52
30208143002,3,I̐s,厚,0,,,298,292,3
302081440,2,I̐s,厚R,0,,,1095,812,74
30208144001,3,I̐s,厚R,0,,,268,198,64
30208144002,3,I̐s,厚R,0,,,827,614,10
302081450,2,I̐s,厚R,0,,,189,179,9
302081460,2,I̐s,厚݋{,0,,,699,645,49
302081470,2,I̐s,厚,0,,,88,87,1
302081480,2,I̐s,厚kR,0,,,300,289,10
302081490,2,I̐s,厚ې,0,,,966,809,144
30208149001,3,I̐s,厚ې,0,,,290,227,62
30208149002,3,I̐s,厚ې,0,,,245,224,20
30208149003,3,I̐s,厚ې,0,,,257,187,59
30208149004,3,I̐s,厚ې,0,,,174,171,3
30209,1,os,,0,,,20653,15767,4322
302090010,2,os,厚c,0,,,983,678,280
302090020,2,os,厚a,0,,,353,159,184
302090030,2,os,厚咬,0,,,78,73,3
302090040,2,os,厚,0,,,566,297,244
302090050,2,os,厚,0,,,595,362,209
302090060,2,os,厚{,0,,,153,108,42
302090070,2,os,厚,0,,,313,199,109
302090080,2,os,厚,0,,,122,100,22
302090090,2,os,厚O,0,,,21,21,-
302090100,2,os,厚D,0,,,138,129,9
302090110,2,os,厚R,0,,,194,174,20
302090120,2,os,厚,0,,,606,480,116
302090130,2,os,厚,0,,,852,680,157
302090140,2,os,厚gc,0,,,1020,760,85
302090150,2,os,厚R,0,,,1254,997,242
302090160,2,os,厚J,0,,,23,23,-
302090170,2,os,厚J,0,,,644,474,162
302090180,2,os,厚,0,,,10,10,-
302090190,2,os,厚,0,,,142,90,51
302090200,2,os,厚r,0,,,769,531,226
302090210,2,os,厚E,0,,,62,59,2
302090220,2,os,厚Ԋ_,0,,,104,93,10
302090230,2,os,厚g,0,,,283,131,134
302090240,2,os,厚],0,,,632,548,72
302090250,2,os,厚,0,,,521,416,101
302090260,2,os,厚,0,,,222,171,38
302090270,2,os,厚,0,,,1090,933,145
302090280,2,os,厚X,0,,,398,287,102
302090290,2,os,厚x,0,,,194,115,73
302090300,2,os,厚,0,,,304,275,25
302090310,2,os,厚K,0,,,447,295,125
302090320,2,os,厚,0,,,552,503,45
302090330,2,os,厚,0,,,8,8,-
302090340,2,os,厚t{,0,,,583,335,236
302090350,2,os,厚,0,,,689,458,218
302090360,2,os,厚,0,,,917,727,176
302090370,2,os,厚,0,,,528,510,12
302090380,2,os,厚Rc,0,,,294,252,36
302090390,2,os,厚kr,0,,,554,397,149
302090400,2,os,厚r,0,,,329,268,55
302090410,2,os,厚{,0,,,300,156,141
302090420,2,os,厚VcL,0,,,698,612,72
302090430,2,os,厚,0,,,1013,818,173
302090440,2,os,厚I,0,,,670,639,12
302090450,2,os,厚,0,,,425,416,9
30304,1,CSI쒬,,0,,,3710,3279,204
303040010,2,CSI쒬,X,0,,,697,592,47
303040020,2,CSI쒬,,0,,,527,451,43
303040030,2,CSI쒬,,0,,,532,443,35
303040040,2,CSI쒬,Ė,0,,,67,66,1
303040050,2,CSI쒬,J,0,,,122,119,1
303040060,2,CSI쒬,g,0,,,95,84,5
303040070,2,CSI쒬,,0,,,143,124,7
303040080,2,CSI쒬,X,0,,,30,30,-
303040090,2,CSI쒬,c,0,,,34,34,-
303040100,2,CSI쒬,~{,0,,,39,36,2
303040110,2,CSI쒬,{,0,,,31,29,1
303040120,2,CSI쒬,,0,,,32,32,-
303040130,2,CSI쒬,,0,,,53,50,2
303040140,2,CSI쒬,,0,,,27,26,1
303040150,2,CSI쒬,,0,,,37,31,2
303040160,2,CSI쒬,،,0,,,15,15,-
303040170,2,CSI쒬,c,0,,,150,137,12
303040180,2,CSI쒬,_s,0,,,51,45,2
303040190,2,CSI쒬,_s,0,,,28,26,2
303040200,2,CSI쒬,_s,0,,,36,27,7
303040210,2,CSI쒬,_s,0,,,33,25,2
303040220,2,CSI쒬,쒆,0,,,61,54,-
303040230,2,CSI쒬,,0,,,63,49,-
303040240,2,CSI쒬,씨,0,,,12,11,1
303040250,2,CSI쒬,Z,0,,,21,20,1
303040260,2,CSI쒬,,0,,,28,27,1
303040270,2,CSI쒬,iJ,0,,,17,17,-
303040280,2,CSI쒬,P,0,,,14,14,-
303040290,2,CSI쒬,O,0,,,57,55,2
303040300,2,CSI쒬,p,0,,,35,31,3
303040310,2,CSI쒬,Ð,1,,0320,45,42,2
303040320,2,CSI쒬,Y,2,0310,,X,X,X
303040330,2,CSI쒬,,0,,,40,36,4
303040340,2,CSI쒬,Ԗ,0,,,17,16,1
303040350,2,CSI쒬,,0,,,8,8,-
303040360,2,CSI쒬,j,0,,,11,11,-
303040370,2,CSI쒬,,0,,,7,7,-
303040380,2,CSI쒬,P,0,,,17,14,3
303040390,2,CSI쒬,,0,,,7,6,1
303040400,2,CSI쒬,c,0,,,28,25,3
303040410,2,CSI쒬,J,0,,,22,22,-
303040420,2,CSI쒬,,0,,,22,21,1
303040430,2,CSI쒬,m,0,,,9,9,-
303040440,2,CSI쒬,ь,0,,,25,24,1
303040450,2,CSI쒬,,0,,,23,23,-
303040460,2,CSI쒬,ь,0,,,44,40,2
303040470,2,CSI쒬,ь{,0,,,64,49,2
303040480,2,CSI쒬,ь,0,,,29,28,1
303040490,2,CSI쒬,J{,0,,,47,46,-
303040500,2,CSI쒬,䉁,0,,,38,38,-
303040510,2,CSI쒬,_,0,,,16,16,-
303040520,2,CSI쒬,^{,0,,,26,24,-
303040530,2,CSI쒬,ØC,0,,,16,15,1
303040540,2,CSI쒬,Ԗ쌴,0,,,9,9,-
303040550,2,CSI쒬,J,0,,,4,4,-
303040560,2,CSI쒬,k,0,,,11,11,-
303040570,2,CSI쒬,~,1,,0580,26,24,2
303040580,2,CSI쒬,J,2,0570,,X,X,X
303040590,2,CSI쒬,l,0,,,12,11,-
30341,1,ɓsS炬,,0,,,6261,5264,444
303410010,2,ɓsS炬,厚c,0,,,139,124,1
303410020,2,ɓsS炬,厚,0,,,24,24,-
303410030,2,ɓsS炬,厚wmR,0,,,28,28,-
303410040,2,ɓsS炬,厚E,0,,,34,33,-
303410050,2,ɓsS炬,厚,1,,005000;005001,64,63,1
30341005000,3,ɓsS炬,厚,2,0050,,X,X,X
30341005001,3,ɓsS炬,厚,2,0050,,X,X,X
303410060,2,ɓsS炬,厚}c,0,,,209,199,8
30341006000,3,ɓsS炬,厚}c,0,,,90,86,3
30341006001,3,ɓsS炬,厚}c,0,,,119,113,5
303410070,2,ɓsS炬,厚}c,0,,,806,586,82
30341007001,3,ɓsS炬,厚}c,0,,,132,99,30
30341007002,3,ɓsS炬,厚}c,0,,,257,247,7
30341007003,3,ɓsS炬,厚}c,0,,,271,223,44
30341007004,3,ɓsS炬,厚}c,0,,,8,8,-
30341007018,3,ɓsS炬,厚}c,0,,,138,9,1
303410080,2,ɓsS炬,厚,0,,,440,329,35
30341008003,3,ɓsS炬,厚,0,,,165,157,7
30341008004,3,ɓsS炬,厚,0,,,268,170,23
30341008018,3,ɓsS炬,厚,0,,,7,2,5
303410090,2,ɓsS炬,厚LY,0,,,16,16,-
303410100,2,ɓsS炬,厚J,0,,,271,219,22
303410110,2,ɓsS炬,厚gq,0,,,47,36,11
303410120,2,ɓsS炬,厚M,0,,,130,130,-
303410130,2,ɓsS炬,厚,0,,,115,114,-
303410140,2,ɓsS炬,厚m,0,,,707,508,80
30341014005,3,ɓsS炬,厚m,0,,,12,12,-
30341014006,3,ɓsS炬,厚m,0,,,145,132,12
30341014007,3,ɓsS炬,厚m,0,,,545,359,68
30341014008,3,ɓsS炬,厚m,0,,,5,5,-
303410150,2,ɓsS炬,厚Vc,0,,,120,103,7
30341015005,3,ɓsS炬,厚Vc,1,,015006,29,26,2
30341015006,3,ɓsS炬,厚Vc,2,015005,,X,X,X
30341015007,3,ɓsS炬,厚Vc,0,,,48,39,-
30341015008,3,ɓsS炬,厚Vc,0,,,43,38,5
303410160,2,ɓsS炬,厚,0,,,889,718,117
30341016008,3,ɓsS炬,厚,0,,,334,253,44
30341016009,3,ɓsS炬,厚,0,,,385,316,59
30341016010,3,ɓsS炬,厚,0,,,86,85,1
30341016011,3,ɓsS炬,厚,0,,,12,12,-
30341016018,3,ɓsS炬,厚,0,,,72,52,13
303410170,2,ɓsS炬,厚э~,0,,,370,331,38
30341017010,3,ɓsS炬,厚э~,0,,,298,267,30
30341017011,3,ɓsS炬,厚э~,0,,,72,64,8
303410180,2,ɓsS炬,厚э~,0,,,99,91,7
303410190,2,ɓsS炬,厚Z,0,,,64,64,-
303410200,2,ɓsS炬,厚唨,0,,,8,8,-
303410210,2,ɓsS炬,厚ac,0,,,242,170,18
30341021011,3,ɓsS炬,厚ac,0,,,59,58,-
30341021012,3,ɓsS炬,厚ac,0,,,183,112,18
303410220,2,ɓsS炬,厚,0,,,31,31,-
303410230,2,ɓsS炬,厚,0,,,16,16,-
303410240,2,ɓsS炬,厚R,0,,,15,15,-
303410250,2,ɓsS炬,厚䏊,0,,,39,38,-
303410260,2,ɓsS炬,厚,0,,,38,38,-
303410270,2,ɓsS炬,厚ac,0,,,291,271,5
30341027013,3,ɓsS炬,厚ac,0,,,55,53,-
30341027014,3,ɓsS炬,厚ac,0,,,212,206,3
30341027015,3,ɓsS炬,厚ac,0,,,13,12,1
30341027018,3,ɓsS炬,厚ac,0,,,11,-,1
303410280,2,ɓsS炬,厚{{,0,,,16,16,-
303410290,2,ɓsS炬,厚c,0,,,31,30,1
30341029014,3,ɓsS炬,厚c,0,,,19,19,-
30341029015,3,ɓsS炬,厚c,0,,,12,11,1
303410300,2,ɓsS炬,厚,0,,,51,51,-
303410310,2,ɓsS炬,厚Z,0,,,59,58,-
303410320,2,ɓsS炬,厚OJ,0,,,168,166,1
303410330,2,ɓsS炬,厚ǎ,0,,,47,46,1
303410340,2,ɓsS炬,厚R,0,,,47,45,1
303410350,2,ɓsS炬,厚u,0,,,80,76,1
303410360,2,ɓsS炬,厚V,0,,,25,25,-
303410370,2,ɓsS炬,厚V,0,,,68,65,3
303410380,2,ɓsS炬,厚_c,0,,,5,5,-
303410390,2,ɓsS炬,厚V,0,,,52,47,1
303410400,2,ɓsS炬,厚L,0,,,66,66,-
30341040016,3,ɓsS炬,厚L,0,,,22,22,-
30341040017,3,ɓsS炬,厚L,0,,,44,44,-
303410410,2,ɓsS炬,厚,1,,041016;041017,47,47,-
30341041016,3,ɓsS炬,厚,2,0410,,X,X,X
30341041017,3,ɓsS炬,厚,2,0410,,X,X,X
303410420,2,ɓsS炬,厚,0,,,46,46,-
303410430,2,ɓsS炬,厚J,0,,,35,34,1
30341043017,3,ɓsS炬,厚J,0,,,17,16,1
30341043018,3,ɓsS炬,厚J,0,,,18,18,-
303410440,2,ɓsS炬,ԉ,0,,,120,97,1
303410450,2,ɓsS炬,ԉkE,0,,,12,11,1
303410460,2,ɓsS炬,ԉVq,1,,0470,20,16,-
303410470,2,ɓsS炬,ԉv,2,0460,,X,X,X
303410480,2,ɓsS炬,ԉ,0,,,14,14,-
30343,1,ɓsSxR,,0,,,1634,1368,67
303430010,2,ɓsSxR,R[h0010̌v,0,,,856,607,57
30343001001,3,ɓsSxR,厚xR,0,,,56,7,-
30343001002,3,ɓsSxR,厚xR,0,,,70,3,3
30343001003,3,ɓsSxR,厚xR,1,,001016,188,164,20
30343001004,3,ɓsSxR,厚xR,0,,,72,67,-
30343001005,3,ɓsSxR,厚xR,0,,,42,41,-
30343001006,3,ɓsSxR,厚xR,0,,,28,26,1
30343001007,3,ɓsSxR,厚xR,0,,,25,25,-
30343001008,3,ɓsSxR,厚xR,0,,,19,18,1
30343001009,3,ɓsSxR,厚xR,0,,,21,20,1
30343001010,3,ɓsSxR,厚xR,0,,,26,20,5
30343001011,3,ɓsSxR,厚xR,0,,,24,24,-
30343001012,3,ɓsSxR,厚xR,0,,,48,36,12
30343001013,3,ɓsSxR,厚xR,0,,,38,34,3
30343001014,3,ɓsSxR,厚xR,0,,,42,39,2
30343001015,3,ɓsSxR,厚xR,0,,,25,22,3
30343001016,3,ɓsSxR,厚xR,2,001003,,X,X,X
30343001017,3,ɓsSxR,厚,0,,,34,22,5
30343001018,3,ɓsSxR,厚xR,0,,,98,39,1
303430020,2,ɓsSxR,厚,0,,,90,90,-
30343002001,3,ɓsSxR,厚,0,,,39,39,-
30343002002,3,ɓsSxR,厚,0,,,51,51,-
303430030,2,ɓsSxR,厚@,0,,,122,121,-
30343003001,3,ɓsSxR,厚@,0,,,95,94,-
30343003002,3,ɓsSxR,厚@,0,,,27,27,-
303430040,2,ɓsSxR,厚ŏo,0,,,109,108,-
30343004001,3,ɓsSxR,厚ŏo,0,,,56,56,-
30343004002,3,ɓsSxR,厚ŏo,0,,,44,43,-
30343004003,3,ɓsSxR,厚ŏo,0,,,9,9,-
303430050,2,ɓsSxR,厚Ñ,0,,,119,118,-
30343005001,3,ɓsSxR,厚Ñ,0,,,50,50,-
30343005002,3,ɓsSxR,厚Ñ,0,,,69,68,-
303430060,2,ɓsSxR,厚Ñ,0,,,67,66,1
303430070,2,ɓsSxR,厚Ñ,0,,,65,65,-
303430080,2,ɓsSxR,厚},0,,,12,12,-
303430090,2,ɓsSxR,厚͍,0,,,116,112,1
30343009001,3,ɓsSxR,厚͍,0,,,30,29,-
30343009003,3,ɓsSxR,厚͍,0,,,39,39,-
30343009005,3,ɓsSxR,厚͍,0,,,28,26,-
30343009007,3,ɓsSxR,厚͍,0,,,19,18,1
303430100,2,ɓsSxR,厚O,0,,,27,27,-
30343010001,3,ɓsSxR,厚O,0,,,10,10,-
30343010002,3,ɓsSxR,厚O,0,,,17,17,-
303430110,2,ɓsSxR,厚k,1,,011001;011002,8,7,1
30343011001,3,ɓsSxR,厚k,2,0110,,X,X,X
30343011002,3,ɓsSxR,厚k,2,0110,,X,X,X
303430120,2,ɓsSxR,厚,0,,,43,35,7
30344,1,ɓsS쒬,,0,,,1384,936,149
303440010,2,ɓsS쒬,厚R,0,,,972,548,147
30344001001,3,ɓsS쒬,厚R,0,,,191,127,38
30344001002,3,ɓsS쒬,厚R,0,,,37,27,10
30344001003,3,ɓsS쒬,厚R,0,,,46,34,10
30344001004,3,ɓsS쒬,厚R,0,,,25,22,-
30344001005,3,ɓsS쒬,厚R,0,,,36,31,5
30344001006,3,ɓsS쒬,厚R,0,,,10,10,-
30344001007,3,ɓsS쒬,厚R,0,,,30,20,7
30344001008,3,ɓsS쒬,厚R,0,,,22,11,9
30344001009,3,ɓsS쒬,厚R,0,,,23,17,5
30344001010,3,ɓsS쒬,厚R,0,,,31,17,2
30344001011,3,ɓsS쒬,厚R,0,,,18,6,2
30344001012,3,ɓsS쒬,厚R,0,,,27,12,14
30344001013,3,ɓsS쒬,厚R,0,,,32,15,17
30344001014,3,ɓsS쒬,厚R,0,,,83,60,12
30344001015,3,ɓsS쒬,厚R,0,,,42,38,3
30344001016,3,ɓsS쒬,厚R,0,,,49,36,5
30344001017,3,ɓsS쒬,厚R,0,,,35,19,3
30344001018,3,ɓsS쒬,厚R,0,,,235,46,5
303440020,2,ɓsS쒬,厚,0,,,31,30,-
30344002019,3,ɓsS쒬,厚,0,,,18,18,-
30344002020,3,ɓsS쒬,厚,0,,,13,12,-
303440030,2,ɓsS쒬,厚א,0,,,48,34,1
30344003021,3,ɓsS쒬,厚א,0,,,39,26,-
30344003022,3,ɓsS쒬,厚א,0,,,9,8,1
303440040,2,ɓsS쒬,厚ԍ,0,,,55,49,1
303440050,2,ɓsS쒬,厚,0,,,12,12,-
30344005024,3,ɓsS쒬,厚,0,,,5,5,-
30344005025,3,ɓsS쒬,厚,0,,,7,7,-
303440060,2,ɓsS쒬,厚mY,0,,,13,13,-
303440070,2,ɓsS쒬,厚,0,,,7,7,-
303440080,2,ɓsS쒬,厚P,2,0090,,X,X,X
303440090,2,ɓsS쒬,厚,1,,0080,5,4,-
303440100,2,ɓsS쒬,厚,0,,,8,8,-
303440110,2,ɓsS쒬,厚,0,,,-,-,-
303440120,2,ɓsS쒬,厚~,2,0140,,X,X,X
303440130,2,ɓsS쒬,厚,2,0140,,X,X,X
303440140,2,ɓsS쒬,厚PM,1,,0120;0130,9,9,-
303440150,2,ɓsS쒬,厚xM,0,,,115,114,-
303440160,2,ɓsS쒬,厚xM,0,,,69,68,-
303440170,2,ɓsS쒬,厚㓛,0,,,23,23,-
303440180,2,ɓsS쒬,厚,0,,,8,8,-
303440190,2,ɓsS쒬,厚,0,,,9,9,-
30361,1,LcS,,0,,,4711,3515,678
303610010,2,LcS,厚,0,,,2911,1973,517
30361001001,3,LcS,厚,0,,,161,86,22
30361001002,3,LcS,厚,0,,,68,58,9
30361001003,3,LcS,厚,0,,,75,71,4
30361001004,3,LcS,厚,0,,,78,72,5
30361001005,3,LcS,厚,0,,,37,22,14
30361001006,3,LcS,厚,0,,,46,39,6
30361001007,3,LcS,厚,0,,,27,27,-
30361001008,3,LcS,厚,0,,,47,36,10
30361001009,3,LcS,厚,0,,,90,78,11
30361001011,3,LcS,厚,0,,,29,27,2
30361001012,3,LcS,厚,0,,,68,64,3
30361001013,3,LcS,厚,0,,,15,15,-
30361001014,3,LcS,厚,0,,,29,22,6
30361001016,3,LcS,厚,0,,,107,76,29
30361001017,3,LcS,厚,0,,,153,90,11
30361001018,3,LcS,厚,0,,,55,46,9
30361001019,3,LcS,厚,0,,,124,94,30
30361001020,3,LcS,厚,0,,,35,14,-
30361001021,3,LcS,厚,0,,,52,31,8
30361001022,3,LcS,厚,0,,,55,42,13
30361001023,3,LcS,厚,0,,,84,67,17
30361001024,3,LcS,厚,0,,,96,59,37
30361001025,3,LcS,厚,0,,,89,76,13
30361001026,3,LcS,厚,0,,,46,22,24
30361001027,3,LcS,厚,0,,,106,21,-
30361001028,3,LcS,厚,0,,,37,20,-
30361001029,3,LcS,厚,0,,,93,41,1
30361001031,3,LcS,厚,0,,,14,14,-
30361001034,3,LcS,厚,0,,,317,217,95
30361001042,3,LcS,厚,0,,,42,-,-
30361001043,3,LcS,厚,0,,,166,77,25
30361001044,3,LcS,厚,0,,,47,34,13
30361001045,3,LcS,厚,0,,,33,30,2
30361001046,3,LcS,厚,0,,,154,125,27
30361001047,3,LcS,厚,0,,,114,71,38
30361001048,3,LcS,厚,0,,,122,89,33
303610020,2,LcS,厚ʏ,0,,,242,177,53
303610030,2,LcS,厚,0,,,297,251,31
303610040,2,LcS,厚Rc,0,,,199,132,11
303610050,2,LcS,厚c,0,,,274,272,1
303610060,2,LcS,厚,0,,,549,502,35
30361006037,3,LcS,厚,0,,,338,322,7
30361006039,3,LcS,厚,0,,,138,118,17
30361006041,3,LcS,厚,0,,,73,62,11
303610070,2,LcS,厚g,0,,,239,208,30
30362,1,LcSL쒬,,0,,,2479,2051,213
303620010,2,LcSL쒬,厚L,0,,,1178,820,175
30362001000,3,LcSL쒬,厚L,0,,,30,29,1
30362001001,3,LcSL쒬,厚L,0,,,29,26,3
30362001002,3,LcSL쒬,厚L,0,,,30,27,2
30362001003,3,LcSL쒬,厚L,0,,,14,14,-
30362001004,3,LcSL쒬,厚L,0,,,-,-,-
30362001005,3,LcSL쒬,厚L,0,,,70,57,13
30362001006,3,LcSL쒬,厚L,0,,,156,135,21
30362001007,3,LcSL쒬,厚L,0,,,65,31,34
30362001008,3,LcSL쒬,厚L,0,,,70,47,16
30362001009,3,LcSL쒬,厚L,0,,,58,43,14
30362001010,3,LcSL쒬,厚L,0,,,148,124,24
30362001011,3,LcSL쒬,厚L,0,,,44,27,3
30362001012,3,LcSL쒬,厚L,0,,,43,34,4
30362001013,3,LcSL쒬,厚L,0,,,75,55,-
30362001014,3,LcSL쒬,厚L,0,,,35,25,3
30362001015,3,LcSL쒬,厚L,0,,,131,67,28
30362001016,3,LcSL쒬,厚L,0,,,77,27,6
30362001017,3,LcSL쒬,厚L,0,,,58,9,1
30362001018,3,LcSL쒬,厚L,0,,,45,43,2
303620020,2,LcSL쒬,厚ac,0,,,46,23,3
303620030,2,LcSL쒬,厚,0,,,124,123,-
303620040,2,LcSL쒬,厚L,0,,,125,124,-
303620050,2,LcSL쒬,厚R{,0,,,167,164,1
30362005000,3,LcSL쒬,厚R{,0,,,50,48,1
30362005001,3,LcSL쒬,厚R{,0,,,117,116,-
303620060,2,LcSL쒬,厚㒆,0,,,175,173,2
303620070,2,LcSL쒬,厚,0,,,69,68,1
303620080,2,LcSL쒬,厚a,0,,,41,40,-
303620090,2,LcSL쒬,厚,0,,,43,43,-
303620100,2,LcSL쒬,厚,0,,,96,74,21
303620110,2,LcSL쒬,厚,0,,,31,31,-
303620120,2,LcSL쒬,厚,0,,,79,78,-
303620130,2,LcSL쒬,厚͐,0,,,19,19,-
303620140,2,LcSL쒬,厚Oc,0,,,67,57,9
303620150,2,LcSL쒬,厚Ö,0,,,122,117,1
30362015000,3,LcSL쒬,厚Ö,0,,,20,20,-
30362015001,3,LcSL쒬,厚Ö,0,,,67,62,1
30362015002,3,LcSL쒬,厚Ö,0,,,18,18,-
30362015003,3,LcSL쒬,厚Ö,0,,,17,17,-
303620160,2,LcSL쒬,厚Ö,0,,,97,97,-
30362016000,3,LcSL쒬,厚Ö,0,,,32,32,-
30362016001,3,LcSL쒬,厚Ö,0,,,58,58,-
30362016002,3,LcSL쒬,厚Ö,0,,,7,7,-
303620170,2,LcSL쒬,,0,,,-,-,-
30366,1,LcSLc쒬,,0,,,9361,7965,1001
303660010,2,LcSLc쒬,厚V,0,,,416,287,124
303660020,2,LcSLc쒬,厚Ö,0,,,749,632,109
30366002003,3,LcSLc쒬,厚Ö,0,,,246,222,19
30366002004,3,LcSLc쒬,厚Ö,0,,,279,248,30
30366002005,3,LcSLc쒬,厚Ö,0,,,224,162,60
303660060,2,LcSLc쒬,厚A,0,,,143,115,26
303660070,2,LcSLc쒬,厚y,0,,,185,154,30
303660080,2,LcSLc쒬,厚,0,,,161,149,9
303660090,2,LcSLc쒬,厚K,0,,,558,343,201
303660100,2,LcSLc쒬,厚F,0,,,143,122,18
303660110,2,LcSLc쒬,厚,0,,,203,151,36
303660120,2,LcSLc쒬,厚c,0,,,184,133,45
303660130,2,LcSLc쒬,厚,0,,,128,84,43
303660210,2,LcSLc쒬,厚ꔨ,0,,,7,7,-
303660220,2,LcSLc쒬,厚c,0,,,104,102,-
303660230,2,LcSLc쒬,厚J,0,,,51,50,-
303660240,2,LcSLc쒬,厚,0,,,80,78,1
303660250,2,LcSLc쒬,厚,0,,,107,106,1
303660260,2,LcSLc쒬,厚cp,0,,,22,21,1
303660270,2,LcSLc쒬,厚D,0,,,50,48,2
303660280,2,LcSLc쒬,厚J,0,,,6,6,-
303660290,2,LcSLc쒬,厚o,0,,,61,51,9
303660300,2,LcSLc쒬,厚,0,,,47,44,1
303660310,2,LcSLc쒬,厚p,0,,,52,50,1
303660320,2,LcSLc쒬,厚c,0,,,96,89,1
303660330,2,LcSLc쒬,厚㒆,0,,,150,133,16
303660410,2,LcSLc쒬,厚c,0,,,658,500,100
30366041001,3,LcSLc쒬,厚c,0,,,241,203,37
30366041002,3,LcSLc쒬,厚c,0,,,160,129,29
30366041003,3,LcSLc쒬,厚c,0,,,132,97,32
30366041004,3,LcSLc쒬,厚c,0,,,125,71,2
303660420,2,LcSLc쒬,厚,0,,,545,439,81
30366042000,3,LcSLc쒬,厚,0,,,545,439,81
30366042001,3,LcSLc쒬,厚,0,,,-,-,-
303660450,2,LcSLc쒬,厚_q,0,,,130,90,16
303660460,2,LcSLc쒬,厚O},0,,,67,67,-
303660470,2,LcSLc쒬,厚O},0,,,75,74,1
303660480,2,LcSLc쒬,厚g,0,,,42,42,-
303660490,2,LcSLc쒬,厚g,0,,,378,342,3
303660500,2,LcSLc쒬,厚,0,,,41,41,-
303660510,2,LcSLc쒬,厚C,0,,,56,50,2
303660520,2,LcSLc쒬,厚F,0,,,18,18,-
303660530,2,LcSLc쒬,厚,0,,,34,34,-
303660540,2,LcSLc쒬,厚쎛,0,,,54,54,-
303660550,2,LcSLc쒬,厚r,0,,,35,35,-
303660560,2,LcSLc쒬,gc,0,,,124,122,1
303660570,2,LcSLc쒬,厚,0,,,182,176,6
303660580,2,LcSLc쒬,厚,0,,,70,62,8
303660590,2,LcSLc쒬,厚s,0,,,127,120,7
303660600,2,LcSLc쒬,厚䌴,0,,,191,173,12
303660610,2,LcSLc쒬,厚,0,,,332,277,48
303660620,2,LcSLc쒬,厚J,0,,,86,85,1
303660630,2,LcSLc쒬,厚,0,,,53,53,-
303660640,2,LcSLc쒬,厚,0,,,74,65,1
303660650,2,LcSLc쒬,厚J,0,,,21,21,-
303660660,2,LcSLc쒬,厚,0,,,20,20,-
303660670,2,LcSLc쒬,厚FP,0,,,18,18,-
303660680,2,LcSLc쒬,厚,0,,,19,19,-
303660690,2,LcSLc쒬,厚,0,,,15,14,-
303660700,2,LcSLc쒬,厚P,0,,,63,61,-
303660710,2,LcSLc쒬,厚P,0,,,46,45,-
303660720,2,LcSLc쒬,厚,0,,,36,36,-
303660730,2,LcSLc쒬,厚,0,,,28,28,-
303660740,2,LcSLc쒬,厚{,0,,,8,7,1
303660750,2,LcSLc쒬,厚L,0,,,22,22,-
303660760,2,LcSLc쒬,厚c,0,,,37,37,-
303660770,2,LcSLc쒬,厚c,0,,,40,40,-
303660780,2,LcSLc쒬,厚,0,,,21,20,-
303660790,2,LcSLc쒬,厚吼,0,,,12,12,-
303660800,2,LcSLc쒬,厚,0,,,12,12,-
303660810,2,LcSLc쒬,厚,0,,,20,20,-
303660820,2,LcSLc쒬,厚,0,,,62,62,-
303660830,2,LcSLc쒬,厚O,0,,,63,63,-
303660840,2,LcSLc쒬,厚,0,,,132,104,3
303660850,2,LcSLc쒬,厚Z,0,,,33,18,4
303660860,2,LcSLc쒬,厚,0,,,25,25,-
303660870,2,LcSLc쒬,厚,0,,,32,32,-
303660880,2,LcSLc쒬,厚Z,0,,,24,24,-
303660890,2,LcSLc쒬,厚Z,0,,,6,6,-
303660900,2,LcSLc쒬,厚,0,,,148,129,3
303660910,2,LcSLc쒬,厚,0,,,25,23,1
303660920,2,LcSLc쒬,厚썇,0,,,26,20,-
303660930,2,LcSLc쒬,厚,0,,,25,25,-
303660940,2,LcSLc쒬,厚k,0,,,12,12,-
303660950,2,LcSLc쒬,厚O,0,,,14,14,-
303660960,2,LcSLc쒬,厚J,0,,,26,26,-
303660970,2,LcSLc쒬,厚,0,,,152,121,3
303660980,2,LcSLc쒬,厚,0,,,26,26,-
303660990,2,LcSLc쒬,厚,0,,,21,20,-
303661000,2,LcSLc쒬,厚{,0,,,69,64,-
303661010,2,LcSLc쒬,厚,0,,,36,36,-
303661020,2,LcSLc쒬,厚,0,,,27,27,-
303661030,2,LcSLc쒬,厚Oc,0,,,42,37,5
303661040,2,LcSLc쒬,厚{,0,,,20,18,-
303661050,2,LcSLc쒬,厚呠,0,,,13,13,-
303661060,2,LcSLc쒬,厚,0,,,397,340,15
303661070,2,LcSLc쒬,厚,0,,,50,50,-
303661080,2,LcSLc쒬,厚㓒,0,,,17,17,-
303661090,2,LcSLc쒬,厚v쌴,0,,,153,145,3
303661100,2,LcSLc쒬,厚J,0,,,13,13,-
303661110,2,LcSLc쒬,厚,0,,,4,4,-
303661120,2,LcSLc쒬,厚,0,,,55,49,2
303661130,2,LcSLc쒬,厚쌴,0,,,45,43,-
303661140,2,LcSLc쒬,厚,0,,,31,29,-
303661150,2,LcSLc쒬,厚J,0,,,24,24,-
30381,1,Sl,,0,,,2934,2340,377
303810010,2,Sl,厚ac,0,,,1281,913,212
30381001000,3,Sl,厚ac,0,,,1052,738,162
30381001001,3,Sl,厚ac,0,,,229,175,50
303810020,2,Sl,厚g,0,,,828,668,109
30381002000,3,Sl,厚g,0,,,437,337,62
30381002001,3,Sl,厚g,0,,,391,331,47
303810030,2,Sl,厚c,0,,,295,256,34
303810040,2,Sl,厚lm,0,,,232,214,17
303810050,2,Sl,厚O,0,,,298,289,5
30382,1,S,,0,,,2764,2447,279
303820010,2,S,厚J,0,,,148,147,-
303820020,2,S,厚,0,,,372,312,55
303820030,2,S,厚t,0,,,371,302,62
303820040,2,S,厚rc,0,,,74,73,-
303820050,2,S,厚,0,,,414,327,79
303820060,2,S,厚,0,,,114,106,7
303820110,2,S,厚u,0,,,38,36,2
303820120,2,S,厚u,0,,,7,6,-
303820130,2,S,厚u,0,,,56,55,1
303820140,2,S,厚u,0,,,46,45,-
303820150,2,S,厚u,0,,,194,184,4
303820160,2,S,厚u,0,,,150,129,19
303820170,2,S,厚u,0,,,163,135,27
303820180,2,S,厚r,0,,,118,98,20
303820210,2,S,厚Y,0,,,11,11,-
303820220,2,S,厚Y,1,,0230,57,55,-
303820230,2,S,厚Ëv,2,0220,,X,X,X
303820240,2,S,厚,0,,,129,127,-
303820250,2,S,厚,0,,,37,37,-
303820260,2,S,厚Y,0,,,59,59,-
303820270,2,S,厚,0,,,158,157,1
303820280,2,S,厚,0,,,48,46,2
30383,1,SRǒ,,0,,,2194,1865,176
303830010,2,SRǒ,厚,0,,,242,183,56
303830020,2,SRǒ,厚,0,,,181,136,18
303830030,2,SRǒ,厚,0,,,64,44,-
303830040,2,SRǒ,厚,0,,,180,137,4
303830050,2,SRǒ,厚ԑ,0,,,137,134,3
303830060,2,SRǒ,厚]m,0,,,98,89,9
303830070,2,SRǒ,厚O,0,,,145,130,12
303830080,2,SRǒ,厚,0,,,43,40,3
303830090,2,SRǒ,厚,0,,,126,125,-
303830100,2,SRǒ,厚,0,,,166,163,2
303830110,2,SRǒ,厚_J,0,,,114,112,-
303830120,2,SRǒ,厚,0,,,52,52,-
303830130,2,SRǒ,厚,0,,,134,57,36
303830140,2,SRǒ,厚,0,,,104,60,30
303830150,2,SRǒ,厚,0,,,28,28,-
303830160,2,SRǒ,厚ߓ,0,,,216,211,3
303830170,2,SRǒ,厚,0,,,42,42,-
303830180,2,SRǒ,厚˒È,0,,,47,47,-
303830190,2,SRǒ,厚O,0,,,75,75,-
303830200,2,SRǒ,,0,,,-,-,-
30390,1,S쒬,,0,,,2896,2641,91
303900110,2,S쒬,厚È,0,,,66,65,1
303900120,2,S쒬,厚,0,,,807,722,48
30390012002,3,S쒬,厚,0,,,164,145,2
30390012003,3,S쒬,厚,0,,,65,58,6
30390012004,3,S쒬,厚,0,,,219,191,24
30390012005,3,S쒬,厚,0,,,160,138,10
30390012006,3,S쒬,厚,0,,,126,118,6
30390012007,3,S쒬,厚,0,,,73,72,-
303900210,2,S쒬,厚R,0,,,161,142,17
303900220,2,S쒬,厚쌴,0,,,379,365,6
30390022000,3,S쒬,厚쌴,0,,,-,-,-
30390022009,3,S쒬,厚쌴,0,,,132,122,3
30390022010,3,S쒬,厚쌴,0,,,58,58,-
30390022011,3,S쒬,厚쌴,0,,,31,31,-
30390022012,3,S쒬,厚쌴,0,,,55,55,-
30390022013,3,S쒬,厚쌴,0,,,72,70,2
30390022014,3,S쒬,厚쌴,0,,,31,29,1
303900230,2,S쒬,厚,0,,,17,17,-
303900240,2,S쒬,厚_,0,,,31,30,1
303900250,2,S쒬,厚J,0,,,115,94,1
30390025000,3,S쒬,厚J,0,,,-,-,-
30390025017,3,S쒬,厚J,0,,,44,44,-
30390025018,3,S쒬,厚J,0,,,71,50,1
303900310,2,S쒬,厚c,0,,,280,268,7
30390031019,3,S쒬,厚c,0,,,33,32,-
30390031020,3,S쒬,厚c,0,,,7,7,-
30390031021,3,S쒬,厚c,0,,,72,69,1
30390031022,3,S쒬,厚c,0,,,30,30,-
30390031023,3,S쒬,厚c,0,,,60,53,5
30390031024,3,S쒬,厚c,0,,,45,44,1
30390031025,3,S쒬,厚c,0,,,24,24,-
30390031026,3,S쒬,厚c,0,,,9,9,-
303900320,2,S쒬,厚mn,0,,,384,315,3
30390032027,3,S쒬,厚mn,0,,,45,44,-
30390032028,3,S쒬,厚mn,0,,,40,38,2
30390032029,3,S쒬,厚mn,0,,,46,46,-
30390032030,3,S쒬,厚mn,0,,,40,40,-
30390032031,3,S쒬,厚mn,0,,,17,17,-
30390032032,3,S쒬,厚mn,0,,,196,130,1
303900410,2,S쒬,厚{mO,0,,,49,38,2
303900420,2,S쒬,厚É,0,,,23,23,-
303900430,2,S쒬,厚HZ,0,,,67,66,-
303900440,2,S쒬,厚ѐ,0,,,88,85,1
303900450,2,S쒬,厚È,0,,,125,114,3
303900460,2,S쒬,厚,0,,,63,63,-
303900500,2,S쒬,厚,0,,,19,19,-
303900510,2,S쒬,厚O,0,,,32,25,1
303900520,2,S쒬,厚m,0,,,15,15,-
303900530,2,S쒬,厚F,0,,,20,20,-
303900540,2,S쒬,厚,0,,,16,16,-
303900550,2,S쒬,厚_m,0,,,16,16,-
303900560,2,S쒬,厚cm_,0,,,11,11,-
303900570,2,S쒬,厚,0,,,-,-,-
303900580,2,S쒬,厚㓴,0,,,51,51,-
303900590,2,S쒬,厚얔,0,,,61,61,-
30390059000,3,S쒬,厚얔,0,,,-,-,-
30390059048,3,S쒬,厚얔,0,,,61,61,-
30391,1,S݂Ȃג,,0,,,4354,3570,475
303910010,2,S݂Ȃג,,0,,,213,196,13
303910020,2,S݂Ȃג,c,0,,,478,354,112
303910030,2,S݂Ȃג,,0,,,205,135,56
303910040,2,S݂Ȃג,k,0,,,80,42,31
303910050,2,S݂Ȃג,k,0,,,197,153,24
303910060,2,S݂Ȃג,쓹,0,,,111,91,19
303910070,2,S݂Ȃג,,0,,,158,143,13
303910080,2,S݂Ȃג,,0,,,331,113,41
303910090,2,S݂Ȃג,gc,0,,,294,194,94
303910100,2,S݂Ȃג,C,0,,,51,48,3
303910110,2,S݂Ȃג,C,0,,,101,73,21
303910120,2,S݂Ȃג,R,0,,,56,52,4
303910130,2,S݂Ȃג,R,0,,,185,152,17
303910140,2,S݂Ȃג,,0,,,160,152,1
303910150,2,S݂Ȃג,,0,,,120,120,-
303910160,2,S݂Ȃג,J,0,,,97,95,-
303910170,2,S݂Ȃג,,0,,,108,105,1
303910180,2,S݂Ȃג,,0,,,72,71,-
303910190,2,S݂Ȃג,F,0,,,51,50,-
303910200,2,S݂Ȃג,ӈ,0,,,272,265,1
303910210,2,S݂Ȃג,{,0,,,255,235,14
303910220,2,S݂Ȃג,{,0,,,198,184,1
303910230,2,S݂Ȃג,,0,,,66,65,1
303910240,2,S݂Ȃג,F,0,,,43,43,-
303910250,2,S݂Ȃג,,0,,,79,78,1
303910260,2,S݂Ȃג,y,0,,,26,26,-
303910270,2,S݂Ȃג,s,0,,,43,42,1
303910280,2,S݂Ȃג,L,0,,,18,17,-
303910290,2,S݂Ȃג,V,0,,,32,32,-
303910300,2,S݂Ȃג,_,0,,,47,46,1
303910310,2,S݂Ȃג,,0,,,207,198,5
30391031001,3,S݂Ȃג,,0,,,48,47,1
30391031002,3,S݂Ȃג,,0,,,56,53,-
30391031003,3,S݂Ȃג,,0,,,49,44,4
30391031004,3,S݂Ȃג,,0,,,54,54,-
30391031005,3,S݂Ȃג,,0,,,-,-,-
30392,1,S쒬,,0,,,3593,3165,192
303920100,2,S쒬,厚Ð,0,,,76,76,-
303920200,2,S쒬,厚Ð,0,,,123,122,-
303920300,2,S쒬,厚,0,,,58,53,4
303920400,2,S쒬,厚y,0,,,154,149,4
303920500,2,S쒬,厚F,0,,,550,439,105
303920600,2,S쒬,厚,0,,,57,57,-
303920700,2,S쒬,厚,0,,,43,43,-
303920800,2,S쒬,厚q,0,,,50,49,-
303920900,2,S쒬,厚,0,,,56,47,2
303921000,2,S쒬,厚֔,0,,,46,46,-
303921100,2,S쒬,厚,0,,,59,56,1
303921200,2,S쒬,厚OS,0,,,101,83,2
303921300,2,S쒬,厚ɓ,0,,,10,10,-
303921400,2,S쒬,厚,0,,,8,7,1
303921500,2,S쒬,厚R,0,,,108,93,1
303921510,2,S쒬,厚R,0,,,24,24,-
303921520,2,S쒬,厚R,0,,,29,28,1
303921530,2,S쒬,厚R,0,,,20,20,-
303921600,2,S쒬,厚],0,,,224,201,6
303921700,2,S쒬,厚a,0,,,306,279,20
303921800,2,S쒬,厚,0,,,45,45,-
303921810,2,S쒬,厚D,0,,,145,133,2
303921820,2,S쒬,厚,0,,,21,18,1
303921830,2,S쒬,厚Ô,1,,1840,175,144,6
303921840,2,S쒬,厚Ô,2,1830,,X,X,X
303921850,2,S쒬,厚oq,0,,,15,15,-
303921860,2,S쒬,厚O\,0,,,37,26,-
303921870,2,S쒬,厚Y,0,,,29,29,-
303921880,2,S쒬,厚O\,0,,,14,14,-
303921890,2,S쒬,厚,0,,,58,45,3
303921900,2,S쒬,厚,0,,,42,41,1
303921910,2,S쒬,厚喔,0,,,10,9,1
303921920,2,S쒬,厚V,0,,,16,14,2
303921930,2,S쒬,厚O,0,,,58,41,2
303921940,2,S쒬,厚cK,0,,,40,37,3
303921950,2,S쒬,厚{,0,,,39,35,3
303921960,2,S쒬,厚c,0,,,22,21,1
303921970,2,S쒬,厚c,0,,,21,21,-
303921980,2,S쒬,厚쌴,0,,,96,72,5
303921990,2,S쒬,厚z,0,,,17,17,-
303922000,2,S쒬,厚,0,,,15,15,-
303922010,2,S쒬,厚F,0,,,67,64,2
303922020,2,S쒬,厚ꓪ,0,,,36,31,-
303922030,2,S쒬,厚,0,,,133,95,6
303922040,2,S쒬,厚㏉,0,,,26,25,1
303922050,2,S쒬,厚,0,,,31,31,-
303922060,2,S쒬,厚F,0,,,108,93,2
303922070,2,S쒬,厚J,0,,,9,9,-
303922080,2,S쒬,厚{,2,209000,,X,X,X
303922090,2,S쒬,厚,0,,,166,143,4
30392209000,3,S쒬,厚,1,,2080;209001,166,143,4
30392209001,3,S쒬,厚쏬,2,209000,,X,X,X
30401,1,KSl,,0,,,9056,6813,1483
304011000,2,KSl,,0,,,387,283,88
30401100001,3,KSl,,0,,,117,59,48
30401100002,3,KSl,,0,,,48,39,8
30401100003,3,KSl,,0,,,74,56,14
30401100004,3,KSl,,0,,,148,129,18
304011100,2,KSl,,0,,,560,289,246
30401110001,3,KSl,,0,,,128,80,43
30401110002,3,KSl,,0,,,36,21,11
30401110003,3,KSl,,0,,,70,22,46
30401110004,3,KSl,,0,,,46,10,36
30401110005,3,KSl,,0,,,132,62,62
30401110006,3,KSl,,0,,,148,94,48
304011200,2,KSl,,0,,,720,537,132
30401120001,3,KSl,,0,,,249,179,64
30401120002,3,KSl,,0,,,95,83,11
30401120003,3,KSl,,0,,,132,89,22
30401120004,3,KSl,,0,,,244,186,35
304011300,2,KSl,,0,,,1285,744,393
30401130001,3,KSl,,0,,,113,19,1
30401130002,3,KSl,,0,,,238,160,63
30401130003,3,KSl,,0,,,71,40,27
30401130004,3,KSl,,0,,,89,64,20
30401130005,3,KSl,,0,,,227,122,104
30401130006,3,KSl,,0,,,379,246,119
30401130007,3,KSl,,0,,,31,15,6
30401130008,3,KSl,,0,,,63,27,32
30401130009,3,KSl,,0,,,74,51,21
304011400,2,KSl,c,0,,,2102,1558,363
30401140001,3,KSl,c,0,,,540,275,126
30401140002,3,KSl,c,0,,,429,348,69
30401140003,3,KSl,c,0,,,1121,935,162
30401140004,3,KSl,c,0,,,12,-,6
304011500,2,KSl,˖,0,,,531,422,82
304011600,2,KSl,,0,,,205,186,17
304011700,2,KSl,h,0,,,357,307,43
304011800,2,KSl,,0,,,91,89,2
304011900,2,KSl,ۘC,0,,,69,68,-
304012000,2,KSl,m,0,,,207,182,19
304012100,2,KSl,,0,,,279,259,18
304012200,2,KSl,\㟺,0,,,210,139,4
30401220001,3,KSl,\㟺,0,,,110,104,3
30401220002,3,KSl,\㟺,0,,,100,35,1
304012300,2,KSl,xc,0,,,317,290,23
304012400,2,KSl,,0,,,242,205,9
304012410,2,KSl,厚u,0,,,638,510,24
30401241001,3,KSl,厚u,0,,,56,54,-
30401241003,3,KSl,厚u,0,,,44,42,1
30401241004,3,KSl,厚u,0,,,182,101,1
30401241005,3,KSl,厚u,0,,,78,73,4
30401241006,3,KSl,厚u,0,,,66,59,6
30401241007,3,KSl,厚u,0,,,92,86,5
30401241008,3,KSl,厚u,0,,,120,95,7
304012420,2,KSl,厚,0,,,65,61,4
304012430,2,KSl,厚c,0,,,50,47,1
304012440,2,KSl,厚,0,,,231,162,8
304012450,2,KSl,厚,0,,,41,41,-
30401245009,3,KSl,厚,0,,,28,28,-
30401245010,3,KSl,厚,0,,,13,13,-
304012460,2,KSl,厚c,0,,,105,94,-
304012470,2,KSl,厚PJ,0,,,32,32,-
304012480,2,KSl,厚,0,,,97,87,4
304012490,2,KSl,厚v,1,,2500;2520,28,28,-
304012500,2,KSl,厚,2,2490,,X,X,X
304012510,2,KSl,厚_{,0,,,-,-,-
304012520,2,KSl,厚FÖ,2,2490,,X,X,X
304012530,2,KSl,厚,0,,,18,17,-
304012540,2,KSl,厚,0,,,14,14,-
304012550,2,KSl,厚,0,,,7,7,-
304012560,2,KSl,厚,0,,,12,12,-
304012570,2,KSl,厚R,0,,,9,9,-
304012580,2,KSl,厚ʓ`,0,,,22,18,-
304012590,2,KSl,厚[,0,,,-,-,-
304012600,2,KSl,厚s,0,,,125,116,3
30401260030,3,KSl,厚s,1,,2610,105,96,3
30401260031,3,KSl,厚s,0,,,20,20,-
304012610,2,KSl,厚I,2,260030,,X,X,X
304012620,2,KSl,厚kJ,0,,,-,-,-
304012630,2,KSl,厚吣,0,,,-,-,-
304012640,2,KSl,厚|_,0,,,-,-,-
30404,1,KSxc,,0,,,5918,4559,901
304040010,2,KSxc,,0,,,2198,1560,322
30404001000,3,KSxc,,0,,,1655,1204,259
30404001001,3,KSxc,,0,,,543,356,63
304040020,2,KSxc,,0,,,72,69,3
304040030,2,KSxc,n,0,,,662,545,72
304040040,2,KSxc,c,0,,,802,640,151
304040050,2,KSxc,,0,,,482,345,66
304040060,2,KSxc,sm,0,,,673,645,25
304040070,2,KSxc,,0,,,131,129,1
304040080,2,KSxc,Ȋ,0,,,898,626,261
30406,1,KSݒ,,0,,,1893,1520,85
304060011,2,KSݒ,a[,0,,,22,22,-
304060012,2,KSݒ,a[,0,,,51,50,1
304060013,2,KSݒ,Q,0,,,1234,950,63
30406001301,3,KSݒ,Qn,0,,,175,60,28
30406001302,3,KSݒ,Qn,0,,,63,60,3
30406001303,3,KSݒ,Qxn,0,,,32,25,7
30406001304,3,KSݒ,Q{,0,,,76,57,4
30406001305,3,KSݒ,Q΋,0,,,65,27,-
30406001306,3,KSݒ,Qc,0,,,98,93,2
30406001307,3,KSݒ,Qhn,0,,,79,63,-
30406001308,3,KSݒ,Q_c,0,,,41,9,1
30406001309,3,KSݒ,Q֒n,0,,,58,55,3
30406001310,3,KSݒ,QcJ,0,,,27,27,-
30406001311,3,KSݒ,Q,0,,,51,49,2
30406001312,3,KSݒ,Q,1,,001313,31,30,1
30406001313,3,KSݒ,Qː,2,001312,,X,X,X
30406001314,3,KSݒ,Q,0,,,67,66,1
30406001315,3,KSݒ,Q,0,,,138,135,2
30406001316,3,KSݒ,QR,0,,,58,29,5
30406001317,3,KSݒ,Qx,0,,,90,82,3
30406001318,3,KSݒ,QԒn,0,,,70,69,1
30406001319,3,KSݒ,Q,0,,,15,14,-
304060021,2,KSݒ,͓,1,,0024,24,24,-
304060022,2,KSݒ,啍,1,,0023,8,8,-
304060023,2,KSݒ,D,2,0022,,X,X,X
304060024,2,KSݒ,h,2,0021,,X,X,X
304060025,2,KSݒ,J,0,,,15,15,-
304060026,2,KSݒ,劙,0,,,7,7,-
304060027,2,KSݒ,{,0,,,-,-,-
304060031,2,KSݒ,{ǐ,0,,,24,15,-
304060032,2,KSݒ,{I_,0,,,14,14,-
304060033,2,KSݒ,{,0,,,31,25,-
304060034,2,KSݒ,{,0,,,16,14,1
304060035,2,KSݒ,{,2,0036,,X,X,X
304060036,2,KSݒ,{q,1,,0035;0037,28,26,2
304060037,2,KSݒ,{[J,2,0036,,X,X,X
304060041,2,KSݒ,V,0,,,107,89,3
304060042,2,KSݒ,]Z,0,,,205,158,15
30406004200,3,KSݒ,]Z,0,,,136,97,15
30406004201,3,KSݒ,]Z]{V,0,,,69,61,-
304060043,2,KSݒ,,0,,,81,77,-
304060050,2,KSݒ,Ԑ,0,,,26,26,-
30406005001,3,KSݒ,Ԑ㑺,0,,,10,10,-
30406005002,3,KSݒ,Ԑ쉺,0,,,16,16,-
30421,1,KSߒqY,,0,,,7122,5534,1108
304210010,2,KSߒqY,厚Fv,0,,,1102,899,114
30421001001,3,KSߒqY,厚Fv,0,,,304,177,46
30421001002,3,KSߒqY,厚Fv,0,,,68,62,6
30421001003,3,KSߒqY,厚Fv,0,,,88,74,12
30421001004,3,KSߒqY,厚Fv,0,,,150,126,22
30421001005,3,KSߒqY,厚Fv,0,,,492,460,28
304210020,2,KSߒqY,厚ËC,0,,,41,38,3
304210030,2,KSߒqY,厚q̐,0,,,51,48,1
304210040,2,KSߒqY,厚ߒqR,0,,,50,37,3
304210050,2,KSߒqY,厚sX,0,,,295,252,31
304210060,2,KSߒqY,厚,0,,,191,159,13
304210070,2,KSߒqY,厚,0,,,306,252,11
304210080,2,KSߒqY,厚lm{,0,,,218,162,37
304210090,2,KSߒqY,厚V,0,,,1176,723,303
30421009017,3,KSߒqY,厚V,0,,,598,383,135
30421009018,3,KSߒqY,厚V,0,,,310,162,116
30421009019,3,KSߒqY,厚V,0,,,73,60,13
30421009028,3,KSߒqY,厚V,0,,,89,47,13
30421009070,3,KSߒqY,厚VP,0,,,61,35,24
30421009071,3,KSߒqY,厚V,0,,,45,36,2
304210100,2,KSߒqY,R[h0100̌v,0,,,93,63,20
30421010018,3,KSߒqY,厚VP,0,,,15,12,3
30421010071,3,KSߒqY,厚P,0,,,78,51,17
304210110,2,KSߒqY,厚,0,,,116,84,29
304210120,2,KSߒqY,厚,0,,,231,117,100
304210130,2,KSߒqY,厚,0,,,108,76,29
304210140,2,KSߒqY,厚,0,,,107,61,32
304210150,2,KSߒqY,厚,0,,,263,210,41
304210160,2,KSߒqY,厚m,0,,,7,5,2
304210170,2,KSߒqY,厚,0,,,113,107,5
304210180,2,KSߒqY,厚Y,0,,,559,416,115
30421018024,3,KSߒqY,厚Y,0,,,174,142,28
30421018025,3,KSߒqY,厚Y,0,,,99,73,16
30421018026,3,KSߒqY,厚Y,0,,,40,28,7
30421018027,3,KSߒqY,厚Y,0,,,117,88,27
30421018028,3,KSߒqY,厚Y,0,,,85,52,28
30421018029,3,KSߒqY,厚Y,0,,,44,33,9
304210190,2,KSߒqY,厚kl,0,,,42,31,10
304210200,2,KSߒqY,厚kl,0,,,63,41,21
304210210,2,KSߒqY,厚kl,0,,,54,43,10
304210220,2,KSߒqY,厚zn,0,,,7,5,2
304210230,2,KSߒqY,厚zn,0,,,25,25,-
304210240,2,KSߒqY,厚zn,0,,,21,19,2
304210250,2,KSߒqY,厚zn,0,,,27,26,1
304210260,2,KSߒqY,厚zn,0,,,13,13,-
304210280,2,KSߒqY,厚zn,0,,,30,20,10
304210290,2,KSߒqY,厚zn,0,,,21,20,1
304210310,2,KSߒqY,厚약,0,,,20,14,5
304210320,2,KSߒqY,厚,0,,,23,21,1
304210330,2,KSߒqY,厚F,0,,,47,39,7
304210340,2,KSߒqY,厚,0,,,44,36,5
304210350,2,KSߒqY,厚F,0,,,10,8,2
304210360,2,KSߒqY,厚c_,1,,0370;0380;0390,31,24,-
304210370,2,KSߒqY,厚⑫,2,0360,,X,X,X
304210380,2,KSߒqY,厚~,2,0360,,X,X,X
304210390,2,KSߒqY,厚,2,0360,,X,X,X
304210400,2,KSߒqY,厚,0,,,-,-,-
304210410,2,KSߒqY,厚,0,,,12,10,2
304210420,2,KSߒqY,厚,0,,,39,34,5
304210430,2,KSߒqY,厚,0,,,25,24,1
304210440,2,KSߒqY,厚,0,,,14,12,2
304210450,2,KSߒqY,厚m,0,,,25,25,-
304210460,2,KSߒqY,厚勏,0,,,142,133,4
304210470,2,KSߒqY,厚䎭,0,,,26,26,-
304210480,2,KSߒqY,厚,0,,,73,69,3
304210490,2,KSߒqY,厚,0,,,30,30,-
304210500,2,KSߒqY,厚ac,0,,,43,41,1
304210510,2,KSߒqY,厚s,0,,,80,78,2
304210520,2,KSߒqY,厚,0,,,659,545,90
30421052053,3,KSߒqY,厚,0,,,106,93,7
30421052054,3,KSߒqY,厚,0,,,467,377,74
30421052055,3,KSߒqY,厚,0,,,86,75,9
304210530,2,KSߒqY,厚ڋ,0,,,72,65,7
304210540,2,KSߒqY,厚,0,,,73,64,8
304210550,2,KSߒqY,厚Y_,0,,,304,284,17
30421055058,3,KSߒqY,厚Y_,0,,,186,169,15
30421055059,3,KSߒqY,厚Y_,0,,,118,115,2
30422,1,KSn,,0,,,1363,1108,118
304220010,2,KSn,厚n,0,,,1241,1010,103
30422001010,3,KSn,厚n,0,,,491,358,22
30422001020,3,KSn,厚n,0,,,105,90,13
30422001030,3,KSn,厚n,0,,,76,69,6
30422001040,3,KSn,厚n,0,,,127,112,10
30422001050,3,KSn,厚n,0,,,66,58,7
30422001060,3,KSn,厚n,0,,,147,121,19
30422001070,3,KSn,厚n,0,,,222,195,26
30422001081,3,KSn,厚n,0,,,7,7,-
304220020,2,KSn,厚XY,0,,,122,98,15
30424,1,KSÍ쒬,,0,,,1367,1198,81
304240010,2,KSÍ쒬,~R,0,,,-,-,-
304240020,2,KSÍ쒬,,0,,,6,6,-
304240030,2,KSÍ쒬,rR,0,,,144,133,9
304240040,2,KSÍ쒬,r,0,,,351,280,34
30424004000,3,KSÍ쒬,r,0,,,342,272,33
30424004001,3,KSÍ쒬,r,0,,,9,8,1
304240050,2,KSÍ쒬,FÖ,0,,,26,25,1
304240060,2,KSÍ쒬,쐣,0,,,50,46,3
304240070,2,KSÍ쒬,,2,0120,,X,X,X
304240080,2,KSÍ쒬,,0,,,20,19,1
304240090,2,KSÍ쒬,,0,,,42,38,4
304240100,2,KSÍ쒬,,0,,,49,29,3
304240110,2,KSÍ쒬,_,0,,,44,28,1
304240120,2,KSÍ쒬,J,1,,0070,26,23,3
304240130,2,KSÍ쒬,,1,,0140,18,18,-
304240140,2,KSÍ쒬,,2,0130,,X,X,X
304240150,2,KSÍ쒬,,0,,,12,12,-
304240160,2,KSÍ쒬,ߐ,0,,,22,19,1
304240170,2,KSÍ쒬,,0,,,9,8,1
304240180,2,KSÍ쒬,,0,,,23,23,-
304240190,2,KSÍ쒬,,0,,,21,19,-
304240200,2,KSÍ쒬,X,2,0210,,X,X,X
304240210,2,KSÍ쒬,c,1,,0200;0220,12,12,-
304240220,2,KSÍ쒬,Ԗ,2,0210,,X,X,X
304240230,2,KSÍ쒬,F,2,0240,,X,X,X
304240240,2,KSÍ쒬,,1,,0230;0250,43,42,1
304240250,2,KSÍ쒬,K,2,0240,,X,X,X
304240260,2,KSÍ쒬,R,0,,,19,19,-
304240270,2,KSÍ쒬,,1,,0280,20,17,3
304240280,2,KSÍ쒬,^,2,0270,,X,X,X
304240290,2,KSÍ쒬,,0,,,31,29,2
304240300,2,KSÍ쒬,,0,,,10,4,1
304240310,2,KSÍ쒬,y,0,,,20,16,4
304240320,2,KSÍ쒬,O,1,,0330,78,74,4
304240330,2,KSÍ쒬,약,2,0320,,X,X,X
304240340,2,KSÍ쒬,c,0,,,22,20,1
304240350,2,KSÍ쒬,Y,0,,,57,56,1
304240360,2,KSÍ쒬,I,0,,,40,36,1
304240370,2,KSÍ쒬,,1,,0380,28,28,-
304240380,2,KSÍ쒬,,2,0370,,X,X,X
304240390,2,KSÍ쒬,,0,,,56,56,-
304240400,2,KSÍ쒬,,0,,,68,63,2
304240410,2,KSÍ쒬,,0,,,-,-,-
304240420,2,KSÍ쒬,,0,,,-,-,-
304240430,2,KSÍ쒬,ߐ,0,,,-,-,-
304240440,2,KSÍ쒬,,0,,,-,-,-
304240450,2,KSÍ쒬,X,0,,,-,-,-
304240460,2,KSÍ쒬,F,0,,,-,-,-
304240470,2,KSÍ쒬,^,0,,,-,-,-
304240480,2,KSÍ쒬,Y,0,,,-,-,-
304240490,2,KSÍ쒬,c,0,,,-,-,-
30427,1,KSkR,,0,,,236,173,16
304270010,2,KSkR,厚F,0,,,33,27,-
304270020,2,KSkR,厚|,0,,,26,18,1
304270030,2,KSkR,厚,0,,,96,64,11
304270040,2,KSkR,厚,0,,,77,60,4
304270050,2,KSkR,厚,0,,,4,4,-
30428,1,KS{,,0,,,7692,6144,926
304280010,2,KS{,{,0,,,135,97,36
304280020,2,KS{,{,0,,,142,116,22
304280030,2,KS{,{,0,,,94,79,13
304280040,2,KS{,{,0,,,167,106,56
304280050,2,KS{,{,0,,,191,145,26
304280060,2,KS{,{,0,,,314,194,88
304280070,2,KS{,{,0,,,487,318,154
304280080,2,KS{,F,0,,,123,116,7
304280090,2,KS{,x,0,,,160,110,11
304280100,2,KS{,髖,0,,,124,117,4
304280110,2,KS{,,0,,,1217,1039,115
304280120,2,KS{,o_,0,,,318,266,15
304280130,2,KS{,f,0,,,253,202,6
304280140,2,KS{,c,0,,,255,212,25
304280150,2,KS{,c,0,,,70,64,4
304280160,2,KS{,]c,0,,,44,42,2
304280170,2,KS{,cq,0,,,54,51,2
304280190,2,KS{,a[,0,,,413,314,17
304280200,2,KS{,,0,,,8,8,-
304280210,2,KS{,哇,0,,,216,190,16
304280220,2,KS{,{],0,,,135,127,8
304280230,2,KS{,~,0,,,111,106,5
304280240,2,KS{,{,0,,,221,106,107
304280241,2,KS{,髖,0,,,83,56,23
304280242,2,KS{,TS,0,,,242,167,23
30428024202,3,KS{,TS,0,,,-,-,-
30428024203,3,KS{,TS,0,,,242,167,23
304280250,2,KS{,{,0,,,32,27,3
304280260,2,KS{,{],0,,,47,2,-
304280270,2,KS{,P,0,,,9,8,1
304280280,2,KS{,P,0,,,107,103,4
304280290,2,KS{,ɋ,0,,,122,115,6
304280300,2,KS{,,0,,,109,88,7
304280310,2,KS{,_,0,,,94,79,14
304280320,2,KS{,,0,,,97,86,10
304280330,2,KS{,,0,,,62,50,10
304280340,2,KS{,,0,,,147,92,8
304280350,2,KS{,,0,,,148,109,5
304280360,2,KS{,Óc,0,,,55,44,11
304280370,2,KS{,,0,,,172,143,15
304280380,2,KS{,Í,0,,,249,238,10
30428038001,3,KS{,Í,0,,,48,44,3
30428038002,3,KS{,Í,0,,,45,45,-
30428038003,3,KS{,Í,0,,,156,149,7
30428038004,3,KS{,Í,0,,,-,-,-
304280390,2,KS{,R,0,,,153,145,-
304280400,2,KS{,É,0,,,110,98,7
304280410,2,KS{,c,0,,,295,264,28
30428041001,3,KS{,c,0,,,27,24,2
30428041002,3,KS{,c,0,,,210,186,23
30428041003,3,KS{,c,0,,,58,54,3
304280420,2,KS{,c,0,,,51,50,1
30428042001,3,KS{,c,0,,,51,50,1
30428042002,3,KS{,c,0,,,-,-,-
304280430,2,KS{,,0,,,56,55,1
