KEY_CODE,HYOSYO,CITYNAME,NAME,HTKSYORI,HTKSAKI,GASSAN,T000852001,T000852002,T000852003
,,,,,,,ZɏZވʐ,,c؉
44201,1,啪s,,0,,,199860,112083,70791
442010011,2,啪s,ZVk,0,,,330,111,206
442010012,2,啪s,ZV쒬,0,,,160,68,90
442010014,2,啪s,厚啪,1,,001403;001405,16,12,4
44201001402,3,啪s,厚啪îQj,0,,,-,-,-
44201001403,3,啪s,厚啪îRj,2,0014,,X,X,X
44201001405,3,啪s,厚啪îTj,2,0014,,X,X,X
442010020,2,啪s,厚,0,,,817,476,294
44201002003,3,啪s,厚ƁîRj,0,,,247,111,97
44201002004,3,啪s,厚ƁîSj,0,,,253,134,114
44201002005,3,啪s,厚ƁîTj,0,,,124,92,31
44201002006,3,啪s,厚ƁîUj,0,,,193,139,52
442010030,2,啪s,厚ʌ,0,,,715,341,315
44201003002,3,啪s,厚ʌîQj,0,,,-,-,-
44201003003,3,啪s,厚ʌîRj,0,,,352,123,179
44201003004,3,啪s,厚ʌîSj,0,,,-,-,-
44201003005,3,啪s,厚ʌîTj,0,,,176,169,5
44201003006,3,啪s,厚ʌîUj,0,,,187,49,131
442010040,2,啪s,厚,0,,,134,109,24
442010050,2,啪s,厚OF,0,,,2321,1104,1097
442010051,2,啪s,G̍,0,,,323,278,39
44201005101,3,啪s,G̍P,0,,,93,87,4
44201005102,3,啪s,G̍Q,0,,,116,107,8
44201005103,3,啪s,G̍R,0,,,114,84,27
442010052,2,啪s,厚OF,0,,,147,108,34
442010060,2,啪s,厚,0,,,107,98,8
442010071,2,啪s,͂Ȃ̐X,0,,,325,299,25
442010072,2,啪s,厚i,0,,,3771,1712,1225
44201007201,3,啪s,厚iîPj,0,,,145,124,19
44201007202,3,啪s,厚iîQj,0,,,1121,561,518
44201007203,3,啪s,厚iîRj,0,,,15,11,4
44201007204,3,啪s,厚iîSj,0,,,86,47,39
44201007205,3,啪s,厚iîTj,0,,,473,312,137
44201007206,3,啪s,厚iîUj,0,,,1211,411,125
44201007207,3,啪s,厚iîVj,0,,,720,246,383
442010080,2,啪s,厚`G,0,,,3419,1820,1153
442010090,2,啪s,厚c,0,,,2412,1131,1170
442010100,2,啪s,厚L`,0,,,764,301,374
442010110,2,啪s,厚,0,,,2024,618,1044
442010120,2,啪s,厚H,0,,,2770,1552,1113
442010130,2,啪s,厚Í{,0,,,2762,1280,1191
442010140,2,啪s,厚q,0,,,313,183,84
442010150,2,啪s,厚,0,,,376,245,124
442010160,2,啪s,厚Î,0,,,1579,781,703
442010170,2,啪s,厚Г,0,,,1861,963,849
442010180,2,啪s,厚Hc,0,,,1766,817,778
442010191,2,啪s,Sk,0,,,739,259,436
44201019101,3,啪s,SkP,0,,,46,-,40
44201019102,3,啪s,SkQ,0,,,194,53,119
44201019103,3,啪s,SkR,0,,,499,206,277
442010192,2,啪s,S,0,,,451,185,251
44201019201,3,啪s,SP,0,,,228,82,137
44201019202,3,啪s,SQ,0,,,223,103,114
442010193,2,啪s,S,0,,,707,227,450
44201019301,3,啪s,SP,0,,,129,39,86
44201019302,3,啪s,SQ,0,,,270,118,142
44201019303,3,啪s,SR,0,,,308,70,222
442010194,2,啪s,S,0,,,1061,505,520
44201019401,3,啪s,SP,0,,,99,47,46
44201019402,3,啪s,SQ,0,,,111,46,61
44201019403,3,啪s,SR,0,,,180,86,84
44201019404,3,啪s,SS,0,,,145,70,69
44201019405,3,啪s,ST,0,,,526,256,260
442010195,2,啪s,厚S,0,,,2380,1065,923
442010200,2,啪s,厚_,0,,,651,568,50
442010210,2,啪s,厚J,0,,,161,134,27
442010220,2,啪s,厚,0,,,1021,721,231
442010230,2,啪s,厚,0,,,1623,1335,267
442010240,2,啪s,厚,0,,,80,76,3
442010250,2,啪s,r,0,,,1677,810,802
44201025001,3,啪s,rP,0,,,419,152,259
44201025002,3,啪s,rQ,0,,,609,363,213
44201025003,3,啪s,rR,0,,,231,96,126
44201025004,3,啪s,rS,0,,,242,126,104
44201025005,3,啪s,rT,0,,,176,73,100
442010260,2,啪s,r,0,,,1109,506,491
44201026001,3,啪s,rP,0,,,640,274,260
44201026002,3,啪s,rQ,0,,,469,232,231
442010270,2,啪s,쒬,0,,,463,198,178
442010280,2,啪s,u,0,,,710,395,268
44201028001,3,啪s,uP,0,,,455,249,167
44201028002,3,啪s,uQ,0,,,255,146,101
442010290,2,啪s,u,0,,,472,224,243
442010300,2,啪s,u,0,,,196,80,112
442010310,2,啪s,,0,,,104,64,38
442010320,2,啪s,,0,,,680,167,403
44201032001,3,啪s,P,0,,,296,79,157
44201032002,3,啪s,Q,0,,,208,56,143
44201032003,3,啪s,R,0,,,176,32,103
442010330,2,啪s,Pu,0,,,54,38,14
442010340,2,啪s,蒬,0,,,1175,267,866
44201034001,3,啪s,蒬P,0,,,530,117,384
44201034002,3,啪s,蒬Q,0,,,209,53,155
44201034003,3,啪s,蒬R,0,,,436,97,327
442010350,2,啪s,{,0,,,494,187,276
44201035001,3,啪s,{P,0,,,216,58,142
44201035002,3,啪s,{Q,0,,,93,61,31
44201035003,3,啪s,{R,0,,,185,68,103
442010360,2,啪s,v,0,,,487,179,182
442010370,2,啪s,חg,0,,,91,65,19
442010380,2,啪s,s,0,,,339,87,241
44201038001,3,啪s,sP,0,,,33,13,20
44201038002,3,啪s,sQ,0,,,92,8,75
44201038003,3,啪s,sR,0,,,160,59,99
44201038004,3,啪s,sS,0,,,54,7,47
442010390,2,啪s,蒬,0,,,929,570,288
44201039001,3,啪s,蒬P,0,,,329,233,78
44201039002,3,啪s,蒬Q,0,,,288,135,123
44201039003,3,啪s,蒬R,0,,,312,202,87
442010400,2,啪s,,0,,,627,142,441
44201040001,3,啪s,P,0,,,41,8,30
44201040002,3,啪s,Q,0,,,87,30,53
44201040003,3,啪s,R,0,,,324,42,250
44201040004,3,啪s,S,0,,,175,62,108
442010410,2,啪s,,0,,,237,79,136
442010420,2,啪s,,0,,,726,93,590
442010430,2,啪s,L,0,,,448,137,303
44201043001,3,啪s,LP,0,,,100,45,54
44201043002,3,啪s,LQ,0,,,348,92,249
442010440,2,啪s,l,0,,,1249,575,631
44201044001,3,啪s,lP,0,,,587,285,290
44201044002,3,啪s,lQ,0,,,375,123,230
44201044003,3,啪s,lR,0,,,287,167,111
442010450,2,啪s,ђ,0,,,631,357,258
44201045001,3,啪s,ђP,0,,,224,120,100
44201045002,3,啪s,ђQ,0,,,174,128,40
44201045003,3,啪s,ђR,0,,,233,109,118
442010460,2,啪s,ߒ,0,,,758,458,190
44201046001,3,啪s,ߒP,0,,,420,227,124
44201046002,3,啪s,ߒQ,0,,,269,190,53
44201046003,3,啪s,ߒR,0,,,69,41,13
442010470,2,啪s,,0,,,437,158,181
44201047001,3,啪s,P,0,,,168,87,71
44201047002,3,啪s,Q,0,,,101,42,14
44201047003,3,啪s,R,0,,,168,29,96
442010480,2,啪s,,0,,,939,419,435
44201048001,3,啪s,P,0,,,377,165,169
44201048002,3,啪s,Q,0,,,226,141,76
44201048003,3,啪s,R,0,,,336,113,190
442010490,2,啪s,㒬,0,,,524,226,268
44201049001,3,啪s,㒬P,0,,,217,135,62
44201049002,3,啪s,㒬Q,0,,,48,24,22
44201049003,3,啪s,㒬R,0,,,125,24,98
44201049004,3,啪s,㒬S,0,,,134,43,86
442010500,2,啪s,Zg,0,,,225,40,180
44201050001,3,啪s,ZgP,0,,,54,6,47
44201050002,3,啪s,ZgQ,0,,,171,34,133
442010510,2,啪s,V쒬,0,,,960,462,455
44201051001,3,啪s,V쒬P,0,,,594,297,265
44201051002,3,啪s,V쒬Q,0,,,366,165,190
442010520,2,啪s,,0,,,614,280,263
44201052001,3,啪s,P,0,,,232,94,120
44201052002,3,啪s,Q,0,,,154,64,48
44201052003,3,啪s,R,0,,,228,122,95
442010530,2,啪s,L,0,,,501,283,202
44201053001,3,啪s,LP,0,,,237,120,103
44201053002,3,啪s,LQ,0,,,264,163,99
442010540,2,啪s,דc,0,,,446,210,195
44201054001,3,啪s,דcP,0,,,38,15,17
44201054002,3,啪s,דcQ,0,,,189,97,74
44201054003,3,啪s,דcR,0,,,219,98,104
442010550,2,啪s,,0,,,214,137,71
442010560,2,啪s,ٓV,0,,,318,146,158
44201056001,3,啪s,ٓVP,0,,,100,57,41
44201056002,3,啪s,ٓVQ,1,,057002;057003,80,7,64
44201056003,3,啪s,ٓVR,0,,,138,82,53
442010570,2,啪s,LC,0,,,10,1,8
44201057001,3,啪s,LCP,0,,,-,-,-
44201057002,3,啪s,LCQ,2,056002,,X,X,X
44201057003,3,啪s,LCR,2,056002,,X,X,X
44201057004,3,啪s,LCS,0,,,-,-,-
44201057005,3,啪s,LCT,0,,,10,1,8
442010580,2,啪s,ƒ,0,,,623,307,295
44201058001,3,啪s,ƒP,0,,,115,44,70
44201058002,3,啪s,ƒQ,0,,,125,66,56
44201058003,3,啪s,ƒR,0,,,137,77,52
44201058004,3,啪s,ƒS,0,,,246,120,117
442010590,2,啪s,t,0,,,558,252,270
442010600,2,啪s,t,0,,,352,149,179
442010610,2,啪s,t,0,,,437,173,239
442010620,2,啪s,t,0,,,693,479,197
442010630,2,啪s,qk,0,,,150,100,35
442010640,2,啪s,q,0,,,439,202,222
442010650,2,啪s,q쒬,0,,,248,161,83
442010660,2,啪s,q,0,,,417,215,187
442010670,2,啪s,q,0,,,191,126,61
442010680,2,啪s,q`,0,,,74,64,8
442010690,2,啪s,qV,0,,,164,115,44
442010700,2,啪s,,0,,,356,100,234
44201070001,3,啪s,΂P,0,,,142,43,89
44201070002,3,啪s,΂Q,0,,,73,46,25
44201070003,3,啪s,΂R,0,,,50,3,38
44201070004,3,啪s,΂S,0,,,73,6,66
44201070005,3,啪s,΂T,0,,,18,2,16
442010710,2,啪s,l̎s,0,,,82,43,33
44201071001,3,啪s,l̎sP,0,,,58,33,21
44201071002,3,啪s,l̎sQ,0,,,24,10,12
442010720,2,啪s,΍`,0,,,199,143,54
44201072001,3,啪s,΍`P,0,,,15,14,1
44201072002,3,啪s,΍`Q,0,,,184,129,53
442010730,2,啪s,哹,0,,,2091,902,1079
44201073001,3,啪s,哹P,0,,,229,36,185
44201073002,3,啪s,哹Q,0,,,608,282,291
44201073003,3,啪s,哹R,0,,,438,218,203
44201073004,3,啪s,哹S,0,,,301,96,190
44201073005,3,啪s,哹T,0,,,515,270,210
442010740,2,啪s,哹,0,,,1150,404,671
44201074001,3,啪s,哹P,0,,,567,97,423
44201074002,3,啪s,哹Q,0,,,351,216,120
44201074003,3,啪s,哹R,0,,,232,91,128
442010750,2,啪s,V,0,,,892,327,517
442010760,2,啪s,c,0,,,723,378,292
442010770,2,啪s,Vt,0,,,513,147,292
44201077001,3,啪s,VtP,0,,,337,99,183
44201077002,3,啪s,VtQ,0,,,176,48,109
442010780,2,啪s,t,0,,,681,629,38
44201078001,3,啪s,tP,0,,,195,178,10
44201078002,3,啪s,tQ,0,,,218,202,13
44201078003,3,啪s,tR,0,,,240,226,11
44201078004,3,啪s,tS,0,,,28,23,4
442010790,2,啪s,ɂu,0,,,545,490,41
44201079001,3,啪s,ɂuP,0,,,197,178,17
44201079002,3,啪s,ɂuQ,0,,,240,228,9
44201079003,3,啪s,ɂuR,0,,,108,84,15
442010800,2,啪s,×,0,,,719,288,410
44201080001,3,啪s,×P,0,,,400,198,190
44201080002,3,啪s,×Q,0,,,319,90,220
442010810,2,啪s,Ԓ×,0,,,730,215,494
44201081001,3,啪s,Ԓ×P,0,,,453,115,328
44201081002,3,啪s,Ԓ×Q,0,,,277,100,166
442010820,2,啪s,×,0,,,493,126,342
442010830,2,啪s,×,0,,,592,212,333
44201083001,3,啪s,×P,0,,,256,116,134
44201083002,3,啪s,×Q,0,,,336,96,199
442010840,2,啪s,c,0,,,1284,555,210
44201084001,3,啪s,cP,0,,,319,249,38
44201084002,3,啪s,cQ,0,,,314,118,60
44201084003,3,啪s,cR,0,,,319,173,92
44201084004,3,啪s,cS,0,,,332,15,20
442010850,2,啪s,ÃP,0,,,462,157,294
44201085001,3,啪s,ÃP߂P,0,,,281,91,187
44201085002,3,啪s,ÃP߂Q,0,,,181,66,107
442010860,2,啪s,×,0,,,906,404,474
44201086001,3,啪s,×P,0,,,387,192,185
44201086002,3,啪s,×Q,0,,,243,87,147
44201086003,3,啪s,×R,0,,,276,125,142
442010870,2,啪s,l,0,,,780,143,419
44201087001,3,啪s,lP,0,,,322,67,247
44201087002,3,啪s,lQ,0,,,458,76,172
442010880,2,啪s,l,0,,,23,11,12
442010890,2,啪s,Bl,0,,,141,41,91
44201089001,3,啪s,BlP,0,,,90,23,63
44201089002,3,啪s,BlQ,0,,,51,18,28
442010900,2,啪s,Vn,0,,,442,231,144
44201090001,3,啪s,VnP,0,,,193,147,40
44201090002,3,啪s,VnQ,0,,,249,84,104
442010910,2,啪s,Ò,0,,,974,124,232
44201091001,3,啪s,ÒP,0,,,426,123,208
44201091002,3,啪s,ÒQ,0,,,264,-,-
44201091003,3,啪s,ÒR,0,,,284,1,24
442010920,2,啪s,t,0,,,-,-,-
442010930,2,啪s,Β,0,,,-,-,-
442010940,2,啪s,,0,,,2256,823,1318
44201094001,3,啪s,P,0,,,827,186,611
44201094002,3,啪s,Q,0,,,421,138,256
44201094003,3,啪s,R,0,,,574,305,251
44201094004,3,啪s,S,0,,,434,194,200
442010950,2,啪s,qΒ,0,,,-,-,-
442010960,2,啪s,q,0,,,1424,569,818
44201096001,3,啪s,qP,0,,,448,166,267
44201096002,3,啪s,qQ,0,,,524,199,313
44201096003,3,啪s,qR,0,,,452,204,238
442010970,2,啪s,q㒬,0,,,335,118,203
442010980,2,啪s,铌,0,,,273,80,188
442010990,2,啪s,V,0,,,451,187,256
442011000,2,啪s,鐼,0,,,363,196,111
442011010,2,啪s,Vh,0,,,420,155,254
442011020,2,啪s,VL,0,,,283,109,165
442011030,2,啪s,g,0,,,448,146,286
442011040,2,啪s,V,0,,,537,157,324
442011050,2,啪s,,0,,,439,169,257
44201105001,3,啪s,P,0,,,215,79,127
44201105002,3,啪s,Q,0,,,113,71,41
44201105003,3,啪s,R,0,,,111,19,89
442011060,2,啪s,,0,,,461,210,236
44201106001,3,啪s,P,0,,,176,107,67
44201106002,3,啪s,Q,0,,,186,68,112
44201106003,3,啪s,R,0,,,99,35,57
442011070,2,啪s,ԍ,0,,,554,239,294
44201107001,3,啪s,ԍP,0,,,173,88,75
44201107002,3,啪s,ԍQ,0,,,221,87,130
44201107003,3,啪s,ԍR,0,,,160,64,89
442011080,2,啪s,,0,,,376,130,238
44201108001,3,啪s,P,0,,,252,82,166
44201108002,3,啪s,Q,0,,,124,48,72
442011090,2,啪s,,0,,,544,135,364
44201109001,3,啪s,P,0,,,165,44,113
44201109002,3,啪s,Q,0,,,116,37,62
44201109003,3,啪s,R,0,,,263,54,189
442011100,2,啪s,,0,,,143,51,46
44201110001,3,啪s,P,0,,,65,5,19
44201110002,3,啪s,Q,0,,,78,46,27
442011110,2,啪s,,1,,111001;111002;111003,40,33,5
44201111001,3,啪s,P,2,1110,,X,X,X
44201111002,3,啪s,Q,2,1110,,X,X,X
44201111003,3,啪s,R,2,1110,,X,X,X
442011120,2,啪s,,0,,,228,100,118
44201112001,3,啪s,P,0,,,124,53,63
44201112002,3,啪s,Q,0,,,104,47,55
442011130,2,啪s,厚mF,0,,,-,-,-
442011140,2,啪s,{,0,,,379,230,141
442011150,2,啪s,쒬,0,,,274,66,202
442011160,2,啪s,,0,,,455,141,271
44201116001,3,啪s,P,0,,,202,88,108
44201116002,3,啪s,Q,0,,,253,53,163
442011170,2,啪s,蒬,0,,,385,107,257
44201117001,3,啪s,蒬P,0,,,208,70,137
44201117002,3,啪s,蒬Q,0,,,177,37,120
442011180,2,啪s,RÒ,0,,,490,153,314
44201118001,3,啪s,RÒP,0,,,187,85,100
44201118002,3,啪s,RÒQ,0,,,303,68,214
442011190,2,啪s,O,0,,,697,245,428
44201119001,3,啪s,OP,0,,,187,52,129
44201119002,3,啪s,OQ,0,,,176,67,106
44201119003,3,啪s,OR,0,,,98,51,37
44201119004,3,啪s,OS,0,,,236,75,156
442011200,2,啪s,O쉺,0,,,447,194,244
44201120001,3,啪s,O쉺P,0,,,199,63,132
44201120002,3,啪s,O쉺Q,0,,,132,75,52
44201120003,3,啪s,O쉺R,0,,,116,56,60
442011210,2,啪s,OV,0,,,46,8,33
44201121001,3,啪s,OVP,0,,,15,2,10
44201121002,3,啪s,OVQ,1,,122001,31,6,23
442011220,2,啪s,,0,,,X,X,X
44201122001,3,啪s,P,2,121002,,X,X,X
44201122002,3,啪s,Q,0,,,-,-,-
44201122003,3,啪s,R,0,,,-,-,-
442011230,2,啪s,Í`,0,,,156,86,64
44201123001,3,啪s,Í`P,0,,,34,19,12
44201123002,3,啪s,Í`Q,0,,,122,67,52
442011240,2,啪s,쓌,0,,,1703,1182,61
44201124001,3,啪s,쓌P,0,,,331,287,21
44201124002,3,啪s,쓌Q,0,,,519,316,11
44201124003,3,啪s,쓌R,0,,,281,268,12
44201124004,3,啪s,쓌S,0,,,194,188,4
44201124005,3,啪s,쓌T,0,,,378,123,13
442011250,2,啪s,,0,,,996,693,27
44201125001,3,啪s,P,0,,,444,339,7
44201125002,3,啪s,Q,0,,,350,242,18
44201125003,3,啪s,R,0,,,202,112,2
442011260,2,啪s,쐼,0,,,1347,643,37
44201126001,3,啪s,쐼P,0,,,883,357,14
44201126002,3,啪s,쐼Q,0,,,464,286,23
442011270,2,啪s,k,0,,,2191,1124,292
44201127001,3,啪s,kP,0,,,295,106,43
44201127002,3,啪s,kQ,0,,,763,355,62
44201127003,3,啪s,kR,0,,,265,243,19
44201127004,3,啪s,kS,0,,,486,195,30
44201127005,3,啪s,kT,0,,,382,225,138
442011280,2,啪s,썂,0,,,965,918,37
44201128001,3,啪s,썂P,0,,,169,158,8
44201128002,3,啪s,썂Q,0,,,256,248,8
44201128003,3,啪s,썂R,0,,,289,276,10
44201128004,3,啪s,썂S,0,,,251,236,11
442011290,2,啪s,厚,0,,,210,189,19
442011300,2,啪s,厚ߍ,0,,,640,272,338
442011311,2,啪s,,0,,,237,169,59
44201131101,3,啪s,P,0,,,135,106,24
44201131102,3,啪s,Q,0,,,54,31,21
44201131103,3,啪s,R,0,,,48,32,14
442011312,2,啪s,,0,,,417,221,147
44201131201,3,啪s,P,0,,,71,35,34
44201131202,3,啪s,Q,0,,,160,98,39
44201131203,3,啪s,R,0,,,186,88,74
442011313,2,啪s,厚,0,,,-,-,-
442011320,2,啪s,厚C,0,,,-,-,-
442011330,2,啪s,厚O,0,,,621,388,220
442011340,2,啪s,厚Ɠ,0,,,260,225,29
442011350,2,啪s,厚̏F,0,,,-,-,-
442011360,2,啪s,厚mF,0,,,-,-,-
442011370,2,啪s,厚,0,,,257,209,45
442011380,2,啪s,厚Ft,0,,,2221,1418,741
442011390,2,啪s,厚X,0,,,2809,1906,857
442011400,2,啪s,厚X,0,,,2003,1458,492
442011410,2,啪s,厚,0,,,2942,1790,958
442011420,2,啪s,厚,0,,,2830,1770,768
442011430,2,啪s,厚,0,,,1334,955,363
442011440,2,啪s,厚r,0,,,2198,1082,455
442011450,2,啪s,厚ߐ,0,,,35,29,1
442011460,2,啪s,厚ۋT,0,,,135,119,12
442011470,2,啪s,厚,0,,,289,137,63
442011480,2,啪s,厚,0,,,72,50,21
442011490,2,啪s,厚։,0,,,1018,688,306
442011500,2,啪s,厚s,0,,,823,587,228
442011510,2,啪s,厚{͓,0,,,1049,1016,20
442011520,2,啪s,厚L,0,,,50,50,-
442011530,2,啪s,厚,0,,,294,268,25
442011540,2,啪s,厚,0,,,866,546,300
442011550,2,啪s,厚ш,0,,,251,175,74
442011561,2,啪s,ʂ萼,0,,,-,-,-
44201156101,3,啪s,ʂ萼P,0,,,-,-,-
44201156102,3,啪s,ʂ萼Q,0,,,-,-,-
442011562,2,啪s,ʂ,0,,,1124,1101,13
44201156201,3,啪s,ʂP,0,,,210,206,1
44201156202,3,啪s,ʂQ,0,,,139,133,4
44201156203,3,啪s,ʂR,0,,,263,257,4
44201156204,3,啪s,ʂS,0,,,237,234,2
44201156205,3,啪s,ʂT,0,,,275,271,2
442011563,2,啪s,厚,0,,,1128,774,330
442011570,2,啪s,厚×,0,,,16,16,-
442011580,2,啪s,Ò,0,,,109,36,49
442011590,2,啪s,ߍ,0,,,241,124,97
44201159001,3,啪s,ߍP,0,,,86,32,53
44201159002,3,啪s,ߍQ,0,,,58,43,10
44201159003,3,啪s,ߍR,0,,,97,49,34
442011600,2,啪s,ߍ,0,,,484,184,285
44201160001,3,啪s,ߍP,0,,,71,30,39
44201160002,3,啪s,ߍQ,0,,,225,96,119
44201160003,3,啪s,ߍR,0,,,188,58,127
442011610,2,啪s,ߍ,0,,,310,104,200
44201161001,3,啪s,ߍP,0,,,160,75,82
44201161002,3,啪s,ߍQ,0,,,150,29,118
442011620,2,啪s,kߍ,0,,,167,79,86
44201162001,3,啪s,kߍP,0,,,123,54,68
44201162002,3,啪s,kߍQ,0,,,44,25,18
442011630,2,啪s,厚ˎ,0,,,235,226,8
442011640,2,啪s,厚ˎ,0,,,1790,1143,507
442011650,2,啪s,厚ˎ,0,,,363,351,11
442011660,2,啪s,厚㔻c,0,,,187,185,1
442011670,2,啪s,厚c,0,,,1368,1259,94
442011680,2,啪s,厚c,0,,,456,374,72
442011690,2,啪s,厚|,0,,,265,238,15
442011700,2,啪s,厚[o,0,,,154,139,3
442011710,2,啪s,厚͌,1,,1720,103,98,4
442011720,2,啪s,厚,2,1710,,X,X,X
442011730,2,啪s,厚,0,,,108,105,2
442011740,2,啪s,厚,0,,,231,226,3
442011750,2,啪s,厚,0,,,56,54,1
442011760,2,啪s,厚,0,,,43,42,1
442011770,2,啪s,厚u×,0,,,85,83,1
442011780,2,啪s,厚`,0,,,43,42,1
442011790,2,啪s,厚g쌴,0,,,49,49,-
442011800,2,啪s,厚{,0,,,42,42,-
442011810,2,啪s,厚,0,,,47,47,-
442011820,2,啪s,厚؏,0,,,1109,758,330
442011830,2,啪s,厚,0,,,246,204,41
442011840,2,啪s,厚s,0,,,653,401,236
442011850,2,啪s,厚ʑ,0,,,214,161,48
442011860,2,啪s,厚@,0,,,229,185,39
442011870,2,啪s,厚@,0,,,3848,3037,760
44201187001,3,啪s,厚@i\j,0,,,2042,1355,645
44201187002,3,啪s,厚@u,0,,,1279,1180,94
44201187003,3,啪s,厚@@k,0,,,125,117,8
44201187004,3,啪s,厚@@䐼,0,,,219,211,7
44201187005,3,啪s,厚@@䓌,0,,,183,174,6
442011881,2,啪s,ߓ,0,,,204,195,8
44201188101,3,啪s,ߓP,0,,,91,85,5
44201188102,3,啪s,ߓQ,0,,,113,110,3
442011882,2,啪s,厚,0,,,210,132,3
442011890,2,啪s,厚c,0,,,285,180,79
442011901,2,啪s,΂u,0,,,1369,1325,35
44201190101,3,啪s,΂uP,0,,,192,185,6
44201190102,3,啪s,΂uQ,0,,,288,269,14
44201190103,3,啪s,΂uR,0,,,222,219,3
44201190104,3,啪s,΂uS,0,,,423,413,9
44201190105,3,啪s,΂uT,0,,,244,239,3
442011902,2,啪s,厚,0,,,209,194,6
442011910,2,啪s,厚S,0,,,21,21,-
442011920,2,啪s,厚,0,,,356,143,116
442011930,2,啪s,厚cK,0,,,3741,2909,782
44201193001,3,啪s,厚cKi\j,0,,,1110,492,595
44201193002,3,啪s,厚cKӂuk,0,,,264,224,37
44201193003,3,啪s,厚cKӂuR,0,,,502,471,27
44201193004,3,啪s,厚cKӂu,0,,,169,153,16
44201193005,3,啪s,厚cKӂu,0,,,210,176,28
44201193006,3,啪s,厚cKӂu,0,,,453,424,25
44201193007,3,啪s,厚cKcKO[nCck,0,,,175,170,5
44201193008,3,啪s,厚cKcKO[nCc,0,,,270,261,6
44201193009,3,啪s,厚cKcKO[nCc,0,,,167,157,8
44201193010,3,啪s,厚cKcKO[nCc,0,,,153,145,6
44201193011,3,啪s,厚cKӂuicKj,0,,,268,236,29
442011940,2,啪s,厚,0,,,62,60,1
442011950,2,啪s,厚,0,,,513,505,7
442011970,2,啪s,厚c,0,,,2675,1452,531
44201197001,3,啪s,厚ci\j,0,,,1182,707,468
44201197002,3,啪s,厚cck,0,,,481,261,42
44201197003,3,啪s,厚cc쒬,0,,,893,369,18
44201197004,3,啪s,厚cc킩Α,0,,,85,81,3
44201197005,3,啪s,厚cck,0,,,34,34,-
442011980,2,啪s,厚U쌴,0,,,2976,900,2033
442011991,2,啪s,~ˑ,0,,,267,245,9
44201199101,3,啪s,~ˑP,0,,,42,31,-
44201199102,3,啪s,~ˑQ,0,,,225,214,9
442011992,2,啪s,厚,0,,,1892,697,1064
442012000,2,啪s,厚{,0,,,777,458,241
44201200001,3,啪s,厚{i\j,0,,,363,86,202
44201200002,3,啪s,厚{{,0,,,414,372,39
442012010,2,啪s,厚g,0,,,2637,1466,689
44201201001,3,啪s,厚gi\j,0,,,573,130,427
44201201002,3,啪s,厚gcn,0,,,709,200,56
44201201003,3,啪s,厚gg,0,,,713,581,124
44201201004,3,啪s,厚ggV,0,,,642,555,82
442012021,2,啪s,ꗈk,0,,,1601,264,1301
44201202101,3,啪s,ꗈkP,0,,,564,168,387
44201202102,3,啪s,ꗈkQ,0,,,960,76,860
44201202103,3,啪s,ꗈkR,0,,,77,20,54
442012022,2,啪s,ꗈ,0,,,691,205,420
44201202201,3,啪s,ꗈP,0,,,469,105,304
44201202202,3,啪s,ꗈQ,0,,,218,96,116
44201202203,3,啪s,ꗈR,0,,,4,4,-
442012023,2,啪s,厚ꗈ,0,,,364,281,74
442012030,2,啪s,厚,0,,,182,175,6
442012040,2,啪s,厚c,0,,,261,255,4
442012050,2,啪s,厚,0,,,40,40,-
442012060,2,啪s,厚,0,,,462,281,149
44201206001,3,啪s,厚i\j,0,,,290,281,7
44201206002,3,啪s,厚cn,0,,,172,-,142
442012070,2,啪s,厚@,0,,,144,136,3
442012080,2,啪s,厚{,0,,,77,77,-
442012090,2,啪s,~˓,0,,,551,219,13
442012100,2,啪s,~ː,0,,,365,134,24
442012110,2,啪s,~˓쒬,0,,,201,111,20
442012120,2,啪s,~˖k,0,,,534,125,48
442012130,2,啪s,~ːV,0,,,716,48,10
442012140,2,啪s,,0,,,360,327,29
44201214001,3,啪s,P,0,,,164,150,11
44201214002,3,啪s,Q,0,,,196,177,18
442012151,2,啪s,u,0,,,124,85,37
44201215101,3,啪s,uP,0,,,71,38,31
44201215102,3,啪s,uQ,0,,,53,47,6
442012152,2,啪s,{,0,,,567,173,304
44201215201,3,啪s,{P,0,,,158,81,73
44201215202,3,啪s,{Q,0,,,409,92,231
442012153,2,啪s,ԍ],0,,,411,109,291
442012154,2,啪s,,0,,,97,12,82
44201215401,3,啪s,P,0,,,46,5,40
44201215402,3,啪s,Q,0,,,51,7,42
442012155,2,啪s,厚u,0,,,230,125,95
442012161,2,啪s,,0,,,143,52,91
442012162,2,啪s,pq,0,,,148,16,125
44201216201,3,啪s,pqP,0,,,5,5,-
44201216202,3,啪s,pqQ,0,,,143,11,125
442012163,2,啪s,pq,0,,,329,166,163
44201216301,3,啪s,pqP,0,,,231,138,93
44201216302,3,啪s,pqQ,0,,,98,28,70
442012164,2,啪s,厚pq,0,,,309,246,59
442012171,2,啪s,ݖk,0,,,1385,404,874
44201217101,3,啪s,ݖkP,0,,,449,150,285
44201217102,3,啪s,ݖkQ,0,,,149,62,83
44201217103,3,啪s,ݖkR,0,,,550,139,326
44201217104,3,啪s,ݖkS,0,,,237,53,180
442012172,2,啪s,厚k,0,,,-,-,-
442012181,2,啪s,c,0,,,1230,348,719
44201218101,3,啪s,cP,0,,,524,178,242
44201218102,3,啪s,cQ,1,,2182,706,170,477
442012182,2,啪s,厚c,2,218102,,X,X,X
442012191,2,啪s,ݒ,0,,,703,126,562
44201219101,3,啪s,ݒP,0,,,499,69,418
44201219102,3,啪s,ݒQ,0,,,204,57,144
442012192,2,啪s,,0,,,949,220,689
44201219201,3,啪s,P,0,,,525,87,412
44201219202,3,啪s,Q,0,,,424,133,277
442012193,2,啪s,厚,0,,,1733,470,1214
442012201,2,啪s,ݕl,0,,,486,198,270
44201220101,3,啪s,ݕlP,0,,,226,81,140
44201220102,3,啪s,ݕlQ,0,,,260,117,130
442012202,2,啪s,,0,,,804,420,329
44201220201,3,啪s,P,0,,,259,122,104
44201220202,3,啪s,Q,1,,2203,545,298,225
442012203,2,啪s,厚l,2,220202,,X,X,X
442012211,2,啪s,|,0,,,359,122,222
44201221101,3,啪s,|P,0,,,196,79,108
44201221102,3,啪s,|Q,0,,,163,43,114
442012212,2,啪s,,0,,,477,235,233
44201221201,3,啪s,˂P,0,,,176,106,69
44201221202,3,啪s,˂Q,0,,,301,129,164
442012213,2,啪s,厚|,0,,,-,-,-
442012220,2,啪s,厚錴,0,,,1422,518,866
442012230,2,啪s,厚,0,,,-,-,-
442012240,2,啪s,厚,0,,,-,-,-
442012251,2,啪s,b,0,,,234,107,124
442012252,2,啪s,l,0,,,215,90,87
442012254,2,啪s,ms,0,,,675,416,229
44201225401,3,啪s,msP,0,,,197,68,110
44201225402,3,啪s,msQ,0,,,55,35,19
44201225403,3,啪s,msR,0,,,157,110,41
44201225404,3,啪s,msS,0,,,157,106,47
44201225405,3,啪s,msT,0,,,109,97,12
442012260,2,啪s,厚ؓc,0,,,227,206,19
442012271,2,啪s,vk,0,,,81,44,34
442012273,2,啪s,v,0,,,427,242,167
44201227301,3,啪s,vP,0,,,168,66,90
44201227302,3,啪s,vQ,0,,,79,55,22
44201227303,3,啪s,vR,0,,,127,73,50
44201227304,3,啪s,vS,0,,,53,48,5
442012274,2,啪s,厚v,0,,,39,23,14
442012280,2,啪s,厚,0,,,267,224,39
442012290,2,啪s,厚,0,,,270,250,18
442012300,2,啪s,厚s,0,,,107,105,1
442012310,2,啪s,厚R,0,,,312,273,36
442012321,2,啪s,m,0,,,331,139,178
44201232101,3,啪s,mP,0,,,125,57,60
44201232102,3,啪s,mQ,0,,,206,82,118
442012323,2,啪s,,0,,,266,127,133
44201232301,3,啪s,P,0,,,30,15,14
44201232302,3,啪s,Q,0,,,76,14,60
44201232303,3,啪s,R,0,,,160,98,59
442012324,2,啪s,厚,0,,,425,226,151
442012330,2,啪s,厚O,0,,,311,277,32
442012340,2,啪s,厚O,0,,,212,113,98
442012350,2,啪s,厚,0,,,204,121,82
442012360,2,啪s,厚vy,0,,,157,154,3
442012370,2,啪s,厚,0,,,663,369,286
442012380,2,啪s,厚g,0,,,-,-,-
442012410,2,啪s,Ycn,0,,,154,111,42
442012420,2,啪s,GK,0,,,318,307,8
442012500,2,啪s,a,0,,,457,413,41
44201250001,3,啪s,aP,0,,,190,173,15
44201250002,3,啪s,aQ,0,,,267,240,26
442012510,2,啪s,F͌,0,,,155,126,25
442012540,2,啪s,ߍ,0,,,435,150,241
44201254001,3,啪s,ߍP,0,,,209,70,130
44201254002,3,啪s,ߍQ,0,,,175,53,90
44201254003,3,啪s,ߍR,0,,,51,27,21
442012580,2,啪s,,0,,,273,253,16
44201258001,3,啪s,P,0,,,153,144,8
44201258002,3,啪s,Q,0,,,120,109,8
442012590,2,啪s,~u,0,,,558,548,8
44201259001,3,啪s,~uP,0,,,352,346,6
44201259002,3,啪s,~uQ,0,,,147,146,-
44201259003,3,啪s,~uR,0,,,59,56,2
442012600,2,啪s,Ђ΂Pu,0,,,657,619,32
44201260001,3,啪s,Ђ΂PuP,0,,,88,82,5
44201260002,3,啪s,Ђ΂PuQ,0,,,99,85,14
44201260003,3,啪s,Ђ΂PuR,0,,,128,126,1
44201260004,3,啪s,Ђ΂PuS,0,,,175,167,4
44201260005,3,啪s,Ђ΂PuT,0,,,167,159,8
442012610,2,啪s,,0,,,904,826,68
44201261001,3,啪s,P,0,,,231,216,13
44201261002,3,啪s,Q,0,,,288,265,21
44201261003,3,啪s,R,0,,,140,129,7
44201261004,3,啪s,S,0,,,245,216,27
442012620,2,啪s,,0,,,386,359,23
44201262001,3,啪s,P,0,,,105,93,12
44201262002,3,啪s,Q,0,,,126,118,6
44201262003,3,啪s,R,0,,,123,116,5
44201262004,3,啪s,S,0,,,32,32,-
442012630,2,啪s,̑,0,,,262,255,5
442012640,2,啪s,]k,0,,,78,76,2
44201264001,3,啪s,]kP,0,,,73,72,1
44201264002,3,啪s,]kQ,0,,,5,4,1
442012650,2,啪s,],0,,,612,604,7
44201265001,3,啪s,]P,0,,,302,298,4
44201265002,3,啪s,]Q,1,,265003,310,306,3
44201265003,3,啪s,]R,2,265002,,X,X,X
442012660,2,啪s,],0,,,-,-,-
44201266001,3,啪s,]P,0,,,-,-,-
44201266002,3,啪s,]Q,0,,,-,-,-
442012670,2,啪s,],0,,,678,669,6
44201267001,3,啪s,]P,0,,,254,251,2
44201267002,3,啪s,]Q,0,,,259,254,4
44201267003,3,啪s,]P,0,,,165,164,-
442012680,2,啪s,₫,0,,,935,913,15
44201268001,3,啪s,₫P,0,,,230,223,3
44201268002,3,啪s,₫Q,0,,,292,284,6
44201268003,3,啪s,₫R,0,,,222,216,5
44201268004,3,啪s,₫S,0,,,191,190,1
442012690,2,啪s,]݂u,0,,,543,534,9
442012700,2,啪s,,0,,,-,-,-
442012710,2,啪s,啪ʋƖcn,0,,,-,-,-
44201271001,3,啪s,啪ʋƖcnP,0,,,-,-,-
44201271002,3,啪s,啪ʋƖcnQ,0,,,-,-,-
44201271003,3,啪s,啪ʋƖcnR,0,,,-,-,-
442012720,2,啪s,@,0,,,312,267,38
44201272001,3,啪s,@P,0,,,54,32,20
44201272002,3,啪s,@Q,0,,,117,113,3
44201272003,3,啪s,@R,0,,,141,122,15
442012730,2,啪s,哹,0,,,976,214,702
44201273001,3,啪s,哹P,0,,,206,44,154
44201273002,3,啪s,哹Q,0,,,282,78,190
44201273003,3,啪s,哹R,0,,,213,50,137
44201273004,3,啪s,哹S,0,,,275,42,221
442012740,2,啪s,O,0,,,960,490,443
44201274001,3,啪s,OP,0,,,144,45,95
44201274002,3,啪s,OQ,0,,,226,126,97
44201274003,3,啪s,OR,0,,,221,95,112
44201274004,3,啪s,OS,0,,,197,119,75
44201274005,3,啪s,OT,0,,,83,32,48
44201274006,3,啪s,OU,0,,,89,73,16
442012750,2,啪s,]u,0,,,355,314,37
442012760,2,啪s,xmu,0,,,1433,1254,165
44201276001,3,啪s,xmuP,0,,,202,200,1
44201276002,3,啪s,xmuQ,0,,,303,274,26
44201276003,3,啪s,xmuR,0,,,384,287,90
44201276004,3,啪s,xmuS,0,,,292,266,23
44201276005,3,啪s,xmuT,0,,,252,227,25
442012770,2,啪s,xmu,0,,,1471,1406,58
44201277001,3,啪s,xmuP,0,,,358,333,25
44201277002,3,啪s,xmuQ,0,,,306,287,16
44201277003,3,啪s,xmuR,0,,,422,410,9
44201277004,3,啪s,xmuS,0,,,385,376,8
442012780,2,啪s,ܑ,0,,,437,431,2
44201278001,3,啪s,ܑP,0,,,201,201,-
44201278002,3,啪s,ܑQ,0,,,131,128,1
44201278003,3,啪s,ܑR,0,,,105,102,1
442012790,2,啪s,厚,0,,,1166,1002,41
44201279000,3,啪s,厚,0,,,798,708,33
44201279001,3,啪s,厚,0,,,60,56,1
44201279002,3,啪s,厚֌Ë{,0,,,208,138,7
44201279003,3,啪s,厚֕,0,,,34,34,-
44201279004,3,啪s,厚֏,0,,,58,58,-
44201279005,3,啪s,厚֑单,0,,,8,8,-
442012800,2,啪s,厚,0,,,427,369,18
44201280000,3,啪s,厚,0,,,359,301,18
44201280001,3,啪s,厚؋ʈ,0,,,42,42,-
44201280002,3,啪s,厚؎,0,,,26,26,-
442012810,2,啪s,厚ډ,0,,,423,412,8
44201281000,3,啪s,厚ډ,0,,,-,-,-
44201281001,3,啪s,厚ډcmY,0,,,52,52,-
44201281002,3,啪s,厚ډډY,0,,,195,189,4
44201281003,3,啪s,厚ډډY,0,,,176,171,4
442012820,2,啪s,厚n,0,,,333,208,40
442012830,2,啪s,厚؍,0,,,272,253,17
442012840,2,啪s,厚{_,0,,,391,348,29
442012850,2,啪s,厚啽,0,,,95,94,1
442012860,2,啪s,厚u,0,,,724,660,28
44201286000,3,啪s,厚u,0,,,-,-,-
44201286001,3,啪s,厚uؑu,0,,,420,384,9
44201286002,3,啪s,厚u؏u,0,,,116,109,3
44201286003,3,啪s,厚uؐhK,0,,,188,167,16
442012870,2,啪s,,0,,,-,-,-
442012890,2,啪s,厚,0,,,81,81,-
442012900,2,啪s,厚Ì,0,,,603,464,129
442012910,2,啪s,厚@,0,,,78,77,1
442012920,2,啪s,厚Ҍ,0,,,56,55,-
442012930,2,啪s,厚|,0,,,198,191,6
442012940,2,啪s,厚,0,,,143,141,2
442012950,2,啪s,厚l,0,,,56,56,-
442012960,2,啪s,厚c,0,,,78,77,1
442012970,2,啪s,厚c,0,,,15,14,1
442012980,2,啪s,厚,0,,,23,23,-
442012990,2,啪s,厚הn,0,,,29,29,-
442013000,2,啪s,厚s,0,,,150,149,1
442013010,2,啪s,,0,,,366,225,134
44201301001,3,啪s,P,0,,,201,114,84
44201301002,3,啪s,Q,0,,,132,88,40
44201301003,3,啪s,R,0,,,33,23,10
442013020,2,啪s,ms,0,,,226,121,101
44201302001,3,啪s,msP,0,,,87,61,25
44201302002,3,啪s,msQ,0,,,139,60,76
442013030,2,啪s,ms,0,,,681,481,188
44201303001,3,啪s,msP,0,,,145,99,44
44201303002,3,啪s,msQ,0,,,119,105,11
44201303003,3,啪s,msR,0,,,227,142,79
44201303004,3,啪s,msS,0,,,190,135,54
442013040,2,啪s,v,0,,,210,157,51
44201304001,3,啪s,vP,0,,,129,97,30
44201304002,3,啪s,vQ,0,,,81,60,21
442013050,2,啪s,u,0,,,456,451,3
44201305001,3,啪s,uP,0,,,47,47,-
44201305002,3,啪s,uQ,0,,,278,274,2
44201305003,3,啪s,uR,0,,,131,130,1
442013060,2,啪s,qR̎蒬,0,,,594,236,176
442013070,2,啪s,V,0,,,331,319,12
442013080,2,啪s,ꗈ,0,,,710,224,467
44201308001,3,啪s,ꗈP,0,,,283,75,198
44201308002,3,啪s,ꗈQ,0,,,427,149,269
44202,1,ʕ{s,,0,,,54507,27460,22553
442020010,2,ʕ{s,K,0,,,496,167,311
442020020,2,ʕ{s,xm,0,,,330,136,170
442020030,2,ʕ{s,,0,,,603,248,350
442020040,2,ʕ{s,,0,,,625,212,395
44202004001,3,ʕ{s,,0,,,351,90,246
44202004002,3,ʕ{s,,0,,,274,122,149
442020050,2,ʕ{s,wO{,0,,,267,81,183
442020060,2,ʕ{s,wO,0,,,250,37,190
442020070,2,ʕ{s,,0,,,572,255,166
44202007001,3,ʕ{s,,0,,,174,12,88
44202007002,3,ʕ{s,,0,,,398,243,78
442020080,2,ʕ{s,V,0,,,573,284,284
44202008001,3,ʕ{s,V,0,,,164,66,96
44202008002,3,ʕ{s,V,0,,,409,218,188
442020090,2,ʕ{s,풬,0,,,252,138,108
44202009001,3,ʕ{s,풬,0,,,165,98,62
44202009002,3,ʕ{s,풬,0,,,87,40,46
442020100,2,ʕ{s,,0,,,294,69,220
442020110,2,ʕ{s,kl,0,,,444,127,302
44202011001,3,ʕ{s,klP,0,,,153,50,96
44202011002,3,ʕ{s,klQ,0,,,84,28,55
44202011003,3,ʕ{s,klR,0,,,207,49,151
442020120,2,ʕ{s,IPl,0,,,342,53,276
442020130,2,ʕ{s,kIPl,0,,,246,70,166
442020140,2,ʕ{s,|Pl,0,,,172,56,115
442020150,2,ʕ{s,,0,,,276,72,196
442020160,2,ʕ{s,ᑐ,0,,,628,91,491
442020170,2,ʕ{s,݃Pl,0,,,411,171,193
442020180,2,ʕ{s,V`,0,,,216,78,132
442020190,2,ʕ{s,,0,,,175,50,122
442020200,2,ʕ{s,,0,,,627,248,353
442020210,2,ʕ{s,c̓,0,,,377,150,216
442020220,2,ʕ{s,c̓,0,,,586,315,255
442020230,2,ʕ{s,R,0,,,487,208,172
442020240,2,ʕ{s,㌴,0,,,317,206,110
442020250,2,ʕ{s,R̎蒬,0,,,355,198,145
442020260,2,ʕ{s,,0,,,438,259,172
442020270,2,ʕ{s,,0,,,498,237,192
442020280,2,ʕ{s,,0,,,574,327,222
44202028001,3,ʕ{s,,0,,,185,120,55
44202028002,3,ʕ{s,,0,,,277,127,137
44202028003,3,ʕ{s,,0,,,112,80,30
442020290,2,ʕ{s,,0,,,1074,621,389
44202029001,3,ʕ{s,P,0,,,585,311,213
44202029002,3,ʕ{s,Q,0,,,292,196,93
44202029003,3,ʕ{s,R,0,,,197,114,83
442020300,2,ʕ{s,Ht,0,,,346,172,167
442020310,2,ʕ{s,L,0,,,304,105,189
44202031001,3,ʕ{s,L,0,,,79,18,61
44202031002,3,ʕ{s,L,0,,,225,87,128
442020320,2,ʕ{s,㒬,0,,,323,153,89
442020330,2,ʕ{s,l,0,,,335,197,116
44202033001,3,ʕ{s,l,0,,,205,102,101
44202033002,3,ʕ{s,l,0,,,130,95,15
442020340,2,ʕ{s,,0,,,262,136,82
44202034001,3,ʕ{s,,0,,,143,60,48
44202034002,3,ʕ{s,,0,,,119,76,34
442020350,2,ʕ{s,쒬,0,,,218,115,94
442020360,2,ʕ{s,c,0,,,190,114,74
442020370,2,ʕ{s,le,0,,,789,344,306
44202037001,3,ʕ{s,leP,0,,,400,136,161
44202037002,3,ʕ{s,leQ,0,,,160,74,55
44202037003,3,ʕ{s,leR,0,,,229,134,90
442020380,2,ʕ{s,DH,0,,,321,37,247
442020390,2,ʕ{s,,0,,,196,22,162
442020400,2,ʕ{s,Tl̓,0,,,489,362,121
44202040001,3,ʕ{s,Tl̓,0,,,273,203,66
44202040002,3,ʕ{s,Tl̓,0,,,216,159,55
442020410,2,ʕ{s,c,0,,,622,264,333
442020420,2,ʕ{s,Ɣg,0,,,389,151,229
442020430,2,ʕ{s,lPl,0,,,199,96,98
442020440,2,ʕ{s,l{,0,,,308,154,146
442020450,2,ʕ{s,l,0,,,650,288,346
442020460,2,ʕ{s,Îs,0,,,168,134,32
442020470,2,ʕ{s,Tlc,0,,,505,97,375
442020480,2,ʕ{s,T쒆,0,,,658,279,361
44202048001,3,ʕ{s,T쒆,0,,,192,74,117
44202048002,3,ʕ{s,T쒆,0,,,466,205,244
442020490,2,ʕ{s,T쓌,0,,,365,81,281
442020500,2,ʕ{s,厚ʕ{,0,,,783,412,108
44202050001,3,ʕ{s,厚ʕ{,0,,,13,9,3
44202050002,3,ʕ{s,厚ʕ{,0,,,113,64,47
44202050003,3,ʕ{s,厚ʕ{,0,,,486,190,52
44202050004,3,ʕ{s,厚ʕ{,0,,,-,-,-
44202050005,3,ʕ{s,厚ʕ{,0,,,35,33,2
44202050007,3,ʕ{s,厚ʕ{,0,,,29,27,1
44202050010,3,ʕ{s,厚ʕ{,0,,,81,64,2
44202050011,3,ʕ{s,厚ʕ{,0,,,26,25,1
44202050012,3,ʕ{s,厚ʕ{,0,,,-,-,-
442020510,2,ʕ{s,厚le,0,,,507,370,120
44202051003,3,ʕ{s,厚le,0,,,26,22,4
44202051004,3,ʕ{s,厚le,0,,,59,49,5
44202051005,3,ʕ{s,厚le,0,,,239,139,92
44202051006,3,ʕ{s,厚le,0,,,20,20,-
44202051007,3,ʕ{s,厚le,0,,,52,38,13
44202051008,3,ʕ{s,厚le,0,,,22,19,1
44202051009,3,ʕ{s,厚le,0,,,39,34,5
44202051010,3,ʕ{s,厚le,0,,,30,29,-
44202051011,3,ʕ{s,厚le,0,,,20,20,-
442020520,2,ʕ{s,厚엧,0,,,3061,2025,758
44202052001,3,ʕ{s,厚엧,2,052003,,X,X,X
44202052002,3,ʕ{s,厚엧,0,,,756,401,306
44202052003,3,ʕ{s,厚엧,1,,052001,146,103,40
44202052004,3,ʕ{s,厚엧,0,,,311,176,14
44202052005,3,ʕ{s,厚엧,0,,,367,329,35
44202052006,3,ʕ{s,厚엧,0,,,187,98,45
44202052007,3,ʕ{s,厚엧,0,,,159,70,41
44202052008,3,ʕ{s,厚엧,0,,,244,155,86
44202052010,3,ʕ{s,厚엧,0,,,467,388,76
44202052011,3,ʕ{s,厚엧,0,,,279,201,76
44202052012,3,ʕ{s,厚엧,0,,,145,104,39
442020530,2,ʕ{s,厚,0,,,105,98,4
44202053001,3,ʕ{s,厚,0,,,31,27,2
44202053002,3,ʕ{s,厚,0,,,74,71,2
442020540,2,ʕ{s,厚Ί_,0,,,421,274,117
44202054005,3,ʕ{s,厚Ί_,0,,,178,106,66
44202054006,3,ʕ{s,厚Ί_,0,,,243,168,51
442020550,2,ʕ{s,厚kΊ_,0,,,3766,1708,1960
44202055001,3,ʕ{s,厚kΊ_,0,,,76,59,16
44202055002,3,ʕ{s,厚kΊ_,0,,,341,162,165
44202055003,3,ʕ{s,厚kΊ_,0,,,392,174,203
44202055004,3,ʕ{s,厚kΊ_,0,,,904,469,430
44202055005,3,ʕ{s,厚kΊ_,0,,,267,174,85
44202055006,3,ʕ{s,厚kΊ_,0,,,438,199,229
44202055007,3,ʕ{s,厚kΊ_,0,,,642,142,472
44202055008,3,ʕ{s,厚kΊ_,0,,,136,110,20
44202055009,3,ʕ{s,厚kΊ_,0,,,557,214,332
44202055011,3,ʕ{s,厚kΊ_,0,,,13,5,8
442020560,2,ʕ{s,厚ߌ,0,,,13138,7897,3307
44202056002,3,ʕ{s,厚ߌ,0,,,741,508,168
44202056003,3,ʕ{s,厚ߌ,0,,,1081,687,371
44202056004,3,ʕ{s,厚ߌ,0,,,880,543,238
44202056005,3,ʕ{s,厚ߌ,0,,,668,251,277
44202056006,3,ʕ{s,厚ߌ,0,,,28,2,26
44202056007,3,ʕ{s,厚ߌ,0,,,13,7,6
44202056008,3,ʕ{s,厚ߌ,0,,,88,33,-
44202056009,3,ʕ{s,厚ߌ,0,,,492,391,70
44202056010,3,ʕ{s,厚ߌ,0,,,308,55,2
44202056011,3,ʕ{s,厚ߌ,0,,,1018,775,233
44202056012,3,ʕ{s,厚ߌ,0,,,1212,726,142
44202056013,3,ʕ{s,厚ߌ,0,,,1400,769,528
44202056014,3,ʕ{s,厚ߌ,0,,,858,420,276
44202056015,3,ʕ{s,厚ߌ,0,,,2346,1657,403
44202056016,3,ʕ{s,厚ߌ,0,,,661,330,321
44202056017,3,ʕ{s,厚ߌ,0,,,342,-,1
44202056018,3,ʕ{s,厚ߌ,0,,,712,513,188
44202056019,3,ʕ{s,厚ߌ,0,,,290,230,57
44202056020,3,ʕ{s,厚ߌ,0,,,-,-,-
44202056021,3,ʕ{s,厚ߌ,0,,,-,-,-
442020570,2,ʕ{s,厚T,0,,,1045,656,288
44202057001,3,ʕ{s,厚T,0,,,349,291,58
44202057002,3,ʕ{s,厚T,0,,,395,146,154
44202057003,3,ʕ{s,厚T,0,,,73,51,22
44202057004,3,ʕ{s,厚T,0,,,38,28,8
44202057006,3,ʕ{s,厚T,0,,,34,-,32
44202057007,3,ʕ{s,厚T,0,,,156,140,14
442020580,2,ʕ{s,厚c,0,,,311,246,52
44202058002,3,ʕ{s,厚c,0,,,280,218,51
44202058004,3,ʕ{s,厚c,0,,,31,28,1
44202058005,3,ʕ{s,厚c,0,,,-,-,-
442020590,2,ʕ{s,厚,0,,,2525,1569,688
44202059001,3,ʕ{s,厚,0,,,377,229,146
44202059002,3,ʕ{s,厚,0,,,663,282,352
44202059004,3,ʕ{s,厚,0,,,561,377,163
44202059005,3,ʕ{s,厚,0,,,55,9,4
44202059006,3,ʕ{s,厚,0,,,173,-,-
44202059007,3,ʕ{s,厚,0,,,403,391,12
44202059008,3,ʕ{s,厚,0,,,293,281,11
442020600,2,ʕ{s,厚씨,0,,,57,57,-
44202060002,3,ʕ{s,厚씨,0,,,20,20,-
44202060003,3,ʕ{s,厚씨,0,,,37,37,-
44202060004,3,ʕ{s,厚씨,0,,,-,-,-
442020610,2,ʕ{s,厚,0,,,211,199,9
442020620,2,ʕ{s,厚S,0,,,1438,924,479
44202062001,3,ʕ{s,厚S,0,,,154,68,81
44202062002,3,ʕ{s,厚S,0,,,85,56,25
44202062003,3,ʕ{s,厚S,0,,,111,74,29
44202062004,3,ʕ{s,厚S,0,,,29,22,6
44202062005,3,ʕ{s,厚S,0,,,731,444,279
44202062006,3,ʕ{s,厚S,0,,,328,260,59
442020640,2,ʕ{s,厚R,0,,,97,91,1
44202064001,3,ʕ{s,厚R,0,,,24,19,-
44202064002,3,ʕ{s,厚R,0,,,35,35,-
44202064003,3,ʕ{s,厚R,0,,,20,20,-
44202064004,3,ʕ{s,厚R,0,,,18,17,1
442020650,2,ʕ{s,,0,,,-,-,-
442020660,2,ʕ{s,Ί_,0,,,4154,1369,2628
44202066001,3,ʕ{s,Ί_P,0,,,815,291,506
44202066002,3,ʕ{s,Ί_Q,0,,,364,98,247
44202066003,3,ʕ{s,Ί_R,0,,,375,34,292
44202066004,3,ʕ{s,Ί_S,0,,,305,99,196
44202066005,3,ʕ{s,Ί_T,0,,,232,115,112
44202066006,3,ʕ{s,Ί_U,0,,,474,197,262
44202066007,3,ʕ{s,Ί_V,0,,,424,117,290
44202066008,3,ʕ{s,Ί_W,0,,,576,165,399
44202066009,3,ʕ{s,Ί_X,0,,,136,71,63
44202066010,3,ʕ{s,Ί_PO,0,,,453,182,261
442020670,2,ʕ{s,Ί_,0,,,2746,1100,1590
44202067001,3,ʕ{s,Ί_P,0,,,90,38,51
44202067002,3,ʕ{s,Ί_Q,0,,,261,91,166
44202067003,3,ʕ{s,Ί_R,0,,,403,152,243
44202067004,3,ʕ{s,Ί_S,0,,,276,83,191
44202067005,3,ʕ{s,Ί_T,0,,,240,106,112
44202067006,3,ʕ{s,Ί_U,0,,,256,127,126
44202067007,3,ʕ{s,Ί_V,0,,,238,105,131
44202067008,3,ʕ{s,Ί_W,0,,,314,115,194
44202067009,3,ʕ{s,Ί_X,0,,,254,119,132
44202067010,3,ʕ{s,Ί_PO,0,,,414,164,244
44203,1,Îs,,0,,,34811,22803,9462
442030010,2,Îs,,0,,,1936,1318,536
44203001001,3,Îs,,0,,,1901,1298,523
44203001002,3,Îs,,0,,,35,20,13
442030020,2,Îs,厚,0,,,381,242,131
442030030,2,Îs,厚Ԕ,0,,,64,62,2
442030040,2,Îs,厚ɓc,0,,,291,276,12
442030050,2,Îs,厚,0,,,480,324,123
442030060,2,Îs,厚,0,,,351,301,48
442030070,2,Îs,厚A,0,,,515,385,122
442030080,2,Îs,R[h0080̌v,0,,,1027,524,462
44203008000,3,Îs,厚_,0,,,768,439,305
44203008001,3,Îs,_P,0,,,259,85,157
442030090,2,Îs,厚n,0,,,286,167,112
442030100,2,Îs,厚,0,,,694,487,140
442030110,2,Îs,厚Vc,0,,,370,237,116
442030120,2,Îs,厚,0,,,1088,413,594
442030130,2,Îs,厚a,0,,,1095,557,491
442030140,2,Îs,厚,0,,,666,585,54
442030150,2,Îs,厚,0,,,162,61,82
442030160,2,Îs,厚ri,0,,,443,296,137
442030170,2,Îs,厚@,0,,,1159,598,381
442030180,2,Îs,厚{i,0,,,1132,686,344
442030190,2,Îs,厚k,0,,,144,111,29
442030200,2,Îs,j,0,,,436,399,36
442030210,2,Îs,厚,0,,,728,452,242
442030220,2,Îs,厚藯,0,,,343,303,33
442030230,2,Îs,厚c,0,,,126,87,34
442030240,2,Îs,厚ri,0,,,741,394,240
442030250,2,Îs,厚{i,0,,,893,554,316
442030260,2,Îs,aVc,0,,,-,-,-
442030270,2,Îs,厚S,0,,,90,63,25
442030280,2,Îs,厚@,0,,,968,545,141
442030290,2,Îs,厚,0,,,651,385,88
442030300,2,Îs,厚cK,1,,0310,529,389,88
442030310,2,Îs,cK,2,0300,,X,X,X
442030320,2,Îs,厚p,0,,,699,354,304
442030330,2,Îs,厚iY,0,,,1421,1014,334
442030340,2,Îs,R[h0340̌v,0,,,802,411,330
44203034000,3,Îs,厚a,0,,,220,93,109
44203034003,3,Îs,aR,0,,,530,284,205
44203034004,3,Îs,aS,0,,,52,34,16
442030350,2,Îs,厚,0,,,146,122,11
442030360,2,Îs,厚瓇,0,,,190,181,6
442030370,2,Îs,厚,0,,,133,105,24
442030380,2,Îs,厚l,0,,,988,546,406
442030390,2,Îs,厚c,0,,,408,288,108
442030400,2,Îs,厚,0,,,567,452,103
442030410,2,Îs,厚c,0,,,939,592,326
442030420,2,Îs,厚{v,0,,,804,345,339
442030430,2,Îs,厚c,0,,,166,122,41
442030440,2,Îs,厚,0,,,516,319,182
442030450,2,Îs,㒬,0,,,1342,776,518
44203045001,3,Îs,㒬P,0,,,658,333,301
44203045002,3,Îs,㒬Q,0,,,684,443,217
442030460,2,Îs,,0,,,1535,671,695
44203046001,3,Îs,P,0,,,785,311,392
44203046002,3,Îs,Q,0,,,750,360,303
442030470,2,Îs,jV,0,,,75,74,1
442030480,2,Îs,Lc,0,,,356,134,199
442030500,2,Îs,ێR,0,,,208,99,72
442030510,2,Îs,,0,,,-,-,-
442030520,2,Îs,Om,0,,,186,173,12
442030530,2,Îs,Oyc,0,,,76,70,-
442030540,2,Îs,OP,0,,,223,191,6
442030550,2,Îs,O,0,,,115,113,1
442030560,2,Îs,O,0,,,156,153,3
442030570,2,Îs,OXR,0,,,112,107,4
442030580,2,Îs,OЎR,0,,,172,158,14
442030590,2,Îs,OP,0,,,111,57,3
442030600,2,Îs,Oc,0,,,206,203,2
442030610,2,Îs,Oa,0,,,68,68,-
442030620,2,Îs,Oa,0,,,157,112,3
442030630,2,Îs,Oa,0,,,102,93,5
442030640,2,Îs,O[,0,,,70,58,1
442030650,2,Îs,O[,0,,,73,71,2
442030660,2,Îs,{nkΖ,0,,,12,12,-
442030670,2,Îs,{nkuc,0,,,48,46,1
442030680,2,Îs,{nk],0,,,177,154,6
442030690,2,Îs,{nkc,0,,,107,71,6
442030700,2,Îs,{nk`,0,,,63,56,1
442030710,2,Îs,{nks,0,,,31,31,-
442030720,2,Îs,{nk`,0,,,56,47,-
442030730,2,Îs,{nk`,0,,,19,19,-
442030740,2,Îs,{nkՓc,0,,,162,153,1
442030750,2,Îs,{nk܌,0,,,79,77,-
442030760,2,Îs,{nk,0,,,60,55,-
442030770,2,Îs,{nkJ,0,,,130,126,1
442030780,2,Îs,{nkJ,0,,,173,167,4
442030790,2,Îs,nky,0,,,41,40,1
442030800,2,Îs,nkO,0,,,29,27,2
442030810,2,Îs,nkFc,0,,,16,16,-
442030821,2,Îs,nkc,0,,,135,116,3
442030822,2,Îs,nkuc,0,,,6,6,-
442030830,2,Îs,nkˌ,0,,,184,125,9
442030840,2,Îs,nk`,0,,,95,78,10
442030850,2,Îs,nkR,0,,,180,173,3
442030860,2,Îs,nk[n,0,,,112,103,2
442030870,2,Îs,nkRH,0,,,105,94,6
442030880,2,Îs,nk哇,0,,,131,121,5
442030890,2,Îs,nk{,0,,,99,90,1
442030900,2,Îs,nkg,0,,,173,165,7
442030910,2,Îs,nk쌴,0,,,41,41,-
442030920,2,Îs,nk,0,,,98,92,-
442030930,2,Îs,nkȖ,0,,,46,40,2
442030940,2,Îs,nk,0,,,35,32,2
442030950,2,Îs,R,0,,,184,179,3
442030960,2,Îs,RF],0,,,141,108,2
442030970,2,Îs,R,0,,,55,42,1
442030980,2,Îs,R,0,,,43,42,1
442030990,2,Îs,R,0,,,184,172,7
442031000,2,Îs,R,0,,,71,70,-
442031010,2,Îs,Rg,0,,,61,59,2
442031020,2,Îs,R,0,,,46,45,-
442031030,2,Îs,R{,0,,,65,63,-
442031040,2,Îs,RΖ,0,,,79,78,1
442031050,2,Îs,{,0,,,66,9,46
442031060,2,Îs,gq,0,,,168,80,79
44203106001,3,Îs,gqP,0,,,11,11,-
44203106002,3,Îs,gqQ,0,,,40,37,-
44203106003,3,Îs,gqR,0,,,117,32,79
442031070,2,Îs,V_,1,,1080,11,5,6
442031080,2,Îs,{,2,1070,,X,X,X
442031090,2,Îs,c{,0,,,83,45,27
44204,1,cs,,0,,,24751,17150,5443
442040010,2,cs,厚,0,,,925,522,377
442040020,2,cs,TR,0,,,204,138,56
442040030,2,cs,{,0,,,137,60,64
442040040,2,cs,G,0,,,194,141,46
44204004001,3,cs,GP,0,,,87,64,19
44204004002,3,cs,GQ,0,,,107,77,27
442040060,2,cs,쌴,0,,,84,60,20
442040070,2,cs,{,0,,,355,219,116
442040080,2,cs,,0,,,92,68,8
442040090,2,cs,쌳,0,,,317,116,147
442040100,2,cs,{,0,,,118,74,38
442040110,2,cs,{,0,,,151,105,43
442040120,2,cs,,0,,,172,74,96
442040130,2,cs,|cV,0,,,158,70,74
442040140,2,cs,,0,,,363,267,69
44204014001,3,cs,P,0,,,251,217,25
44204014002,3,cs,Q,0,,,112,50,44
442040160,2,cs,厚kc,0,,,674,338,123
442040170,2,cs,O{,0,,,378,197,164
44204017001,3,cs,O{P,0,,,244,133,99
44204017002,3,cs,O{Q,0,,,134,64,65
442040190,2,cs,O{V,0,,,193,140,47
442040200,2,cs,钬,0,,,269,156,85
442040210,2,cs,`,0,,,253,164,84
442040220,2,cs,钬,0,,,475,213,178
44204022001,3,cs,钬P,0,,,293,110,142
44204022002,3,cs,钬Q,0,,,182,103,36
442040240,2,cs,ۂ̓,0,,,303,177,79
442040250,2,cs,c,0,,,134,113,17
442040260,2,cs,,0,,,370,214,141
442040270,2,cs,W,0,,,377,178,188
44204027001,3,cs,WP,0,,,170,68,96
44204027002,3,cs,WQ,0,,,207,110,92
442040290,2,cs,ێR,0,,,391,240,132
44204029001,3,cs,ێRP,0,,,170,109,47
44204029002,3,cs,ێRQ,0,,,221,131,85
442040310,2,cs,厚c,0,,,362,246,107
442040320,2,cs,c,0,,,829,254,532
44204032001,3,cs,cP,0,,,511,156,330
44204032002,3,cs,cQ,0,,,318,98,202
442040340,2,cs,c{,0,,,151,71,71
442040350,2,cs,厚,0,,,408,363,31
442040360,2,cs,厚,0,,,1738,1071,392
442040370,2,cs,㒬,0,,,354,221,110
442040380,2,cs,厚n,0,,,808,354,270
442040390,2,cs,厚\,0,,,1096,594,456
442040400,2,cs,厚Fc,0,,,981,687,183
442040410,2,cs,厚,0,,,1114,848,204
442040420,2,cs,厚,0,,,303,215,49
442040430,2,cs,厚,0,,,117,113,-
442040440,2,cs,厚,0,,,504,311,8
442040450,2,cs,厚Rc,0,,,82,80,-
442040460,2,cs,厚Oa,0,,,1372,787,395
442040470,2,cs,厚Ԍ,0,,,297,278,14
442040480,2,cs,厚Lc,0,,,568,464,65
442040490,2,cs,厚Lc,0,,,443,419,17
442040500,2,cs,厚Lc,0,,,329,321,3
442040510,2,cs,厚Hc,0,,,207,204,-
442040520,2,cs,厚,0,,,267,255,5
442040530,2,cs,厚߉͓,0,,,244,239,3
442040540,2,cs,厚,0,,,289,281,4
442040550,2,cs,厚閾,0,,,304,289,8
442040560,2,cs,厚Έ,0,,,515,454,52
442040570,2,cs,厚R,0,,,94,91,2
442040580,2,cs,厚͖,0,,,150,143,4
442040590,2,cs,厚,0,,,66,65,-
442040600,2,cs,厚쉺,0,,,46,46,-
442040610,2,cs,厚|c,0,,,47,39,8
442040620,2,cs,Vq,0,,,175,173,-
442040630,2,cs,Vc,0,,,183,171,1
442040640,2,cs,VR,0,,,85,79,3
442040650,2,cs,V|,0,,,160,137,4
442040660,2,cs,VԊ,0,,,130,121,6
442040670,2,cs,Vn,0,,,297,287,2
442040680,2,cs,Vo,0,,,177,177,-
442040690,2,cs,V˓c,0,,,100,98,1
442040700,2,cs,V{,0,,,109,106,1
442040710,2,cs,Vܔns,0,,,216,211,2
442040720,2,cs,RR,0,,,345,314,10
44204072001,3,cs,RR,0,,,9,9,-
44204072002,3,cs,RR,0,,,36,33,3
44204072003,3,cs,RR`,0,,,35,20,3
44204072004,3,cs,RRR,0,,,17,13,-
44204072005,3,cs,RRV,0,,,-,-,-
44204072006,3,cs,RR,0,,,18,18,-
44204072007,3,cs,RR,0,,,30,30,-
44204072008,3,cs,RR,0,,,28,24,-
44204072009,3,cs,RRԕ,0,,,29,28,1
44204072010,3,cs,RR,0,,,41,40,1
44204072011,3,cs,RRM,0,,,33,30,2
44204072012,3,cs,RR,0,,,29,29,-
44204072013,3,cs,RRܔn,0,,,40,40,-
442040730,2,cs,RR,0,,,547,532,13
44204073001,3,cs,RR쌴,0,,,67,62,3
44204073002,3,cs,RRR,0,,,41,40,1
44204073003,3,cs,RR,0,,,25,24,1
44204073004,3,cs,RRА,0,,,35,32,3
44204073005,3,cs,RR쌴,0,,,20,20,-
44204073006,3,cs,RRX,0,,,15,15,-
44204073007,3,cs,RRȑ,1,,073009,32,32,-
44204073008,3,cs,RR,0,,,-,-,-
44204073009,3,cs,RR,2,073007,,X,X,X
44204073010,3,cs,RRXH,0,,,15,14,1
44204073011,3,cs,RR,1,,073012,16,16,-
44204073012,3,cs,RRc,2,073011,,X,X,X
44204073013,3,cs,RR㉺R,0,,,-,-,-
44204073014,3,cs,RR쐣,0,,,48,46,2
44204073015,3,cs,RRؔ,0,,,35,35,-
44204073016,3,cs,RR㔗,0,,,13,13,-
44204073017,3,cs,RR,1,,073021,51,50,1
44204073018,3,cs,RRÔ,0,,,19,19,-
44204073019,3,cs,RR,0,,,10,10,-
44204073020,3,cs,RRM,0,,,27,26,1
44204073021,3,cs,RR|̔,2,073017,,X,X,X
44204073022,3,cs,RR,0,,,24,24,-
44204073023,3,cs,RR,0,,,21,21,-
44204073024,3,cs,RR,0,,,9,9,-
44204073025,3,cs,RRь,0,,,24,24,-
442040740,2,cs,OÍ]M,0,,,86,75,1
442040750,2,cs,OÍ],0,,,141,126,-
442040760,2,cs,OÍ]Ԑ,0,,,129,119,4
442040770,2,cs,Í]Ȗ,0,,,248,204,6
442040780,2,cs,Í],0,,,112,99,3
442040790,2,cs,Í]쌴,0,,,209,177,1
442040800,2,cs,Í]c,0,,,130,97,-
44205,1,s,,0,,,28979,21475,5145
442050010,2,s,Ր,0,,,94,59,32
442050020,2,s,Փ,0,,,120,47,62
442050030,2,s,Փ쒬,0,,,134,68,58
442050040,2,s,k,0,,,231,125,97
442050050,2,s,,0,,,76,47,27
442050060,2,s,,0,,,122,91,28
442050070,2,s,쒬,0,,,53,35,18
442050080,2,s,鉺,0,,,102,68,31
442050090,2,s,鉺,0,,,62,41,19
442050100,2,s,铌,0,,,75,37,33
442050110,2,s,,0,,,35,29,4
442050120,2,s,`,0,,,118,89,24
442050130,2,s,t,0,,,145,61,76
442050140,2,s,c̉Y,0,,,109,69,38
442050150,2,s,̏o,0,,,117,60,56
442050160,2,s,wO,0,,,116,87,19
44205016001,3,s,wOP,0,,,55,42,13
44205016002,3,s,wOQ,0,,,61,45,6
442050180,2,s,쒬,0,,,107,55,51
442050190,2,s,Ic,0,,,85,61,23
442050200,2,s,P,0,,,132,81,49
442050210,2,s,,0,,,1083,495,516
44205021001,3,s,P,0,,,345,148,187
44205021002,3,s,Q,0,,,258,143,97
44205021003,3,s,R,0,,,203,108,92
44205021004,3,s,S,0,,,277,96,140
442050250,2,s,m,0,,,155,70,82
442050260,2,s,쒬,0,,,417,239,172
442050270,2,s,rD,0,,,427,198,189
442050280,2,s,,0,,,544,323,177
442050290,2,s,,0,,,193,109,39
442050300,2,s,̓,0,,,1026,471,503
44205030001,3,s,̓P,0,,,374,184,184
44205030002,3,s,̓Q,0,,,348,182,162
44205030003,3,s,̓R,0,,,304,105,157
442050330,2,s,,0,,,315,196,97
44205033001,3,s,P,0,,,117,59,44
44205033002,3,s,Q,0,,,198,137,53
442050351,2,s,蒬,0,,,67,38,25
44205035101,3,s,蒬P,2,035102,,X,X,X
44205035102,3,s,蒬Q,1,,035101,22,15,7
44205035103,3,s,蒬R,0,,,45,23,18
442050352,2,s,J,0,,,64,37,23
442050353,2,s,D,0,,,105,78,26
442050361,2,s,l,0,,,-,-,-
442050362,2,s,l,2,0363,,X,X,X
442050363,2,s,,1,,0362,1659,884,494
442050370,2,s,,0,,,178,165,11
442050381,2,s,ߒJ,0,,,36,20,4
44205038101,3,s,ߒJP,0,,,10,4,2
44205038102,3,s,ߒJQ,0,,,-,-,-
44205038103,3,s,ߒJR,0,,,26,16,2
442050382,2,s,쉪,0,,,484,282,185
44205038201,3,s,쉪P,0,,,236,112,116
44205038202,3,s,쉪Q,0,,,248,170,69
442050383,2,s,],0,,,223,51,13
442050391,2,s,{,0,,,192,114,64
442050392,2,s,߉,0,,,1121,497,412
44205039201,3,s,߉P,0,,,344,182,150
44205039202,3,s,߉Q,0,,,281,117,141
44205039203,3,s,߉R,0,,,496,198,121
442050393,2,s,厚ߖ],0,,,1454,980,328
442050400,2,s,厚㉪,0,,,608,402,55
442050410,2,s,厚_,0,,,524,400,114
442050420,2,s,厚c,0,,,401,391,8
442050430,2,s,厚,0,,,525,486,36
442050440,2,s,厚J,0,,,868,787,73
442050450,2,s,厚rc,0,,,754,534,127
442050460,2,s,厚C,0,,,599,520,58
442050470,2,s,厚ˌ,0,,,476,433,34
442050480,2,s,厚PY,0,,,174,167,6
442050490,2,s,厚rԑY,0,,,100,100,-
442050500,2,s,厚ΊԉY,0,,,89,86,3
442050510,2,s,厚Y,0,,,20,20,-
442050520,2,s,厚Y,0,,,31,30,1
442050530,2,s,厚Y,0,,,34,33,1
442050540,2,s,厚Y,0,,,16,16,-
442050550,2,s,厚А_Y,0,,,37,37,-
442050560,2,s,厚vۉY,0,,,22,22,-
442050570,2,s,厚됶,0,,,233,222,8
442050580,2,s,厚],0,,,98,92,4
442050590,2,s,厚h,0,,,95,92,3
442050600,2,s,厚R,0,,,220,216,2
442050610,2,s,厚ؗ,0,,,616,601,12
442050620,2,s,,0,,,-,-,-
442050630,2,s,,0,,,-,-,-
442050640,2,s,厚]Y,0,,,837,678,34
442050650,2,s,厚Y,0,,,112,103,3
442050660,2,s,厚gÉY,0,,,61,58,2
442050670,2,s,厚Y,0,,,69,64,2
442050680,2,s,厚ێsY,0,,,135,126,4
442050690,2,s,厚XY,0,,,149,139,2
442050700,2,s,厚X͓Y,0,,,59,57,-
442050710,2,s,厚Y,0,,,536,498,11
442050720,2,s,厚{Y,0,,,191,179,4
442050730,2,s,厚Y,0,,,334,304,6
442050740,2,s,厚|Y͓,0,,,338,299,14
442050750,2,s,厚d,0,,,160,143,4
442050760,2,s,厚啽,0,,,105,97,2
442050770,2,s,厚,0,,,100,99,-
442050780,2,s,厚͓,0,,,45,44,1
442050790,2,s,厚瑩,0,,,240,200,12
442050800,2,s,厚s,0,,,322,270,5
442050810,2,s,厚c,0,,,106,101,2
442050820,2,s,厚؉YzR,0,,,28,22,5
442050830,2,s,厚؉Y,0,,,42,42,-
442050840,2,s,厚Rq,0,,,124,120,3
442050850,2,s,厚㏬q,0,,,226,161,63
442050860,2,s,厚,0,,,614,398,137
442050870,2,s,厚c,0,,,90,87,2
442050880,2,s,厚דc,0,,,109,107,1
442050890,2,s,厚,0,,,63,60,3
442050900,2,s,厚c,0,,,171,135,1
442050910,2,s,厚],0,,,197,192,3
442050920,2,s,厚,0,,,75,75,-
442050930,2,s,厚,0,,,215,205,4
442050940,2,s,厚{,0,,,386,333,51
442050950,2,s,厚ڊ,0,,,188,185,2
442050960,2,s,厚Y,0,,,232,191,1
442050970,2,s,厚nY,0,,,332,257,12
442050980,2,s,厚Y,0,,,322,274,16
442050990,2,s,厚LY,0,,,97,96,1
442051000,2,s,厚HoY,0,,,83,75,1
442051010,2,s,厚zY,0,,,65,65,-
442051020,2,s,厚OY,0,,,15,12,1
442051030,2,s,厚Y,0,,,87,72,1
442051040,2,s,厚哇,0,,,72,65,2
442051050,2,s,厚,0,,,192,185,5
442051060,2,s,厚㒼,0,,,210,165,3
442051070,2,s,厚Ԗ,0,,,145,130,5
442051080,2,s,厚mc,0,,,124,109,-
442051090,2,s,厚,0,,,115,115,-
442051100,2,s,厚ÈY,0,,,227,207,17
442051110,2,s,厚CY,0,,,351,301,17
442051120,2,s,厚ŏCY,0,,,258,247,9
442051130,2,s,厚,0,,,15,14,1
442051140,2,s,厚}|,0,,,121,96,-
442051150,2,s,厚O,0,,,47,47,-
442051160,2,s,厚FÁX,0,,,44,43,1
442051170,2,s,厚g,0,,,68,66,2
442051180,2,s,厚,0,,,38,38,-
442051190,2,s,厚,0,,,35,33,2
442051200,2,s,厚m,0,,,36,36,-
442051210,2,s,厚,0,,,52,45,1
442051220,2,s,厚m,0,,,62,58,-
442051230,2,s,厚Ð,0,,,24,24,-
442051240,2,s,厚R,0,,,24,24,-
442051250,2,s,厚YY,0,,,271,226,8
442051260,2,s,厚FY,0,,,209,184,1
442051270,2,s,厚{Y,0,,,126,119,1
442051280,2,s,厚Y,0,,,75,71,2
442051290,2,s,厚|Y,0,,,62,60,2
44206,1,Pns,,0,,,14771,11742,2120
442060010,2,Pns,厚Pn,0,,,1538,908,553
442060020,2,Pns,厚񉤍,0,,,340,248,87
442060030,2,Pns,厚CY,0,,,663,515,136
442060040,2,Pns,厚,0,,,576,455,67
442060050,2,Pns,厚,0,,,1234,748,287
442060060,2,Pns,厚ˎ,0,,,460,358,95
442060070,2,Pns,厚]c,0,,,1331,922,342
442060080,2,Pns,厚Oc,0,,,304,193,9
442060090,2,Pns,厚c,0,,,532,406,116
442060100,2,Pns,厚],0,,,156,149,5
442060110,2,Pns,厚[c,0,,,66,63,3
442060120,2,Pns,厚Ɩ,0,,,137,132,5
442060130,2,Pns,厚m,0,,,186,176,8
442060140,2,Pns,厚唑,0,,,83,82,-
442060150,2,Pns,厚,0,,,131,131,-
442060160,2,Pns,厚[],0,,,178,177,1
442060170,2,Pns,厚zK,0,,,764,485,177
442060180,2,Pns,厚l,0,,,215,209,4
442060190,2,Pns,厚ÉY,0,,,107,103,4
442060200,2,Pns,厚u,0,,,402,396,5
442060210,2,Pns,厚,0,,,245,231,14
442060220,2,Pns,厚c,0,,,163,158,4
442060230,2,Pns,厚m],0,,,142,133,4
442060240,2,Pns,厚䑺,0,,,664,586,74
442060250,2,Pns,厚c,0,,,232,211,21
442060260,2,Pns,厚͓,0,,,152,148,4
442060270,2,Pns,厚L,0,,,390,362,25
442060280,2,Pns,厚cK,0,,,54,54,-
442060290,2,Pns,厚xJ,0,,,42,42,-
442060300,2,Pns,厚v؏,0,,,34,34,-
442060310,2,Pns,厚g,0,,,107,105,1
442060320,2,Pns,厚Pn,0,,,42,40,2
442060330,2,Pns,厚R,0,,,83,83,-
442060340,2,Pns,厚~,0,,,88,81,4
442060350,2,Pns,厚,0,,,38,33,5
442060360,2,Pns,厚×,0,,,63,61,2
442060370,2,Pns,厚R,0,,,50,50,-
442060380,2,Pns,厚,0,,,58,58,-
442060390,2,Pns,厚_,0,,,37,37,-
442060400,2,Pns,Ò厚Îs,0,,,323,300,21
44206040001,3,Pns,Ò厚Îs,0,,,137,129,8
44206040003,3,Pns,Ò厚Îs,0,,,91,84,6
44206040004,3,Pns,Ò厚Îs,0,,,42,40,2
44206040005,3,Pns,Ò厚Îs,1,,040006,53,47,5
44206040006,3,Pns,Ò厚Îs,2,040005,,X,X,X
442060410,2,Pns,Ò厚,0,,,118,114,4
44206041001,3,Pns,Ò厚,0,,,23,22,1
44206041002,3,Pns,Ò厚,0,,,36,33,3
44206041003,3,Pns,Ò厚,0,,,18,18,-
44206041004,3,Pns,Ò厚,0,,,8,8,-
44206041005,3,Pns,Ò厚,0,,,33,33,-
442060420,2,Pns,Ò厚{,0,,,348,131,6
44206042001,3,Pns,Ò厚{,0,,,23,23,-
44206042002,3,Pns,Ò厚{,0,,,17,16,1
44206042003,3,Pns,Ò厚{,0,,,68,-,2
44206042004,3,Pns,Ò厚{,0,,,48,-,1
44206042005,3,Pns,Ò厚{,0,,,76,1,-
44206042006,3,Pns,Ò厚{,0,,,63,60,2
44206042007,3,Pns,Ò厚{,0,,,32,31,-
44206042008,3,Pns,Ò厚{,0,,,21,-,-
442060430,2,Pns,Ò厚s,0,,,122,102,4
44206043001,3,Pns,Ò厚s,0,,,20,19,-
44206043002,3,Pns,Ò厚s,0,,,12,12,-
44206043003,3,Pns,Ò厚s,0,,,25,23,2
44206043004,3,Pns,Ò厚s,0,,,22,22,-
44206043005,3,Pns,Ò厚s,0,,,14,13,1
44206043006,3,Pns,Ò厚s,0,,,14,13,1
44206043007,3,Pns,Ò厚s,0,,,15,-,-
442060440,2,Pns,Ò厚V,0,,,92,90,2
44206044001,3,Pns,Ò厚V,2,044002,,X,X,X
44206044002,3,Pns,Ò厚V,1,,044001,6,6,-
44206044003,3,Pns,Ò厚V,0,,,9,9,-
44206044004,3,Pns,Ò厚V,0,,,7,7,-
44206044005,3,Pns,Ò厚V,0,,,70,68,2
442060450,2,Pns,Ò厚,0,,,58,57,-
44206045001,3,Pns,Ò厚,0,,,9,8,-
44206045002,3,Pns,Ò厚,0,,,9,9,-
44206045003,3,Pns,Ò厚,0,,,8,8,-
44206045004,3,Pns,Ò厚,0,,,6,6,-
44206045005,3,Pns,Ò厚,0,,,4,4,-
44206045006,3,Pns,Ò厚,2,045007,,X,X,X
44206045007,3,Pns,Ò厚,1,,045006;045008,22,22,-
44206045008,3,Pns,Ò厚,2,045007,,X,X,X
442060460,2,Pns,Ò厚ǖ,0,,,61,61,-
44206046001,3,Pns,Ò厚ǖ,0,,,22,22,-
44206046002,3,Pns,Ò厚ǖ,0,,,14,14,-
44206046003,3,Pns,Ò厚ǖ,0,,,25,25,-
442060470,2,Pns,Ò厚Tb,0,,,129,128,1
44206047001,3,Pns,Ò厚Tb,0,,,19,19,-
44206047002,3,Pns,Ò厚Tb,0,,,6,5,1
44206047003,3,Pns,Ò厚Tb,1,,047004,23,23,-
44206047004,3,Pns,Ò厚Tb,2,047003,,X,X,X
44206047005,3,Pns,Ò厚Tb,0,,,38,38,-
44206047006,3,Pns,Ò厚Tb,0,,,14,14,-
44206047007,3,Pns,Ò厚Tb,0,,,29,29,-
442060480,2,Pns,Ò厚q,0,,,81,78,3
44206048001,3,Pns,Ò厚q,0,,,21,20,1
44206048002,3,Pns,Ò厚q,0,,,11,11,-
44206048003,3,Pns,Ò厚q,0,,,26,26,-
44206048004,3,Pns,Ò厚q,0,,,23,21,2
442060490,2,Pns,Ò厚R,0,,,87,85,2
44206049001,3,Pns,Ò厚R,0,,,7,7,-
44206049002,3,Pns,Ò厚R,0,,,14,14,-
44206049003,3,Pns,Ò厚R,0,,,32,32,-
44206049004,3,Pns,Ò厚R,0,,,34,32,2
442060500,2,Pns,Ò厚_,0,,,32,32,-
44206050001,3,Pns,Ò厚_,0,,,19,19,-
44206050002,3,Pns,Ò厚_,0,,,13,13,-
442060510,2,Pns,Ò厚_͓,0,,,59,59,-
44206051001,3,Pns,Ò厚_͓,0,,,15,15,-
44206051002,3,Pns,Ò厚_͓,0,,,15,15,-
44206051003,3,Pns,Ò厚_͓,0,,,14,14,-
44206051004,3,Pns,Ò厚_͓,0,,,15,15,-
442060520,2,Pns,Ò厚,0,,,62,61,1
44206052001,3,Pns,Ò厚,0,,,14,14,-
44206052002,3,Pns,Ò厚,0,,,26,25,1
44206052003,3,Pns,Ò厚,0,,,10,10,-
44206052004,3,Pns,Ò厚,0,,,12,12,-
442060530,2,Pns,Ò厚,0,,,90,88,1
44206053001,3,Pns,Ò厚,0,,,35,35,-
44206053002,3,Pns,Ò厚,0,,,55,53,1
442060540,2,Pns,Ò厚≮,0,,,76,76,-
44206054001,3,Pns,Ò厚≮,0,,,23,23,-
44206054002,3,Pns,Ò厚≮,0,,,22,22,-
44206054003,3,Pns,Ò厚≮,0,,,16,16,-
44206054004,3,Pns,Ò厚≮,0,,,15,15,-
442060550,2,Pns,Ò厚,0,,,29,29,-
44206055001,3,Pns,Ò厚,0,,,14,14,-
44206055002,3,Pns,Ò厚,0,,,8,8,-
44206055003,3,Pns,Ò厚,0,,,7,7,-
442060560,2,Pns,Ò厚J,0,,,92,90,-
44206056001,3,Pns,Ò厚J,0,,,13,12,-
44206056002,3,Pns,Ò厚J,0,,,36,35,-
44206056003,3,Pns,Ò厚J,0,,,33,33,-
44206056004,3,Pns,Ò厚J,0,,,10,10,-
442060570,2,Pns,Ò厚O͓,0,,,115,112,3
44206057001,3,Pns,Ò厚O͓,0,,,30,29,1
44206057002,3,Pns,Ò厚O͓,0,,,39,37,2
44206057003,3,Pns,Ò厚O͓,0,,,34,34,-
44206057004,3,Pns,Ò厚O͓,0,,,12,12,-
442060580,2,Pns,Ò厚gc,0,,,109,109,-
44206058001,3,Pns,Ò厚gc,0,,,27,27,-
44206058002,3,Pns,Ò厚gc,0,,,16,16,-
44206058003,3,Pns,Ò厚gc,0,,,27,27,-
44206058004,3,Pns,Ò厚gc,0,,,30,30,-
44206058005,3,Pns,Ò厚gc,0,,,9,9,-
442060590,2,Pns,Ò厚HR,0,,,36,35,-
44206059001,3,Pns,Ò厚HR,0,,,19,18,-
44206059002,3,Pns,Ò厚HR,0,,,8,8,-
44206059003,3,Pns,Ò厚HR,0,,,9,9,-
442060600,2,Pns,Ò厚,0,,,203,199,3
44206060001,3,Pns,Ò厚,0,,,28,24,3
44206060002,3,Pns,Ò厚,0,,,21,21,-
44206060003,3,Pns,Ò厚,0,,,26,26,-
44206060004,3,Pns,Ò厚,0,,,21,21,-
44206060005,3,Pns,Ò厚,0,,,50,50,-
44206060006,3,Pns,Ò厚,0,,,13,13,-
44206060007,3,Pns,Ò厚,0,,,18,18,-
44206060008,3,Pns,Ò厚,0,,,26,26,-
442060610,2,Pns,Ò厚J,0,,,106,105,1
44206061001,3,Pns,Ò厚J,0,,,14,13,1
44206061002,3,Pns,Ò厚J,0,,,4,4,-
44206061003,3,Pns,Ò厚J,0,,,11,11,-
44206061004,3,Pns,Ò厚J,0,,,31,31,-
44206061005,3,Pns,Ò厚J,0,,,34,34,-
44206061006,3,Pns,Ò厚J,0,,,8,8,-
44206061007,3,Pns,Ò厚J,0,,,4,4,-
442060620,2,Pns,Ò厚M̖,0,,,16,15,-
442060630,2,Pns,Ò厚c,0,,,43,42,1
44206063001,3,Pns,Ò厚c,0,,,27,26,1
44206063002,3,Pns,Ò厚c,0,,,16,16,-
442060640,2,Pns,Ò厚,0,,,47,46,1
44206064001,3,Pns,Ò厚,0,,,12,12,-
44206064002,3,Pns,Ò厚,0,,,9,8,1
44206064003,3,Pns,Ò厚,0,,,26,26,-
442060650,2,Pns,Ò厚G,0,,,82,80,2
44206065001,3,Pns,Ò厚G,0,,,20,20,-
44206065002,3,Pns,Ò厚G,0,,,21,21,-
44206065003,3,Pns,Ò厚G,0,,,12,12,-
44206065004,3,Pns,Ò厚G,0,,,29,27,2
442060660,2,Pns,Ò厚,0,,,68,55,-
44206066001,3,Pns,Ò厚,0,,,13,13,-
44206066002,3,Pns,Ò厚,0,,,17,17,-
44206066003,3,Pns,Ò厚,0,,,33,20,-
44206066004,3,Pns,Ò厚,0,,,5,5,-
44207,1,Ëvs,,0,,,7416,5731,1075
442070010,2,Ëvs,厚{,0,,,944,725,97
442070020,2,Ëvs,厚ËvY,0,,,135,111,23
442070030,2,Ëvs,≮,0,,,138,109,25
442070040,2,Ëvs,F,0,,,86,59,24
442070050,2,Ëvs,F,0,,,161,111,44
442070060,2,Ëvs,{{,0,,,206,156,42
442070070,2,Ëvs,{{,0,,,273,153,71
442070081,2,Ëvs,,0,,,220,155,60
442070082,2,Ëvs,,0,,,-,-,-
442070090,2,Ëvs,厚Ëv,0,,,1291,972,237
44207009001,3,Ëvs,厚Ëv,0,,,690,501,170
44207009002,3,Ëvs,厚Ëv,0,,,434,319,53
44207009003,3,Ëvs,厚Ëv,0,,,167,152,14
442070100,2,Ëvs,,0,,,119,85,27
442070110,2,Ëvs,c,0,,,144,79,34
442070120,2,Ëvs,Ԓ,0,,,218,153,60
442070130,2,Ëvs,厚,0,,,8,8,-
442070140,2,Ëvs,厚],0,,,599,415,40
44207014004,3,Ëvs,厚],0,,,22,21,1
44207014005,3,Ëvs,厚],0,,,25,25,-
44207014006,3,Ëvs,厚],0,,,38,22,-
44207014007,3,Ëvs,厚],0,,,104,30,4
44207014008,3,Ëvs,厚],0,,,79,64,5
44207014009,3,Ëvs,厚],0,,,30,26,3
44207014010,3,Ëvs,厚],0,,,29,28,-
44207014011,3,Ëvs,厚],0,,,11,11,-
44207014012,3,Ëvs,厚],0,,,112,53,22
44207014013,3,Ëvs,厚],0,,,72,66,3
44207014014,3,Ëvs,厚],0,,,77,69,2
442070150,2,Ëvs,,0,,,61,39,20
442070160,2,Ëvs,,0,,,57,46,7
442070170,2,Ëvs,O,0,,,54,29,24
442070180,2,Ëvs,,0,,,48,47,1
442070190,2,Ëvs,n,0,,,46,37,9
442070200,2,Ëvs,u蒬,0,,,61,41,20
442070210,2,Ëvs,V,0,,,69,62,6
442070220,2,Ëvs,Zg,0,,,128,73,23
442070230,2,Ëvs,,0,,,116,79,35
442070240,2,Ëvs,䖳c,0,,,73,66,7
442070250,2,Ëvs,`,0,,,65,54,10
442070260,2,Ëvs,厚],0,,,-,-,-
442070270,2,Ëvs,D,0,,,152,106,38
442070280,2,Ëvs,D,0,,,42,26,15
442070300,2,Ëvs,m,0,,,8,7,1
442070310,2,Ëvs,Y{,0,,,216,159,17
442070320,2,Ëvs,Y{,0,,,128,109,17
442070330,2,Ëvs,厚Y,0,,,312,263,19
442070340,2,Ëvs,厚,0,,,170,167,1
44207034015,3,Ëvs,厚,0,,,45,45,-
44207034016,3,Ëvs,厚,0,,,52,52,-
44207034017,3,Ëvs,厚,0,,,21,19,1
44207034018,3,Ëvs,厚,0,,,16,16,-
44207034019,3,Ëvs,厚,0,,,14,13,-
44207034020,3,Ëvs,厚,0,,,22,22,-
442070350,2,Ëvs,厚,0,,,126,123,1
442070360,2,Ëvs,厚ԑ,0,,,268,258,4
44207036021,3,Ëvs,厚ԑ,0,,,102,96,2
44207036022,3,Ëvs,厚ԑ,0,,,77,74,2
44207036023,3,Ëvs,厚ԑ,0,,,37,36,-
44207036024,3,Ëvs,厚ԑ,0,,,52,52,-
442070370,2,Ëvs,厚lY,0,,,309,302,5
44207037025,3,Ëvs,厚lY,0,,,28,28,-
44207037026,3,Ëvs,厚lY,0,,,60,58,1
44207037027,3,Ëvs,厚lY,0,,,27,27,-
44207037028,3,Ëvs,厚lY,0,,,26,26,-
44207037029,3,Ëvs,厚lY,0,,,25,24,1
44207037030,3,Ëvs,厚lY,0,,,50,48,1
44207037031,3,Ëvs,厚lY,0,,,15,15,-
44207037032,3,Ëvs,厚lY,1,,037033,7,6,1
44207037033,3,Ëvs,厚lY,2,037032,,X,X,X
44207037034,3,Ëvs,厚lY,0,,,10,10,-
44207037035,3,Ëvs,厚lY,0,,,13,13,-
44207037036,3,Ëvs,厚lY,0,,,9,9,-
44207037037,3,Ëvs,厚lY,0,,,8,8,-
44207037038,3,Ëvs,厚lY,0,,,31,30,1
442070380,2,Ëvs,厚ی˓,0,,,365,347,11
442070390,2,Ëvs,,0,,,-,-,-
442070400,2,Ëvs,厚Y,0,,,-,-,-
44208,1,|cs,,0,,,8903,7225,895
442080010,2,|cs,厚|c,0,,,227,159,58
442080020,2,|cs,厚|c,0,,,581,385,174
442080030,2,|cs,厚ЃP,0,,,77,76,1
442080040,2,|cs,厚c,0,,,97,92,5
442080050,2,|cs,厚O,0,,,78,76,2
442080060,2,|cs,厚,0,,,53,52,1
442080070,2,|cs,厚},0,,,42,42,-
442080080,2,|cs,厚c,0,,,162,156,5
442080090,2,|cs,厚A,0,,,142,135,5
442080100,2,|cs,厚X,0,,,786,526,149
442080110,2,|cs,厚c,0,,,255,157,54
442080120,2,|cs,厚qc,0,,,103,83,17
442080130,2,|cs,厚ʗ,0,,,665,343,155
442080140,2,|cs,厚gc,0,,,176,163,13
442080150,2,|cs,厚{,0,,,38,38,-
442080160,2,|cs,厚䔗,0,,,53,47,5
442080170,2,|cs,厚n,0,,,35,34,-
442080180,2,|cs,厚Rc,0,,,22,22,-
442080190,2,|cs,厚␣,0,,,19,19,-
442080200,2,|cs,厚NP,0,,,336,212,41
442080210,2,|cs,厚c,0,,,93,89,2
442080220,2,|cs,厚c,0,,,101,93,8
442080230,2,|cs,厚c,0,,,57,57,-
442080240,2,|cs,厚c,0,,,33,33,-
442080250,2,|cs,厚q,0,,,59,59,-
442080260,2,|cs,厚_,0,,,84,84,-
442080270,2,|cs,厚p,0,,,38,38,-
442080280,2,|cs,厚q,0,,,114,112,1
442080290,2,|cs,厚d,0,,,126,126,-
442080300,2,|cs,厚ˏ,0,,,46,46,-
442080310,2,|cs,厚,0,,,112,98,1
442080320,2,|cs,厚,0,,,63,51,12
442080330,2,|cs,厚,0,,,49,49,-
442080340,2,|cs,厚sp,0,,,36,36,-
442080350,2,|cs,厚uym,0,,,31,31,-
442080360,2,|cs,厚쏰,0,,,33,33,-
442080370,2,|cs,厚uym,0,,,43,43,-
442080380,2,|cs,厚Y,0,,,23,22,1
442080390,2,|cs,厚c,0,,,29,29,-
442080400,2,|cs,厚É,0,,,32,30,2
442080410,2,|cs,厚,0,,,30,29,-
442080420,2,|cs,厚㔨,0,,,20,20,-
442080430,2,|cs,厚v,0,,,41,41,-
442080440,2,|cs,厚Ĕ[,0,,,111,104,3
442080450,2,|cs,厚,0,,,31,31,-
442080460,2,|cs,厚錴,0,,,61,60,1
442080470,2,|cs,厚c,0,,,60,58,-
442080480,2,|cs,厚,0,,,47,47,-
442080490,2,|cs,厚,0,,,40,36,4
442080500,2,|cs,n,0,,,277,228,21
442080510,2,|cs,K,0,,,41,41,-
442080520,2,|cs,؉,0,,,25,23,2
442080530,2,|cs,,0,,,33,33,-
442080540,2,|cs,n,0,,,60,48,-
442080550,2,|cs,V,0,,,38,38,-
442080560,2,|cs,͓,0,,,20,20,-
442080570,2,|cs,,0,,,260,169,20
442080580,2,|cs,nw,0,,,35,35,-
442080590,2,|cs,,0,,,295,291,2
442080600,2,|cs,vZ厚O,0,,,350,294,5
442080610,2,|cs,vZ厚vZ,0,,,541,420,65
442080620,2,|cs,vZ厚L,0,,,177,152,4
442080630,2,|cs,vZ厚,0,,,77,77,-
442080640,2,|cs,vZ厚,0,,,276,217,13
442080650,2,|cs,厚,0,,,517,453,38
442080660,2,|cs,厚_,0,,,29,28,1
442080670,2,|cs,厚ck,0,,,162,157,3
442080680,2,|cs,厚ck,0,,,100,99,1
44209,1,L㍂cs,,0,,,9319,7226,1376
442090010,2,L㍂cs,c,0,,,494,303,176
442090020,2,L㍂cs,E,0,,,313,162,128
442090030,2,L㍂cs,,0,,,535,365,80
442090040,2,L㍂cs,ʒ,0,,,735,574,129
442090050,2,L㍂cs,,0,,,213,76,96
442090060,2,L㍂cs,Vh,0,,,215,134,39
442090070,2,L㍂cs,a,0,,,449,396,27
442090080,2,L㍂cs,c,0,,,46,44,-
442090090,2,L㍂cs,C,0,,,49,47,1
442090100,2,L㍂cs,X,0,,,295,105,42
442090110,2,L㍂cs,,0,,,169,162,3
442090120,2,L㍂cs,c,0,,,107,106,-
442090130,2,L㍂cs,ꔨ,0,,,26,26,-
442090140,2,L㍂cs,,0,,,61,59,2
442090150,2,L㍂cs,~m,0,,,40,40,-
442090160,2,L㍂cs,V,0,,,72,66,6
442090170,2,L㍂cs,≮,0,,,61,60,-
442090180,2,L㍂cs,s,0,,,47,44,2
442090190,2,L㍂cs,zn,0,,,38,38,-
442090200,2,L㍂cs,r,0,,,71,66,4
442090210,2,L㍂cs,,0,,,43,42,-
442090220,2,L㍂cs,n,0,,,369,358,5
442090230,2,L㍂cs,,0,,,515,423,56
442090240,2,L㍂cs,c,0,,,43,41,1
442090250,2,L㍂cs,c^,0,,,50,47,-
442090260,2,L㍂cs,c,0,,,50,48,-
442090270,2,L㍂cs,c,0,,,36,36,-
442090280,2,L㍂cs,c,0,,,63,61,-
442090290,2,L㍂cs,cr,0,,,60,55,-
442090300,2,L㍂cs,c,0,,,72,69,2
442090310,2,L㍂cs,,0,,,217,161,54
442090320,2,L㍂cs,Ȃ,0,,,-,-,-
442090330,2,L㍂cs,,0,,,63,52,10
442090340,2,L㍂cs,,0,,,72,55,17
442090350,2,L㍂cs,{,0,,,49,30,19
442090360,2,L㍂cs,i,0,,,67,43,24
442090370,2,L㍂cs,i,0,,,38,29,7
442090380,2,L㍂cs,J,0,,,45,38,6
442090390,2,L㍂cs,l,0,,,32,21,11
442090400,2,L㍂cs,,0,,,27,21,6
442090410,2,L㍂cs,V,0,,,319,181,127
442090420,2,L㍂cs,Vn,0,,,445,183,241
442090430,2,L㍂cs,c,0,,,36,33,2
442090440,2,L㍂cs,c^,0,,,49,49,-
442090450,2,L㍂cs,啽,0,,,21,21,-
442090460,2,L㍂cs,^,0,,,425,342,10
442090470,2,L㍂cs,^,0,,,268,257,6
442090480,2,L㍂cs,P,0,,,405,365,4
442090490,2,L㍂cs,O,0,,,56,55,1
442090500,2,L㍂cs,≮,0,,,35,35,-
442090510,2,L㍂cs,y,0,,,78,78,-
442090520,2,L㍂cs,Xn,0,,,389,370,11
442090530,2,L㍂cs,,0,,,257,218,4
442090540,2,L㍂cs,㍁Xn,0,,,133,113,2
442090550,2,L㍂cs,,0,,,72,71,1
442090560,2,L㍂cs,H,0,,,154,143,3
442090570,2,L㍂cs,,0,,,169,159,1
442090580,2,L㍂cs,,0,,,34,33,1
442090590,2,L㍂cs,,0,,,27,17,9
44210,1,nzs,,0,,,11993,8733,2766
442100010,2,nzs,厚nz,0,,,1907,762,1102
442100020,2,nzs,厚nz,0,,,1418,863,501
442100030,2,nzs,厚{i,0,,,229,163,64
442100040,2,nzs,厚n,0,,,142,102,39
442100050,2,nzs,厚,0,,,785,548,233
442100060,2,nzs,厚,0,,,285,150,108
442100070,2,nzs,厚Ж,0,,,592,412,171
442100080,2,nzs,厚F,0,,,426,415,9
442100090,2,nzs,厚{,0,,,209,178,30
442100100,2,nzs,厚,0,,,473,377,26
442100110,2,nzs,厚,0,,,164,154,5
442100120,2,nzs,厚,0,,,243,118,120
442100130,2,nzs,厚,0,,,168,166,2
442100140,2,nzs,厚,0,,,105,103,1
442100150,2,nzs,厚J,0,,,51,49,2
442100160,2,nzs,厚a,0,,,238,234,3
442100170,2,nzs,厚D,0,,,86,85,1
442100180,2,nzs,厚Е,0,,,49,48,-
442100190,2,nzs,厚,0,,,36,34,1
442100200,2,nzs,厚ޑ,0,,,202,159,39
442100210,2,nzs,厚h,0,,,355,245,105
442100220,2,nzs,厚],0,,,689,570,99
442100230,2,nzs,厚͖,0,,,327,265,22
44210023001,3,nzs,厚͖쎚͖,0,,,25,24,1
44210023002,3,nzs,厚͖쎚ߐ,0,,,27,27,-
44210023003,3,nzs,厚͖쎚K,0,,,11,11,-
44210023004,3,nzs,厚͖쎚s,0,,,64,55,8
44210023005,3,nzs,厚͖쎚s,0,,,71,49,-
44210023006,3,nzs,厚͖쎚Rr,0,,,37,37,-
44210023007,3,nzs,厚͖쎚J,0,,,21,21,-
44210023008,3,nzs,厚͖쎚{,0,,,21,15,6
44210023009,3,nzs,厚͖쎚{,0,,,50,26,7
442100240,2,nzs,厚쌴,0,,,701,525,46
44210024001,3,nzs,厚쌴{,0,,,46,18,4
44210024002,3,nzs,厚쌴{,0,,,35,19,16
44210024003,3,nzs,厚쌴P,0,,,96,94,-
44210024004,3,nzs,厚쌴D,0,,,75,57,16
44210024005,3,nzs,厚쌴쌴,0,,,41,35,2
44210024006,3,nzs,厚쌴쌴,0,,,23,21,1
44210024007,3,nzs,厚쌴Zg,0,,,173,77,4
44210024008,3,nzs,厚쌴ш,0,,,41,39,1
44210024009,3,nzs,厚쌴ш,0,,,18,18,-
44210024010,3,nzs,厚쌴X,0,,,22,20,1
44210024011,3,nzs,厚쌴,0,,,46,44,-
44210024012,3,nzs,厚쌴,0,,,15,15,-
44210024013,3,nzs,厚쌴ÎR,0,,,23,21,1
44210024014,3,nzs,厚쌴|,0,,,19,19,-
44210024015,3,nzs,厚쌴͓C,0,,,28,28,-
442100250,2,nzs,厚q,0,,,149,144,5
44210025001,3,nzs,厚q,1,,025002,46,45,1
44210025002,3,nzs,厚qPV,2,025001,,X,X,X
44210025003,3,nzs,厚qMm,0,,,9,9,-
44210025004,3,nzs,厚qq,0,,,51,49,2
44210025005,3,nzs,厚q,0,,,11,10,1
44210025006,3,nzs,厚q,0,,,32,31,1
442100260,2,nzs,厚,0,,,98,97,1
44210026001,3,nzs,厚R,0,,,32,32,-
44210026002,3,nzs,厚x,0,,,10,10,-
44210026003,3,nzs,厚,0,,,19,19,-
44210026004,3,nzs,厚㔨,0,,,18,18,-
44210026005,3,nzs,厚,0,,,19,18,1
442100270,2,nzs,厚L,0,,,203,196,5
44210027001,3,nzs,厚Lv,0,,,11,11,-
44210027002,3,nzs,厚L,0,,,26,26,-
44210027003,3,nzs,厚Lc,0,,,37,33,4
44210027004,3,nzs,厚Lǩ,0,,,32,29,1
44210027005,3,nzs,厚La,0,,,28,28,-
44210027006,3,nzs,厚L암,0,,,19,19,-
44210027007,3,nzs,厚Ld,0,,,8,8,-
44210027008,3,nzs,厚L,0,,,28,28,-
44210027009,3,nzs,厚Lz,0,,,14,14,-
442100280,2,nzs,厚w,0,,,159,157,1
44210028001,3,nzs,厚w,0,,,11,11,-
44210028002,3,nzs,厚w,0,,,18,18,-
44210028003,3,nzs,厚w{,0,,,13,13,-
44210028004,3,nzs,厚w,0,,,13,12,1
44210028005,3,nzs,厚wԁCdi,0,,,18,17,-
44210028006,3,nzs,厚w~cCcC,1,,028007,34,34,-
44210028007,3,nzs,厚wgL,2,028006,,X,X,X
44210028008,3,nzs,厚w͓,0,,,23,23,-
44210028009,3,nzs,厚wc,0,,,29,29,-
442100290,2,nzs,厚vؖ,0,,,164,163,-
44210029001,3,nzs,厚vؖR_,0,,,32,31,-
44210029002,3,nzs,厚vؖP,0,,,13,13,-
44210029003,3,nzs,厚vؖ,0,,,21,21,-
44210029004,3,nzs,厚vؖy,0,,,24,24,-
44210029005,3,nzs,厚vؖ,0,,,12,12,-
44210029006,3,nzs,厚vؖ,0,,,6,6,-
44210029007,3,nzs,厚vؖ,0,,,17,17,-
44210029008,3,nzs,厚vؖ̏,0,,,11,11,-
44210029009,3,nzs,厚vؖ؈,0,,,14,14,-
44210029010,3,nzs,厚vؖؓ,0,,,14,14,-
442100300,2,nzs,厚씨,0,,,56,56,-
44210030001,3,nzs,厚씨xc,0,,,13,13,-
44210030002,3,nzs,厚씨͓,0,,,18,18,-
44210030003,3,nzs,厚씨͓,0,,,25,25,-
442100310,2,nzs,厚RY,0,,,188,186,2
44210031001,3,nzs,厚RYb,2,031002,,X,X,X
44210031002,3,nzs,厚RY,1,,031001,20,20,-
44210031003,3,nzs,厚RY,0,,,11,10,1
44210031004,3,nzs,厚RYo͓,0,,,10,10,-
44210031005,3,nzs,厚RYc,0,,,19,19,-
44210031006,3,nzs,厚RYߗ,0,,,12,12,-
44210031007,3,nzs,厚RYΉ͖,0,,,16,16,-
44210031008,3,nzs,厚RYR,0,,,15,15,-
44210031009,3,nzs,厚RY쏰,0,,,13,13,-
44210031010,3,nzs,厚RY,0,,,12,12,-
44210031011,3,nzs,厚RYY,0,,,22,21,1
44210031012,3,nzs,厚RYJ,0,,,9,9,-
44210031013,3,nzs,厚RY{,0,,,10,10,-
44210031014,3,nzs,厚RYJ,0,,,8,8,-
44210031015,3,nzs,厚RY,0,,,11,11,-
442100320,2,nzs,厚gn,0,,,32,32,-
44210032001,3,nzs,厚gnr,2,032002,,X,X,X
44210032002,3,nzs,厚gn,1,,032001,7,7,-
44210032003,3,nzs,厚gngn,0,,,14,14,-
44210032004,3,nzs,厚gn팴,0,,,11,11,-
442100330,2,nzs,厚,0,,,144,144,-
44210033001,3,nzs,厚쎚,0,,,21,21,-
44210033002,3,nzs,厚쎚O,0,,,21,21,-
44210033003,3,nzs,厚쎚,0,,,52,52,-
44210033004,3,nzs,厚쎚R,0,,,14,14,-
44210033005,3,nzs,厚쎚y,0,,,12,12,-
44210033006,3,nzs,厚쎚,0,,,5,5,-
44210033007,3,nzs,厚쎚n,0,,,15,15,-
44210033008,3,nzs,厚쎚e,0,,,4,4,-
442100340,2,nzs,厚,0,,,279,230,11
44210034001,3,nzs,厚ΎM,0,,,14,14,-
44210034002,3,nzs,厚ΎZ,0,,,26,25,1
44210034003,3,nzs,厚Ύb艮,0,,,36,32,3
44210034004,3,nzs,厚Ύ,0,,,24,23,1
44210034005,3,nzs,厚Ύ,0,,,42,39,1
44210034006,3,nzs,厚Ύ,0,,,16,15,1
44210034007,3,nzs,厚Ύwʂ,0,,,55,30,1
44210034008,3,nzs,厚Ύ,0,,,31,18,3
44210034009,3,nzs,厚Ύ,0,,,19,19,-
44210034010,3,nzs,厚Ύ匎,0,,,16,15,-
442100350,2,nzs,厚,0,,,89,89,-
44210035001,3,nzs,厚,0,,,8,8,-
44210035002,3,nzs,厚,0,,,8,8,-
44210035003,3,nzs,厚,0,,,21,21,-
44210035004,3,nzs,厚l,0,,,31,31,-
44210035005,3,nzs,厚Ďq,0,,,21,21,-
442100360,2,nzs,厚,0,,,53,53,-
442100370,2,nzs,厚i,0,,,57,57,-
442100380,2,nzs,厚B|,0,,,123,107,1
442100390,2,nzs,厚Ί,0,,,54,53,1
442100400,2,nzs,厚،,0,,,24,24,-
442100410,2,nzs,厚g,0,,,98,97,1
442100420,2,nzs,厚,0,,,143,123,9
44211,1,Fs,,0,,,22162,17184,3097
442110010,2,Fs,厚F,0,,,1617,1444,106
442110020,2,Fs,厚,0,,,230,208,9
442110030,2,Fs,厚]{,0,,,783,623,107
442110040,2,Fs,厚_qRVc,0,,,289,145,2
442110050,2,Fs,厚Z],0,,,303,218,23
442110060,2,Fs,厚SVc,0,,,14,13,1
442110070,2,Fs,厚Vc,0,,,54,53,1
442110080,2,Fs,厚Vc,0,,,14,14,-
442110090,2,Fs,MD,0,,,37,34,2
44211009001,3,Fs,MDP,0,,,17,15,1
44211009002,3,Fs,MDQ,0,,,20,19,1
442110100,2,Fs,q,0,,,104,76,10
44211010001,3,Fs,qP,0,,,7,7,-
44211010002,3,Fs,qQ,0,,,10,10,-
44211010003,3,Fs,qR,0,,,43,16,9
44211010004,3,Fs,qS,0,,,44,43,1
442110110,2,Fs,{,0,,,46,33,6
44211011001,3,Fs,{P,0,,,18,17,-
44211011002,3,Fs,{Q,0,,,23,11,6
44211011003,3,Fs,{R,0,,,5,5,-
442110120,2,Fs,Zg,0,,,69,50,17
44211012001,3,Fs,ZgP,0,,,32,17,13
44211012002,3,Fs,ZgQ,0,,,29,26,3
44211012003,3,Fs,ZgR,0,,,8,7,1
442110130,2,Fs,厚吖,0,,,210,200,2
442110140,2,Fs,厚,0,,,282,276,3
442110150,2,Fs,厚x,0,,,93,92,-
442110160,2,Fs,厚X,0,,,152,140,3
442110170,2,Fs,厚ߓcVc,0,,,22,22,-
442110180,2,Fs,厚kߓcVc,0,,,25,25,-
442110190,2,Fs,厚ېVc,0,,,66,65,1
442110200,2,Fs,厚vqVc,0,,,16,16,-
442110210,2,Fs,厚x,0,,,32,31,-
442110220,2,Fs,厚X,0,,,96,73,2
442110230,2,Fs,厚Fc,0,,,45,26,-
442110240,2,Fs,厚,0,,,57,54,2
442110250,2,Fs,厚,0,,,25,25,-
442110260,2,Fs,厚c,0,,,16,15,-
442110270,2,Fs,厚R,0,,,48,46,1
442110280,2,Fs,厚,0,,,34,34,-
442110290,2,Fs,厚]F,0,,,22,22,-
442110300,2,Fs,厚~,0,,,28,27,-
442110310,2,Fs,厚,0,,,48,45,3
442110320,2,Fs,厚o,0,,,63,58,3
442110330,2,Fs,厚,0,,,189,159,28
442110340,2,Fs,厚aC,0,,,109,94,6
442110350,2,Fs,厚,0,,,125,117,2
442110360,2,Fs,厚,0,,,68,65,3
442110370,2,Fs,厚F,0,,,437,358,60
442110380,2,Fs,厚,0,,,35,34,1
442110390,2,Fs,厚X,0,,,171,170,-
442110400,2,Fs,厚kF,0,,,325,283,7
442110410,2,Fs,厚F,0,,,12,12,-
442110420,2,Fs,厚o,0,,,24,23,1
442110430,2,Fs,厚,0,,,99,93,1
442110440,2,Fs,厚,0,,,92,91,1
442110450,2,Fs,厚@,0,,,263,205,53
442110460,2,Fs,厚},0,,,402,169,115
442110470,2,Fs,厚h,0,,,535,121,288
442110480,2,Fs,厚c,0,,,731,423,288
442110490,2,Fs,厚Ō,0,,,45,43,-
442110500,2,Fs,厚c,0,,,200,150,44
442110510,2,Fs,厚암,0,,,177,132,33
442110520,2,Fs,厚qc,0,,,75,73,-
442110530,2,Fs,厚qc,0,,,67,60,7
442110540,2,Fs,厚R{,0,,,192,134,55
442110550,2,Fs,厚,0,,,211,157,52
442110560,2,Fs,厚,0,,,332,274,53
442110570,2,Fs,厚ʕ{,0,,,232,134,44
442110580,2,Fs,厚c,0,,,155,91,61
442110590,2,Fs,厚,0,,,112,110,1
442110600,2,Fs,厚R,0,,,19,17,1
442110610,2,Fs,厚xm,0,,,-,-,-
442110620,2,Fs,厚,0,,,10,8,2
442110630,2,Fs,厚R,0,,,11,11,-
442110640,2,Fs,厚,0,,,14,13,1
442110650,2,Fs,厚,0,,,19,19,-
442110660,2,Fs,厚ؓ,0,,,25,25,-
442110670,2,Fs,厚,0,,,20,20,-
442110680,2,Fs,厚,0,,,56,55,1
442110690,2,Fs,厚㌳d,0,,,73,71,2
442110700,2,Fs,厚d,0,,,55,52,2
442110710,2,Fs,厚R,0,,,189,166,22
442110720,2,Fs,厚,0,,,48,46,-
442110730,2,Fs,厚ؕ,0,,,74,66,7
442110740,2,Fs,厚m,0,,,46,46,-
442110750,2,Fs,厚,0,,,100,98,2
442110760,2,Fs,厚卪,0,,,60,51,8
442110770,2,Fs,厚Ԕ,0,,,194,190,3
442110780,2,Fs,厚xR,0,,,138,87,38
442110790,2,Fs,厚~c,0,,,72,71,-
442110800,2,Fs,厚~c,0,,,60,60,-
442110810,2,Fs,厚~c,0,,,47,43,4
442110820,2,Fs,厚~c,0,,,109,103,3
442110830,2,Fs,厚{F,0,,,115,112,2
442110840,2,Fs,厚,0,,,152,146,3
442110850,2,Fs,厚㏯,0,,,71,69,1
442110860,2,Fs,厚㍂,0,,,162,141,13
442110870,2,Fs,厚,0,,,195,160,31
442110880,2,Fs,厚,0,,,57,54,2
442110890,2,Fs,厚,0,,,271,263,8
442110900,2,Fs,厚l,0,,,106,104,2
442110910,2,Fs,厚i,0,,,142,134,1
442110920,2,Fs,厚Vc,0,,,17,17,-
442110930,2,Fs,厚,0,,,164,159,4
442110940,2,Fs,厚㉳,0,,,102,98,3
442110950,2,Fs,厚r,0,,,90,67,23
442110960,2,Fs,厚XR,0,,,314,265,37
442110970,2,Fs,厚n,0,,,106,103,1
442110980,2,Fs,厚㍂,0,,,167,113,22
442110990,2,Fs,厚,0,,,180,147,9
442111000,2,Fs,厚㎞},0,,,157,138,4
442111010,2,Fs,厚},0,,,92,64,24
442111020,2,Fs,厚ls,0,,,2089,1045,611
442111030,2,Fs,厚Γc,0,,,243,102,120
442111040,2,Fs,厚,0,,,392,272,105
442111050,2,Fs,厚,0,,,622,390,160
442111060,2,Fs,厚g,0,,,268,166,96
442111070,2,Fs,S@,0,,,266,191,34
442111080,2,Fs,S@ѓc,0,,,26,26,-
442111090,2,Fs,S@,0,,,5,5,-
442111100,2,Fs,S@؏,0,,,181,129,39
442111110,2,Fs,S@ܕ~c,0,,,58,44,14
442111120,2,Fs,S@s,0,,,48,42,6
442111130,2,Fs,S@Îs,0,,,20,20,-
442111140,2,Fs,S@V,0,,,23,22,1
442111150,2,Fs,S@,0,,,150,107,4
442111160,2,Fs,S@˕,0,,,8,8,-
442111170,2,Fs,S@Ȋ_,0,,,83,71,1
442111180,2,Fs,S@F,0,,,15,15,-
442111190,2,Fs,S@c,1,,1200,78,65,2
442111200,2,Fs,S@Pq,2,1190,,X,X,X
442111210,2,Fs,S@[P,0,,,24,24,-
442111220,2,Fs,S@R,0,,,38,38,-
442111230,2,Fs,S@,0,,,12,11,1
442111240,2,Fs,S@Ð,0,,,23,23,-
442111250,2,Fs,S@匩,0,,,37,37,-
442111260,2,Fs,S@,0,,,46,46,-
442111270,2,Fs,S@,0,,,14,14,-
442111280,2,Fs,S@P,0,,,20,20,-
442111290,2,Fs,S@m,0,,,25,25,-
442111300,2,Fs,S@AJ,0,,,16,16,-
442111310,2,Fs,S@,0,,,30,28,2
442111320,2,Fs,S@,0,,,19,19,-
442111330,2,Fs,S@vc,0,,,7,7,-
442111340,2,Fs,S@{,0,,,85,77,3
442111350,2,Fs,S@b,0,,,30,29,-
442111360,2,Fs,S@,0,,,71,67,-
442111370,2,Fs,S@{,0,,,52,49,3
442111380,2,Fs,S@ZY,0,,,68,56,4
442111390,2,Fs,S@,0,,,22,21,1
442111400,2,Fs,S@,0,,,52,50,1
442111410,2,Fs,S@ܘY,0,,,25,24,1
442111420,2,Fs,S@,0,,,18,18,-
442111430,2,Fs,S@씨,0,,,44,43,1
442111440,2,Fs,S@ŉ,0,,,33,32,1
442111450,2,Fs,S@U,0,,,24,23,1
442111460,2,Fs,S@⣃m,0,,,61,59,2
442111470,2,Fs,S@͖,0,,,18,18,-
442111480,2,Fs,S@,0,,,54,47,2
442111490,2,Fs,S@M,0,,,6,6,-
442111500,2,Fs,S@R,0,,,11,9,2
442111510,2,Fs,S@Ŗ,0,,,9,9,-
442111520,2,Fs,S@VL,0,,,11,11,-
442111530,2,Fs,S@,1,,1560,13,13,-
442111540,2,Fs,S@m,0,,,7,7,-
442111550,2,Fs,S@Ԗ,0,,,-,-,-
442111560,2,Fs,S@,2,1530,,X,X,X
442111570,2,Fs,S@AA,0,,,21,20,1
442111580,2,Fs,S@,0,,,19,18,1
442111590,2,Fs,S@,0,,,14,14,-
442111600,2,Fs,S@͖,0,,,25,25,-
442111610,2,Fs,S@,0,,,44,43,-
442111620,2,Fs,S@Rm,0,,,13,12,1
442111630,2,Fs,S@M,0,,,12,11,1
442111640,2,Fs,S@,0,,,14,14,-
442111650,2,Fs,S@,0,,,15,14,1
442111660,2,Fs,S@cm,0,,,10,10,-
442111670,2,Fs,S@P,0,,,21,21,-
442111680,2,Fs,S@,0,,,77,41,2
442111690,2,Fs,S@,0,,,39,35,3
442111700,2,Fs,S@z,0,,,67,58,2
442111710,2,Fs,S@R,0,,,23,22,1
442111720,2,Fs,S@X,0,,,23,22,1
442111730,2,Fs,S@,0,,,12,12,-
442111740,2,Fs,S@,0,,,34,29,3
442111750,2,Fs,S@,0,,,15,12,3
442111760,2,Fs,S@L,0,,,9,8,1
442111770,2,Fs,S@R,0,,,50,48,2
442111780,2,Fs,@,0,,,111,100,7
442111790,2,Fs,@V,0,,,19,19,-
442111800,2,Fs,@,0,,,18,18,-
442111810,2,Fs,@kR,0,,,14,14,-
442111820,2,Fs,@L,0,,,19,17,2
442111830,2,Fs,@,0,,,19,19,-
442111840,2,Fs,@,0,,,97,81,14
442111850,2,Fs,@,0,,,63,44,2
442111860,2,Fs,@D,0,,,26,26,-
442111870,2,Fs,@D,0,,,17,15,1
442111880,2,Fs,@,0,,,22,19,3
442111890,2,Fs,@d,0,,,14,13,1
442111900,2,Fs,@,0,,,22,22,-
442111910,2,Fs,@x,0,,,38,38,-
442111920,2,Fs,@ܖ,0,,,24,24,-
442111930,2,Fs,@,0,,,58,54,3
442111940,2,Fs,@R,0,,,27,19,2
442111950,2,Fs,@啛,0,,,96,81,5
442111960,2,Fs,@,0,,,158,121,6
442111970,2,Fs,@s,0,,,38,29,-
442111980,2,Fs,@B,0,,,78,32,4
442111990,2,Fs,@ē,0,,,87,77,2
442112000,2,Fs,@i,0,,,14,14,-
442112010,2,Fs,@{,0,,,10,10,-
442112020,2,Fs,@,0,,,19,18,-
442112030,2,Fs,@,0,,,31,31,-
442112040,2,Fs,@ʓ,0,,,36,36,-
442112050,2,Fs,@,0,,,66,63,3
442112060,2,Fs,@c,0,,,23,23,-
442112070,2,Fs,@ŉ,0,,,24,24,-
442112080,2,Fs,@n,0,,,10,10,-
442112090,2,Fs,@b,0,,,24,22,1
442112100,2,Fs,@b,0,,,39,31,1
442112110,2,Fs,@],0,,,36,35,1
442112120,2,Fs,@[,0,,,15,15,-
442112130,2,Fs,@,0,,,19,19,-
442112140,2,Fs,@],0,,,9,8,1
442112150,2,Fs,@IR,0,,,5,5,-
442112160,2,Fs,@,0,,,5,5,-
442112170,2,Fs,@,0,,,6,6,-
442112180,2,Fs,@,0,,,14,13,1
442112190,2,Fs,@,0,,,7,7,-
442112200,2,Fs,@,0,,,6,6,-
442112210,2,Fs,@y≮,0,,,11,11,-
442112220,2,Fs,@,0,,,10,10,-
442112230,2,Fs,@c,0,,,11,11,-
442112240,2,Fs,@,0,,,8,8,-
442112250,2,Fs,@ac,0,,,14,14,-
442112260,2,Fs,@Hn,0,,,14,12,2
44212,1,Ls,,0,,,14127,11167,1690
442120010,2,Ls,Od,0,,,204,174,28
442120020,2,Ls,Od䔗,0,,,62,61,-
442120030,2,Ls,Od,0,,,173,105,1
442120040,2,Ls,Od{,0,,,94,90,2
442120050,2,Ls,Od,0,,,104,104,-
442120060,2,Ls,OdS},0,,,345,271,70
442120070,2,Ls,Odc,0,,,63,63,-
442120080,2,Ls,Od,0,,,85,84,-
442120090,2,Ls,Od,0,,,84,83,-
442120100,2,Ls,Ods,0,,,1026,489,402
442120110,2,Ls,OdHt,0,,,422,336,79
442120120,2,Ls,OdR,0,,,68,54,14
442120130,2,Ls,Odc,0,,,953,612,312
442120140,2,Ls,Odԗ,0,,,978,654,199
442120150,2,Ls,Od,0,,,416,185,104
442120160,2,Ls,Od,0,,,671,488,156
442120170,2,Ls,Od,0,,,72,71,-
442120180,2,Ls,OdhJ,1,,0200,38,38,-
442120190,2,Ls,Od,0,,,35,33,2
442120200,2,Ls,OdR,2,0180,,X,X,X
442120210,2,Ls,Odʓc,0,,,251,159,59
442120220,2,Ls,Odvc,0,,,106,106,-
442120230,2,Ls,Odc,0,,,33,32,1
442120240,2,Ls,Od{,0,,,214,131,25
442120250,2,Ls,Od唒J,0,,,30,30,-
442120260,2,Ls,Od×,0,,,23,23,-
442120270,2,Ls,Od,0,,,36,36,-
442120280,2,Ls,Od,0,,,24,24,-
442120290,2,Ls,쒬V_,0,,,37,34,3
442120300,2,Ls,쒬c,0,,,274,193,6
442120310,2,Ls,쒬P,0,,,54,52,1
442120320,2,Ls,쒬J,0,,,68,51,4
442120330,2,Ls,쒬O,0,,,52,51,1
442120340,2,Ls,쒬Fc},0,,,101,97,3
442120350,2,Ls,쒬Em,0,,,35,35,-
442120360,2,Ls,쒬,0,,,34,34,-
442120370,2,Ls,쒬Z,0,,,91,85,1
442120380,2,Ls,쒬,0,,,60,59,1
442120390,2,Ls,쒬唒J,0,,,12,12,-
442120400,2,Ls,zR,2,0410,,X,X,X
442120410,2,Ls,㔨,1,,0400,26,26,-
442120420,2,Ls,ؔ,0,,,13,13,-
442120430,2,Ls,,0,,,57,56,-
442120440,2,Ls,I,0,,,23,23,-
442120450,2,Ls,~,0,,,28,27,1
442120460,2,Ls,c,0,,,46,42,3
442120470,2,Ls,,0,,,46,45,1
442120480,2,Ls,,0,,,35,35,-
442120490,2,Ls,ؖ,0,,,53,51,-
442120500,2,Ls,~,0,,,36,36,-
442120510,2,Ls,c,0,,,33,30,1
442120520,2,Ls,M,0,,,31,30,1
442120530,2,Ls,N,0,,,19,19,-
442120540,2,Ls,,0,,,74,73,1
442120550,2,Ls,,0,,,32,32,-
442120560,2,Ls,[,0,,,58,55,3
442120570,2,Ls,,0,,,39,39,-
442120580,2,Ls,,0,,,79,77,2
442120590,2,Ls,㎩,0,,,55,51,4
442120600,2,Ls,,0,,,239,200,14
442120610,2,Ls,u,0,,,16,16,-
442120620,2,Ls,n,0,,,318,216,45
442120630,2,Ls,,0,,,61,58,2
442120640,2,Ls,K,0,,,45,45,-
442120650,2,Ls,z,0,,,94,73,2
442120660,2,Ls,đ,0,,,12,11,1
442120670,2,Ls,K,0,,,60,60,-
442120680,2,Ls,vym,0,,,52,51,-
442120690,2,Ls,,0,,,92,78,3
442120700,2,Ls,mc,0,,,55,52,3
442120710,2,Ls,剻,0,,,68,67,-
442120720,2,Ls,V_,0,,,40,39,1
442120730,2,Ls,nw,0,,,41,40,1
442120740,2,Ls,,0,,,27,27,-
442120750,2,Ls,n,0,,,100,93,4
442120760,2,Ls,nc,0,,,34,33,1
442120770,2,Ls,nI,0,,,70,69,1
442120780,2,Ls,nȓc,0,,,67,67,-
442120790,2,Ls,nrc,0,,,74,73,1
442120800,2,Ls,nsc,0,,,110,108,1
442120810,2,Ls,n䔗,0,,,115,66,11
442120820,2,Ls,nn,0,,,148,123,9
442120830,2,Ls,n,0,,,69,69,-
442120840,2,Ls,n{,0,,,52,52,-
442120850,2,Ls,n,0,,,91,90,1
442120860,2,Ls,nؐ,0,,,79,48,4
442120870,2,Ls,nu,0,,,27,27,-
442120880,2,Ls,쒬c,0,,,422,317,25
442120890,2,Ls,쒬k,0,,,82,82,-
442120900,2,Ls,쒬{,0,,,63,60,1
442120910,2,Ls,쒬Г,0,,,45,43,2
442120920,2,Ls,쒬c,0,,,113,78,-
442120930,2,Ls,쒬,0,,,79,78,1
442120940,2,Ls,쒬䎛,0,,,40,40,-
442120950,2,Ls,쒬,0,,,66,57,2
442120960,2,Ls,쒬K,0,,,37,37,-
442120970,2,Ls,쒬k,0,,,40,40,-
442120980,2,Ls,쒬匴,0,,,78,76,-
442120990,2,Ls,쒬SR,0,,,29,27,2
442121000,2,Ls,쒬,0,,,27,26,1
442121010,2,Ls,쒬đ,0,,,53,48,-
442121020,2,Ls,쒬c,0,,,58,58,-
442121030,2,Ls,쒬q,0,,,52,52,-
442121040,2,Ls,쒬\,0,,,56,56,-
442121050,2,Ls,쒬,0,,,70,65,3
442121060,2,Ls,쒬c,0,,,134,134,-
442121070,2,Ls,쒬O,0,,,10,10,-
442121080,2,Ls,쒬,0,,,10,9,1
442121090,2,Ls,쒬yt,0,,,35,35,-
442121100,2,Ls,쒬,0,,,29,28,1
442121110,2,Ls,쒬c,0,,,18,18,-
442121120,2,Ls,ΒOc,0,,,118,117,1
442121130,2,Ls,ΒR,0,,,69,69,-
442121140,2,Ls,Β,0,,,43,43,-
442121150,2,Ls,ΒĎR,0,,,71,62,-
442121160,2,Ls,ΒDc,0,,,52,52,-
442121170,2,Ls,ΒVa,0,,,177,128,7
442121180,2,Ls,ΒΓc,0,,,40,39,1
442121190,2,Ls,Β,0,,,130,128,1
442121200,2,Ls,,0,,,14,14,-
442121210,2,Ls,R,0,,,24,23,1
442121220,2,Ls,IP,0,,,42,42,-
442121230,2,Ls,,0,,,68,67,1
442121240,2,Ls,Ì,0,,,55,55,-
442121250,2,Ls,Ėk,0,,,78,73,4
442121260,2,Ls,Ô,0,,,395,264,18
442121270,2,Ls,,0,,,43,37,6
442121280,2,Ls,c,0,,,248,236,11
442121290,2,Ls,劦,0,,,103,103,-
442121300,2,Ls,M,0,,,57,57,-
442121310,2,Ls,v,0,,,159,106,4
442121320,2,Ls,c,0,,,28,28,-
44213,1,Rzs,,0,,,12862,9005,2792
442130010,2,Rzs,厚J,0,,,64,61,3
442130020,2,Rzs,厚,0,,,263,241,11
442130030,2,Rzs,厚,0,,,151,133,15
442130040,2,Rzs,厚×,0,,,52,52,-
442130050,2,Rzs,厚×,0,,,22,22,-
442130060,2,Rzs,厚×,0,,,37,37,-
442130070,2,Rzs,厚k×,0,,,34,30,4
442130080,2,Rzs,厚p,0,,,27,26,-
442130090,2,Rzs,厚,0,,,69,68,-
442130100,2,Rzs,厚܃P,0,,,136,101,6
442130110,2,Rzs,厚嗳,0,,,318,250,31
442130120,2,Rzs,厚c,0,,,180,111,7
442130130,2,Rzs,厚,0,,,156,156,-
442130140,2,Rzs,厚,0,,,70,68,2
442130150,2,Rzs,厚,0,,,77,66,7
442130160,2,Rzs,厚,0,,,196,142,14
442130170,2,Rzs,厚,0,,,45,44,1
442130180,2,Rzs,厚,0,,,103,101,1
442130190,2,Rzs,厚`,0,,,235,192,40
442130200,2,Rzs,厚씨,0,,,83,77,6
442130210,2,Rzs,厚,0,,,181,165,1
442130220,2,Rzs,厚R,0,,,34,33,1
442130230,2,Rzs,厚h,0,,,152,149,1
442130240,2,Rzs,厚,0,,,56,56,-
442130250,2,Rzs,厚i,0,,,52,51,1
442130260,2,Rzs,厚,0,,,173,141,3
442130270,2,Rzs,厚c,0,,,60,60,-
442130280,2,Rzs,厚,0,,,36,34,2
442130290,2,Rzs,厚OD,0,,,61,55,6
442130300,2,Rzs,厚Ö,0,,,1469,785,660
442130310,2,Rzs,厚Ԗ,0,,,333,297,18
442130320,2,Rzs,厚p,0,,,71,69,1
442130330,2,Rzs,Pu,0,,,389,212,21
44213033001,3,Rzs,PuP,0,,,30,-,-
44213033002,3,Rzs,PuQ,0,,,125,-,-
44213033003,3,Rzs,PuR,0,,,234,212,21
442130340,2,Rzs,厚s,0,,,534,337,155
442130350,2,Rzs,厚k,0,,,566,378,124
442130360,2,Rzs,厚p,0,,,863,493,335
442130370,2,Rzs,厚,0,,,517,347,162
442130380,2,Rzs,厚S,0,,,80,73,6
442130390,2,Rzs,厚,0,,,43,43,-
442130400,2,Rzs,厚,0,,,89,88,1
442130410,2,Rzs,厚,0,,,61,61,-
442130420,2,Rzs,厚J,0,,,226,180,4
442130430,2,Rzs,厚,0,,,69,68,1
442130440,2,Rzs,厚S,0,,,247,238,4
442130450,2,Rzs,厚ˌ,0,,,138,127,8
442130460,2,Rzs,厚,0,,,2174,1095,813
44213046001,3,Rzs,厚,0,,,1473,705,648
44213046002,3,Rzs,厚,0,,,701,390,165
442130470,2,Rzs,厚k,0,,,553,384,105
442130480,2,Rzs,厚,0,,,647,411,183
442130490,2,Rzs,厚,0,,,189,136,16
442130500,2,Rzs,厚쐼,0,,,219,211,6
442130510,2,Rzs,厚,0,,,160,151,3
442130520,2,Rzs,厚,0,,,102,99,3
44214,1,s,,0,,,11850,9161,1675
442140010,2,s,,0,,,43,42,1
442140020,2,s,|c,0,,,228,206,13
442140030,2,s,SU,0,,,76,65,1
442140040,2,s,C,0,,,88,87,1
442140050,2,s,ԍ,0,,,31,30,1
442140060,2,s,瓔,0,,,38,37,1
442140070,2,s,c,0,,,154,118,2
442140080,2,s,,0,,,100,93,4
442140090,2,s,ɔ,0,,,329,274,22
442140100,2,s,,0,,,175,165,6
442140110,2,s,,0,,,194,176,6
442140120,2,s,F,0,,,112,104,2
442140130,2,s,F,0,,,125,117,5
442140140,2,s,c,0,,,82,78,3
442140150,2,s,ˎ,0,,,50,50,-
442140160,2,s,Y,0,,,99,98,1
442140170,2,s,l,0,,,213,204,3
442140180,2,s,[],0,,,41,41,-
442140190,2,s,,0,,,128,126,2
442140200,2,s,xY,0,,,403,336,16
442140210,2,s,l,0,,,136,124,11
442140220,2,s,x,0,,,84,82,2
442140230,2,s,剶,0,,,97,96,1
442140240,2,s,,0,,,37,37,-
442140250,2,s,,0,,,36,35,1
442140260,2,s,n,0,,,67,66,-
442140270,2,s,c,0,,,73,72,-
442140280,2,s,≮,0,,,59,58,1
442140290,2,s,ԏ,0,,,52,51,1
442140300,2,s,,0,,,159,158,1
442140310,2,s,c[,0,,,427,279,93
442140320,2,s,k],0,,,311,260,15
442140330,2,s,쌴,0,,,111,108,3
442140340,2,s,,0,,,101,99,2
442140350,2,s,,0,,,189,139,37
442140360,2,s,ߐ,0,,,751,458,204
442140370,2,s,,0,,,388,280,61
442140380,2,s,Y,0,,,121,109,12
442140390,2,s,j,0,,,130,122,7
442140400,2,s,d,0,,,120,79,-
442140410,2,s,rm,0,,,151,81,9
442140420,2,s,c,0,,,132,102,24
442140430,2,s,Îs,0,,,349,212,121
442140440,2,s,g,0,,,45,44,1
442140450,2,s,ua,0,,,56,56,-
442140460,2,s,O䎛,0,,,39,39,-
442140470,2,s,,0,,,807,433,209
442140480,2,s,,0,,,25,25,-
442140490,2,s,ۏ,0,,,66,66,-
442140500,2,s,,0,,,30,29,1
442140510,2,s,c,0,,,86,85,1
442140520,2,s,,0,,,90,84,1
442140530,2,s,gL,0,,,126,123,2
442140540,2,s,z,0,,,94,83,2
442140550,2,s,q,0,,,80,78,2
442140560,2,s,x,0,,,88,85,3
442140570,2,s,i,0,,,66,65,-
442140580,2,s,,0,,,100,97,2
442140590,2,s,,0,,,117,113,3
442140600,2,s,,0,,,38,38,-
442140610,2,s,RY,0,,,60,60,-
442140620,2,s,|,0,,,60,60,-
442140630,2,s,,0,,,51,51,-
442140640,2,s,g,0,,,157,153,3
442140650,2,s,˓c,0,,,270,175,16
442140660,2,s,v,0,,,85,73,11
442140670,2,s,,0,,,185,124,61
442140680,2,s,n,0,,,168,147,20
442140690,2,s,,0,,,1144,491,468
442140700,2,s,,0,,,389,260,118
442140710,2,s,Y,0,,,111,105,4
442140720,2,s,R,0,,,88,84,3
442140730,2,s,R,0,,,86,81,4
442140740,2,s,{,0,,,132,88,43
442140750,2,s,z,0,,,121,112,1
44322,1,SP,,0,,,866,775,15
443220010,2,SP,,0,,,866,775,15
44341,1,So,,0,,,10724,7674,2544
443410010,2,So,厚씨,0,,,110,103,4
443410021,2,So,厚L,0,,,2713,1886,701
443410022,2,So,厚,0,,,114,108,4
443410030,2,So,,0,,,2351,1346,830
443410041,2,So,厚L,0,,,15,15,-
443410042,2,So,厚,0,,,1404,980,350
443410050,2,So,厚,0,,,2259,1628,538
443410061,2,So,厚_,0,,,1573,1425,117
443410062,2,So,厚^߈,0,,,185,183,-
44461,1,Sd,,0,,,3312,2821,226
444610010,2,Sd,厚Ec,0,,,607,452,40
444610020,2,Sd,厚b,0,,,158,134,8
444610030,2,Sd,厚,0,,,395,311,26
444610040,2,Sd,厚,0,,,393,346,20
444610050,2,Sd,厚,0,,,119,118,-
444610070,2,Sd,厚,0,,,144,131,9
444610080,2,Sd,厚c,0,,,512,450,39
444610090,2,Sd,厚,0,,,209,199,8
444610100,2,Sd,厚c,0,,,419,376,39
444610110,2,Sd,厚,0,,,240,190,35
444610120,2,Sd,厚,0,,,116,114,2
44462,1,S쒬,,0,,,5875,4313,1056
444620010,2,S쒬,厚X,0,,,587,489,75
444620020,2,S쒬,厚,0,,,843,535,227
444620030,2,S쒬,厚⎺,0,,,179,158,14
444620040,2,S쒬,厚o,0,,,99,97,1
444620050,2,S쒬,厚G,0,,,339,264,67
444620060,2,S쒬,厚˘e,0,,,1184,582,496
444620070,2,S쒬,厚Rc,0,,,719,434,94
444620080,2,S쒬,厚c,0,,,176,173,3
444620090,2,S쒬,厚RY,0,,,145,145,-
444620120,2,S쒬,厚ls,0,,,238,170,55
444620140,2,S쒬,厚˔,0,,,724,692,19
444620150,2,S쒬,厚_,0,,,148,93,4
444620160,2,S쒬,厚c,0,,,219,207,1
444620170,2,S쒬,厚R,0,,,121,121,-
444620180,2,S쒬,厚Ì,0,,,154,153,-
