KEY_CODE,HYOSYO,CITYNAME,NAME,HTKSYORI,HTKSAKI,GASSAN,T000852001,T000852002,T000852003
,,,,,,,ZɏZވʐ,,c؉
46201,1,s,,0,,,267045,144541,98975
462010010,2,s,V,0,,,565,498,59
462010020,2,s,΃u,0,,,999,422,58
462010030,2,s,㒬,0,,,1673,1231,407
46201003000,3,s,㒬,0,,,1579,1159,388
46201003001,3,s,㒬,0,,,94,72,19
462010040,2,s,c,0,,,824,699,117
462010050,2,s,g쒬,0,,,12021,8977,2701
46201005000,3,s,g쒬,0,,,2447,1674,726
46201005001,3,s,g쒬,0,,,2782,2085,510
46201005002,3,s,g쒬,0,,,3793,2915,814
46201005003,3,s,g쒬,0,,,2440,1896,508
46201005004,3,s,g쒬,0,,,559,407,143
462010060,2,s,⌳,0,,,363,301,55
462010061,2,s,⌳,0,,,1095,889,191
462010070,2,s,⌳,0,,,863,709,132
462010080,2,s,⌳,0,,,2270,1648,265
46201008001,3,s,⌳P,0,,,282,239,41
46201008002,3,s,⌳Q,0,,,868,455,73
46201008003,3,s,⌳R,0,,,316,279,33
46201008004,3,s,⌳S,0,,,804,675,118
462010090,2,s,,0,,,926,617,237
462010100,2,s,_VF,0,,,91,15,68
462010110,2,s,ꉐ쒬,0,,,463,301,115
462010120,2,s,rV㒬,0,,,566,335,196
462010130,2,s,ג,0,,,523,378,137
462010140,2,s,t,0,,,445,313,119
462010150,2,s,,0,,,818,191,398
462010160,2,s,l,0,,,33,11,4
462010170,2,s,㗳,0,,,647,429,201
462010180,2,s,,0,,,477,245,212
462010190,2,s,␅,0,,,525,315,201
462010200,2,s,c,0,,,854,455,340
462010210,2,s,嗳,0,,,464,137,259
462010220,2,s,{,0,,,684,270,361
462010230,2,s,喾u,0,,,1230,935,149
46201023001,3,s,喾uP,0,,,219,179,32
46201023002,3,s,喾uQ,0,,,383,323,56
46201023003,3,s,喾uR,0,,,628,433,61
462011000,2,s,쒬,0,,,1068,527,479
462011010,2,s,Ջ,0,,,668,310,351
462011020,2,s,R,0,,,186,82,101
462011030,2,s,R,0,,,414,142,261
462011040,2,s,V,0,,,1417,448,883
462011050,2,s,Β,0,,,332,122,181
462011060,2,s,Β,0,,,1365,431,888
462011070,2,s,,0,,,65,25,39
462011080,2,s,,0,,,18,9,8
462011090,2,s,ƍ,0,,,1015,511,462
462011100,2,s,R,0,,,669,334,285
462011110,2,s,R,0,,,1456,1042,307
46201111001,3,s,RP,0,,,914,605,212
46201111002,3,s,RQ,0,,,542,437,95
462011120,2,s,,0,,,289,158,111
462011130,2,s,Zg,1,,3250,269,53,201
462011140,2,s,x],0,,,728,457,251
462011150,2,s,单,0,,,232,42,174
462011160,2,s,,0,,,53,10,42
462011170,2,s,V,0,,,202,30,143
462011180,2,s,DÒ,0,,,270,45,220
462011190,2,s,쒬,0,,,657,257,392
462011200,2,s,,0,,,1172,244,892
462011210,2,s,ю,0,,,1510,430,912
462011220,2,s,b˒,0,,,1592,464,1029
462011230,2,s,э],0,,,195,82,85
462011240,2,s,V~,0,,,2293,542,1626
462011250,2,s,V,0,,,1043,157,851
462011260,2,s,RV,0,,,427,70,342
462011270,2,s,,0,,,120,29,88
462011280,2,s,,0,,,1330,305,903
462011290,2,s,VƉ@,0,,,1103,430,633
462011300,2,s,c,0,,,214,68,137
462011310,2,s,c,0,,,2325,1106,1136
46201131001,3,s,cP,0,,,870,418,436
46201131002,3,s,cQ,0,,,1455,688,700
462011320,2,s,ʗ,0,,,560,331,215
462011330,2,s,ʗcn,0,,,3075,1990,504
46201133001,3,s,ʗcnP,0,,,1150,886,237
46201133002,3,s,ʗcnQ,0,,,862,640,210
46201133003,3,s,ʗcnR,0,,,1063,464,57
462011340,2,s,t,0,,,395,321,66
462012010,2,s,a,0,,,3654,2311,353
46201201001,3,s,aP,0,,,802,677,108
46201201002,3,s,aQ,0,,,666,563,93
46201201003,3,s,aR,0,,,570,393,72
46201201004,3,s,aS,0,,,1130,254,24
46201201005,3,s,aT,0,,,486,424,56
462012021,2,s,,0,,,2080,1292,676
46201202101,3,s,ǂP,0,,,371,210,98
46201202102,3,s,ǂQ,0,,,226,136,76
46201202103,3,s,ǂR,0,,,261,138,110
46201202104,3,s,ǂS,0,,,304,221,76
46201202105,3,s,ǂT,0,,,172,106,65
46201202106,3,s,ǂU,0,,,279,151,123
46201202107,3,s,ǂV,0,,,467,330,128
462012022,2,s,ǒ,0,,,188,110,72
462012030,2,s,t,0,,,1408,726,583
46201203001,3,s,tP,0,,,615,250,308
46201203002,3,s,tQ,0,,,793,476,275
462012040,2,s,鐼,0,,,1510,923,517
46201204001,3,s,鐼P,0,,,468,221,221
46201204002,3,s,鐼Q,0,,,729,526,167
46201204003,3,s,鐼R,0,,,313,176,129
462012050,2,s,t,0,,,498,139,332
46201205001,3,s,tP,0,,,199,45,147
46201205002,3,s,tQ,0,,,299,94,185
462012061,2,s,,0,,,1103,799,280
46201206101,3,s,ՂP,0,,,639,490,137
46201206102,3,s,ՂQ,0,,,464,309,143
462012062,2,s,Ւ,0,,,9,8,1
462012070,2,s,c,0,,,3093,1062,1853
46201207001,3,s,cP,0,,,611,339,246
46201207002,3,s,cQ,0,,,1577,382,1081
46201207003,3,s,cR,0,,,905,341,526
462012100,2,s,,0,,,3933,1556,2218
46201210001,3,s,P,0,,,1726,589,1063
46201210002,3,s,Q,0,,,1201,442,711
46201210003,3,s,R,0,,,1006,525,444
462012110,2,s,c㒬,0,,,262,233,27
46201211000,3,s,c㒬,0,,,253,225,26
46201211001,3,s,c㒬,0,,,9,8,1
462012120,2,s,ʕ{,0,,,448,277,149
462012130,2,s,,0,,,4869,2317,574
46201213001,3,s,P,0,,,1117,713,126
46201213002,3,s,Q,0,,,1041,174,17
46201213003,3,s,R,0,,,496,350,141
46201213004,3,s,S,0,,,616,491,112
46201213005,3,s,T,0,,,1476,506,138
46201213006,3,s,U,0,,,123,83,40
462012140,2,s,,0,,,4802,3880,847
46201214001,3,s,˂P,0,,,580,386,178
46201214002,3,s,˂Q,0,,,836,648,169
46201214003,3,s,˂R,0,,,723,630,82
46201214004,3,s,˂S,0,,,603,527,74
46201214005,3,s,˂T,0,,,386,325,55
46201214006,3,s,˂U,0,,,498,426,69
46201214007,3,s,˂V,0,,,534,440,84
46201214008,3,s,˂W,0,,,642,498,136
462012150,2,s,c,0,,,5038,2636,2269
46201215001,3,s,cP,0,,,458,199,233
46201215002,3,s,cQ,0,,,637,296,320
46201215003,3,s,cR,0,,,460,236,211
46201215004,3,s,cS,0,,,300,256,40
46201215005,3,s,cT,0,,,1253,721,502
46201215006,3,s,cU,0,,,856,410,431
46201215007,3,s,cV,0,,,657,311,336
46201215008,3,s,cW,0,,,417,207,196
462012160,2,s,c,0,,,2836,1981,800
46201216001,3,s,cP,0,,,643,485,151
46201216002,3,s,cQ,0,,,678,452,204
46201216003,3,s,cR,0,,,849,563,271
46201216004,3,s,cS,0,,,666,481,174
462012170,2,s,ig,0,,,2037,1132,781
46201217001,3,s,igP,0,,,630,379,150
46201217002,3,s,igQ,0,,,882,481,389
46201217003,3,s,igR,0,,,525,272,242
462013000,2,s,,0,,,1710,590,1049
462013010,2,s,풬,0,,,1851,718,980
462013020,2,s,V,0,,,2329,520,1705
462013030,2,s,rc,0,,,3476,1064,2278
462013040,2,s,rc,0,,,5292,1113,4029
46201304001,3,s,rcP,0,,,2483,646,1767
46201304002,3,s,rcQ,0,,,2809,467,2262
462013050,2,s,^Y,0,,,901,753,131
46201305001,3,s,^YP,0,,,14,-,13
46201305002,3,s,^YQ,0,,,887,753,118
462013060,2,s,rc,0,,,6516,1860,4277
46201306001,3,s,rcP,0,,,1614,384,1158
46201306002,3,s,rcQ,0,,,1229,416,716
46201306003,3,s,rcR,0,,,1692,570,1060
46201306004,3,s,rcS,0,,,1981,490,1343
462013070,2,s,VێR,0,,,1039,566,410
462013090,2,s,rV,0,,,2437,1742,268
462013100,2,s,r,0,,,4610,862,3148
46201310001,3,s,rP,0,,,3066,631,2333
46201310002,3,s,rQ,0,,,1544,231,815
462013110,2,s,S,0,,,870,267,581
462013120,2,s,S,0,,,2987,745,1988
46201312001,3,s,SP,0,,,1535,316,1036
46201312002,3,s,SQ,0,,,916,257,639
46201312003,3,s,SR,0,,,536,172,313
462013130,2,s,S,0,,,815,159,619
462013140,2,s,S,0,,,917,608,139
462013150,2,s,^,0,,,1228,525,658
462013160,2,s,^{,0,,,1471,729,572
462013170,2,s,Oa,0,,,1115,637,158
462013180,2,s,,0,,,10147,3855,4156
46201318001,3,s,P,0,,,1626,445,454
46201318002,3,s,Q,0,,,1292,491,287
46201318003,3,s,R,0,,,1914,898,908
46201318004,3,s,S,0,,,1198,520,576
46201318005,3,s,T,0,,,1528,577,616
46201318006,3,s,U,0,,,1495,523,659
46201318007,3,s,V,0,,,1094,401,656
462013190,2,s,,0,,,434,249,175
462013200,2,s,V,0,,,543,342,191
462013210,2,s,Vo,0,,,859,528,313
462013220,2,s,Fh,2,323009,,X,X,X
462013230,2,s,Fh,0,,,6800,2737,3700
46201323001,3,s,FhP,0,,,1636,522,1019
46201323002,3,s,FhQ,0,,,586,140,418
46201323003,3,s,FhR,0,,,1275,362,877
46201323004,3,s,FhS,0,,,569,328,222
46201323005,3,s,FhT,0,,,757,343,383
46201323006,3,s,FhU,0,,,675,368,189
46201323007,3,s,FhV,0,,,525,238,269
46201323008,3,s,FhW,0,,,272,137,127
46201323009,3,s,FhX,1,,3220,505,299,196
462013240,2,s,Vh,0,,,959,326,392
462013250,2,s,{`V,2,1130,,X,X,X
462013260,2,s,,0,,,3772,1370,2175
46201326001,3,s,P,0,,,1408,514,732
46201326002,3,s,Q,0,,,320,103,203
46201326003,3,s,R,0,,,906,456,419
46201326004,3,s,S,0,,,1138,297,821
462013270,2,s,`V,0,,,-,-,-
462013280,2,s,z,0,,,646,479,153
46201328001,3,s,zP,0,,,299,245,52
46201328002,3,s,zQ,0,,,347,234,101
462013290,2,s,L,0,,,1123,745,351
46201329001,3,s,L؂P,0,,,293,235,54
46201329002,3,s,L؂Q,0,,,636,420,194
46201329003,3,s,L؂R,0,,,194,90,103
462015000,2,s,܃ʕ{,0,,,372,333,36
462015010,2,s,Rc,0,,,1615,1099,471
462015020,2,s,R,0,,,2711,1555,1089
462015030,2,s,u,0,,,5645,2633,2066
46201503001,3,s,uP,0,,,563,380,174
46201503002,3,s,uQ,0,,,671,379,268
46201503003,3,s,uR,0,,,508,332,170
46201503004,3,s,uS,0,,,1195,207,153
46201503005,3,s,uT,0,,,902,358,531
46201503006,3,s,uU,0,,,834,450,369
46201503007,3,s,uV,0,,,252,170,78
46201503008,3,s,uW,0,,,720,357,323
462015040,2,s,,0,,,988,594,376
462015050,2,s,JR,0,,,6226,2150,3872
46201505001,3,s,JRP,0,,,1859,557,1250
46201505002,3,s,JRQ,0,,,1192,279,860
46201505003,3,s,JRR,0,,,731,258,448
46201505004,3,s,JRS,0,,,546,208,319
46201505005,3,s,JRT,0,,,841,296,524
46201505006,3,s,JRU,0,,,715,357,334
46201505007,3,s,JRV,0,,,342,195,137
462015060,2,s,㕟,0,,,4688,2761,1664
46201506001,3,s,㕟,0,,,387,220,151
46201506002,3,s,㕟,0,,,3056,1737,1223
46201506003,3,s,㕟,0,,,1245,804,290
462015070,2,s,,0,,,2545,1975,497
46201507000,3,s,,0,,,523,342,164
46201507001,3,s,,0,,,918,679,229
46201507003,3,s,,0,,,964,854,72
46201507004,3,s,,0,,,23,23,-
46201507005,3,s,,0,,,117,77,32
462015080,2,s,,0,,,3368,1145,2060
46201508001,3,s,P,0,,,1899,657,1130
46201508002,3,s,Q,0,,,1469,488,930
462015110,2,s,쒬,0,,,1541,1363,140
462015120,2,s,J,0,,,16,9,-
462015130,2,s,{,1,,514003,5,3,-
462015140,2,s,h,0,,,203,10,155
46201514001,3,s,hP,0,,,-,-,-
46201514002,3,s,hQ,0,,,-,-,-
46201514003,3,s,hR,2,5130,,X,X,X
46201514004,3,s,hS,0,,,-,-,-
46201514005,3,s,hT,0,,,185,9,143
46201514006,3,s,hU,1,,516001,18,1,12
462015150,2,s,b,0,,,-,-,-
46201515001,3,s,bP,0,,,-,-,-
46201515002,3,s,bQ,0,,,-,-,-
462015160,2,s,JR`,0,,,X,X,X
46201516001,3,s,JR`P,2,514006,,X,X,X
46201516002,3,s,JR`Q,0,,,-,-,-
46201516003,3,s,JR`R,0,,,-,-,-
462015170,2,s,э],0,,,1669,1105,232
46201517001,3,s,э]P,0,,,930,499,109
46201517002,3,s,э]Q,0,,,296,238,54
46201517003,3,s,э]R,0,,,443,368,69
462015180,2,s,,0,,,4937,2991,261
46201518001,3,s,P,0,,,1032,572,85
46201518002,3,s,Q,0,,,1266,604,80
46201518003,3,s,R,0,,,656,590,57
46201518004,3,s,S,0,,,907,325,28
46201518005,3,s,T,0,,,500,337,8
46201518006,3,s,U,0,,,576,563,3
462015190,2,s,Ru,0,,,993,680,295
46201519001,3,s,RuP,0,,,499,372,123
46201519002,3,s,RuQ,0,,,494,308,172
462015200,2,s,]Pu,0,,,265,209,30
462015210,2,s,,0,,,879,589,283
462015220,2,s,c,0,,,4213,2905,143
46201522001,3,s,cP,0,,,319,299,15
46201522002,3,s,cQ,0,,,830,449,20
46201522003,3,s,cR,0,,,1075,1023,37
46201522004,3,s,cS,0,,,1185,730,55
46201522005,3,s,cT,0,,,804,404,16
462015230,2,s,JR,0,,,7118,3407,3357
46201523001,3,s,JRP,0,,,775,329,433
46201523002,3,s,JRQ,0,,,1972,745,974
46201523003,3,s,JRR,0,,,554,405,143
46201523004,3,s,JRS,0,,,846,378,443
46201523005,3,s,JRT,0,,,704,381,305
46201523006,3,s,JRU,0,,,981,375,592
46201523007,3,s,JRV,0,,,914,489,404
46201523008,3,s,JRW,0,,,372,305,63
462015240,2,s,᎛,0,,,525,294,218
462015250,2,s,ac,0,,,2822,1363,1383
46201525001,3,s,acP,0,,,967,394,538
46201525002,3,s,acQ,0,,,801,401,381
46201525003,3,s,acR,0,,,1054,568,464
462015260,2,s,R,0,,,1487,908,550
46201526001,3,s,RP,0,,,424,326,90
46201526002,3,s,RQ,0,,,1063,582,460
462015270,2,s,a,0,,,1128,777,325
46201527001,3,s,aP,0,,,638,444,179
46201527002,3,s,aQ,0,,,490,333,146
462015280,2,s,V,0,,,7614,4406,3056
46201528001,3,s,VP,0,,,956,630,309
46201528002,3,s,VQ,0,,,747,519,216
46201528003,3,s,VR,0,,,778,537,228
46201528004,3,s,VS,0,,,1093,479,564
46201528005,3,s,VT,0,,,487,280,188
46201528006,3,s,VU,0,,,1221,586,623
46201528007,3,s,VV,0,,,1675,937,718
46201528008,3,s,VW,0,,,657,438,210
462015290,2,s,R,0,,,1428,868,519
46201529001,3,s,RP,0,,,699,452,231
46201529002,3,s,RQ,0,,,729,416,288
462015300,2,s,JR,0,,,296,174,119
46201530001,3,s,JRP,0,,,65,42,23
46201530002,3,s,JRQ,0,,,231,132,96
462016000,2,s,ɕ~,0,,,167,118,45
462016010,2,s,ɕ~,0,,,3509,2482,427
46201601001,3,s,ɕ~P,0,,,367,315,40
46201601002,3,s,ɕ~Q,0,,,375,311,59
46201601003,3,s,ɕ~R,0,,,680,358,68
46201601004,3,s,ɕ~S,0,,,618,504,107
46201601005,3,s,ɕ~T,0,,,329,300,24
46201601006,3,s,ɕ~U,0,,,480,410,58
46201601007,3,s,ɕ~V,0,,,660,284,71
462016020,2,s,N,0,,,1073,966,100
46201602001,3,s,NP,0,,,523,476,41
46201602002,3,s,NQ,0,,,550,490,59
462016030,2,s,ɕ~,0,,,34,11,22
462016040,2,s,쒬,0,,,72,42,30
462016050,2,s,,0,,,814,764,42
462016060,2,s,Rc,0,,,1016,905,71
462016070,2,s,F^u,0,,,430,398,19
462016080,2,s,,0,,,2154,1356,764
46201608001,3,s,P,0,,,425,270,146
46201608002,3,s,Q,0,,,682,351,320
46201608003,3,s,R,0,,,548,371,169
46201608004,3,s,S,0,,,499,364,129
462016090,2,s,Ԗu,0,,,1416,1208,91
46201609001,3,s,ԖuP,0,,,527,491,31
46201609002,3,s,ԖuQ,0,,,889,717,60
462016100,2,s,ɕ~,0,,,3544,1591,889
46201610001,3,s,ɕ~P,0,,,1300,343,436
46201610002,3,s,ɕ~Q,0,,,953,308,124
46201610003,3,s,ɕ~R,0,,,1291,940,329
462016110,2,s,ɕ~,0,,,3193,2318,531
46201611001,3,s,ɕ~P,0,,,530,371,145
46201611002,3,s,ɕ~Q,0,,,344,270,70
46201611003,3,s,ɕ~R,0,,,411,289,116
46201611004,3,s,ɕ~S,0,,,828,453,66
46201611005,3,s,ɕ~T,0,,,362,315,42
46201611006,3,s,ɕ~U,0,,,390,337,48
46201611007,3,s,ɕ~V,0,,,328,283,44
462016120,2,s,ɕ~,0,,,3267,1779,1413
46201612001,3,s,ɕ~P,0,,,755,305,426
46201612002,3,s,ɕ~Q,0,,,364,237,126
46201612003,3,s,ɕ~R,0,,,435,295,138
46201612004,3,s,ɕ~S,0,,,133,85,35
46201612005,3,s,ɕ~T,0,,,611,279,310
46201612006,3,s,ɕ~U,0,,,354,173,177
46201612007,3,s,ɕ~V,0,,,410,283,121
46201612008,3,s,ɕ~W,0,,,205,122,80
462016500,2,s,K,0,,,44,44,-
462016510,2,s,ؒ,0,,,55,51,-
462016520,2,s,,0,,,208,186,9
462016530,2,s,×,0,,,63,61,2
462016540,2,s,L,0,,,11,11,-
462016550,2,s,_,0,,,67,63,2
462016560,2,s,ƒ,0,,,81,77,4
462016700,2,s,g,0,,,929,623,283
46201670001,3,s,gP,0,,,435,300,123
46201670002,3,s,gQ,0,,,494,323,160
462017000,2,s,`̐,0,,,-,-,-
46201700001,3,s,`̐,0,,,-,-,-
46201700002,3,s,`̐,0,,,-,-,-
462017010,2,s,,0,,,304,257,19
462017020,2,s,,0,,,451,415,26
462017030,2,s,{钬,0,,,223,190,20
462017040,2,s,{,0,,,1329,1091,185
462017050,2,s,{VY,0,,,715,522,111
462017060,2,s,牪,0,,,1130,1036,71
46201706001,3,s,牪P,0,,,478,426,33
46201706002,3,s,牪Q,0,,,289,268,18
46201706003,3,s,牪R,0,,,363,342,20
462017070,2,s,R,0,,,133,42,5
462017080,2,s,Ԑ,0,,,138,130,8
462017090,2,s,r,0,,,168,158,8
462017100,2,s,Ԑ,0,,,168,147,13
462017110,2,s,,0,,,236,212,13
462017120,2,s,쒬,0,,,184,144,18
462017130,2,s,,0,,,91,86,3
462017140,2,s,Y,0,,,81,77,-
462017150,2,s,񖓒,0,,,67,61,1
462017180,2,s,V,0,,,-,-,-
462017190,2,s,X,0,,,967,895,49
462017200,2,s,,0,,,833,684,73
462017210,2,s,,0,,,1684,1358,254
462017220,2,s,q,0,,,193,167,14
462017230,2,s,OVl,0,,,498,467,14
462017240,2,s,,0,,,457,419,16
462017250,2,s,J,0,,,959,739,166
462017260,2,s,R,0,,,273,239,33
462017270,2,s,ΒJ,0,,,1519,1293,207
462017280,2,s,tR,0,,,1780,1410,302
462017290,2,s,ؒ,0,,,364,329,30
462017300,2,s,,0,,,148,137,11
462017310,2,s,l,0,,,141,134,5
462017320,2,s,c,0,,,30,28,2
462017330,2,s,z䒬,0,,,419,209,8
462017340,2,s,SRx,0,,,150,148,2
462017350,2,s,Lc,0,,,77,72,4
462017360,2,s,,0,,,217,198,7
462017370,2,s,SR,0,,,1090,874,149
462017380,2,s,{ؒ,0,,,277,233,14
462017390,2,s,Ԕ,0,,,392,357,14
462017400,2,s,,0,,,553,486,42
462017410,2,s,c,0,,,176,127,2
462017420,2,s,l,0,,,225,214,7
46203,1,s,,0,,,44318,29198,10999
462030010,2,s,ÑO钬,0,,,172,73,90
462030020,2,s,{,0,,,87,44,39
462030030,2,s,,0,,,112,49,60
462030040,2,s,],0,,,144,92,31
462030050,2,s,h,0,,,244,98,138
462030060,2,s,Vh,0,,,317,194,118
462030070,2,s,kc,0,,,100,62,36
462030080,2,s,蒬,0,,,82,62,19
46203008000,3,s,蒬,0,,,-,-,-
46203008001,3,s,蒬,0,,,82,62,19
462030090,2,s,蒬,0,,,91,46,38
462030100,2,s,]c,0,,,162,69,89
462030110,2,s,蒬,0,,,340,110,174
462030120,2,s,V쒬,0,,,1484,572,797
462030130,2,s,q,0,,,742,504,228
46203013000,3,s,q,0,,,731,493,228
46203013001,3,s,q,0,,,11,11,-
462030140,2,s,Ŕn,0,,,752,388,277
46203014001,3,s,ŔnP,0,,,318,188,97
46203014002,3,s,ŔnQ,0,,,434,200,180
462030150,2,s,,0,,,5316,2377,2462
46203015001,3,s,P,0,,,374,203,164
46203015002,3,s,Q,0,,,333,191,125
46203015003,3,s,R,0,,,629,225,335
46203015004,3,s,S,0,,,1056,494,475
46203015005,3,s,T,0,,,675,296,361
46203015006,3,s,U,0,,,343,130,71
46203015007,3,s,V,0,,,833,323,417
46203015008,3,s,W,0,,,1073,515,514
462030160,2,s,D,0,,,2216,881,998
46203016001,3,s,DP,0,,,1395,533,564
46203016002,3,s,DQ,0,,,821,348,434
462030170,2,s,,0,,,948,580,355
462030180,2,s,J,0,,,662,520,108
462030190,2,s,V,0,,,611,315,137
462030200,2,s,Y,0,,,486,328,76
462030210,2,s,,0,,,3198,1304,1056
46203021001,3,s,P,0,,,849,342,238
46203021002,3,s,Q,0,,,1110,616,445
46203021003,3,s,R,0,,,563,127,81
46203021004,3,s,S,0,,,676,219,292
462030220,2,s,V,0,,,703,370,232
462030230,2,s,⒬,0,,,1120,517,412
462030240,2,s,쒬,0,,,136,98,33
462030250,2,s,엢,0,,,1098,955,84
462030261,2,s,}V,0,,,1365,893,431
462030262,2,s,}V,0,,,430,278,152
462030270,2,s,,0,,,595,555,28
462030280,2,s,P쒬,0,,,309,297,12
462030290,2,s,P쒬,0,,,143,133,9
462030300,2,s,P쒬,0,,,737,493,59
462030310,2,s,P쒬,0,,,461,327,128
462030320,2,s,c蒬,0,,,1024,693,155
46203032001,3,s,c蒬,0,,,70,29,4
46203032002,3,s,c蒬,0,,,954,664,151
462030330,2,s,쐼,0,,,2060,1406,616
46203033000,3,s,쐼,0,,,2024,1372,614
46203033002,3,s,쐼,0,,,36,34,2
462030340,2,s,쓌,0,,,362,323,34
462030350,2,s,ic,0,,,186,155,15
462030360,2,s,ђ,0,,,113,98,10
462030370,2,s,ьG,0,,,95,83,8
462030380,2,s,˒,0,,,245,222,15
462030390,2,s,˒,0,,,55,26,1
462030400,2,s,r,0,,,80,76,4
462030410,2,s,쒬,0,,,409,384,9
462030420,2,s,刦ǒ,0,,,262,241,10
46203042001,3,s,刦ǒ,0,,,152,137,4
46203042002,3,s,刦ǒ,0,,,110,104,6
462030430,2,s,qڒ,0,,,138,137,-
462030440,2,s,c,0,,,310,266,20
462030450,2,s,R,0,,,703,599,97
462030460,2,s,x,0,,,502,427,75
462030470,2,s,{,0,,,399,359,26
462030480,2,s,lc,0,,,241,225,5
462030500,2,s,ԉ,0,,,214,190,21
462030510,2,s,Í],0,,,45,43,1
462030520,2,s,ԗ,0,,,59,57,2
462030530,2,s,L,0,,,32,28,4
462030540,2,s,,0,,,48,48,-
462030550,2,s,q,0,,,22,22,-
462030560,2,s,C,0,,,345,171,158
462030570,2,s,×,0,,,167,103,57
462030580,2,s,,0,,,275,153,120
46203058001,3,s,,0,,,183,118,63
46203058002,3,s,,0,,,92,35,57
462030590,2,s,쌴,0,,,146,94,52
462030600,2,s,V_,0,,,124,111,5
462030610,2,s,DԒ,0,,,84,82,2
462030620,2,s,Í],0,,,311,270,26
46203062001,3,s,Í],0,,,52,43,3
46203062002,3,s,Í],0,,,139,121,14
46203062003,3,s,Í],0,,,31,30,1
46203062005,3,s,Í],0,,,38,27,6
46203062006,3,s,Í],0,,,51,49,2
462030630,2,s,㍂G,0,,,251,224,10
46203063001,3,s,㍂G,0,,,24,22,2
46203063002,3,s,㍂G,0,,,33,32,1
46203063004,3,s,㍂G,0,,,41,41,-
46203063005,3,s,㍂G,0,,,153,129,7
462030640,2,s,G,0,,,485,461,14
46203064001,3,s,G,0,,,89,85,1
46203064003,3,s,G,0,,,28,28,-
46203064004,3,s,G,0,,,15,14,-
46203064005,3,s,G,0,,,111,106,4
46203064006,3,s,G,0,,,188,179,5
46203064007,3,s,G,0,,,54,49,4
462030650,2,s,S,0,,,538,457,14
462030660,2,s,S,0,,,226,199,3
462030670,2,s,[,0,,,63,62,1
462030680,2,s,s,0,,,384,300,3
462030690,2,s,zK,0,,,245,238,7
462030700,2,s,׎Rc,0,,,1028,930,42
462030710,2,s,L,0,,,1378,1276,57
462030720,2,s,,0,,,787,627,101
462030730,2,s,,0,,,555,489,56
462030740,2,s,㏬,0,,,1241,985,131
462030750,2,s,,0,,,442,385,26
462030760,2,s,[,0,,,1000,796,38
462030770,2,s,㖼,0,,,1146,971,42
462030780,2,s,,0,,,33,33,-
462030790,2,s,[,0,,,97,89,-
46204,1,s,,0,,,9667,7866,1220
462040130,2,s,c,0,,,82,63,16
462040140,2,s,{,0,,,126,101,25
462040150,2,s,R蒬,0,,,118,83,28
462040160,2,s,Zg,0,,,133,84,43
462040170,2,s,{,0,,,143,123,17
462040180,2,s,,0,,,202,179,18
462040190,2,s,`,0,,,88,74,13
462040200,2,s,܌,0,,,55,40,14
462040210,2,s,,0,,,119,94,18
462040220,2,s,b{,0,,,139,124,14
462040230,2,s,,0,,,144,114,27
462040240,2,s,,0,,,200,163,32
462040250,2,s,ؒ,0,,,348,250,74
462040260,2,s,Β,0,,,263,189,53
462040270,2,s,c,0,,,148,109,35
462040280,2,s,a,0,,,304,200,34
462040290,2,s,{c,0,,,183,159,18
462040300,2,s,t,0,,,182,122,36
462040310,2,s,Vo,0,,,167,141,22
462040320,2,s,{O,0,,,181,150,30
462040330,2,s,,0,,,136,121,13
462040340,2,s,V,0,,,202,183,18
462040350,2,s,,0,,,-,-,-
462040360,2,s,ʕ{,0,,,-,-,-
462040370,2,s,U,2,0610,,X,X,X
462040380,2,s,U,0,,,-,-,-
462040390,2,s,,0,,,417,290,75
462040400,2,s,_{,0,,,254,228,23
462040410,2,s,k,0,,,318,281,35
462040420,2,s,쒬,0,,,151,141,10
462040430,2,s,ΔV_,1,,0440,59,25,-
462040440,2,s,ΔV_,2,0430,,X,X,X
462040450,2,s,t,0,,,7,2,-
462040460,2,s,˓쒬,0,,,141,124,16
462040470,2,s,˒,0,,,212,189,14
462040480,2,s,ː,0,,,12,10,1
462040490,2,s,˖k,0,,,39,33,4
462040500,2,s,_k,0,,,281,240,28
462040510,2,s,{,0,,,120,101,11
462040520,2,s,؏꒬,0,,,225,150,54
462040530,2,s,蒬,0,,,219,153,57
462040540,2,s,R,0,,,69,61,5
462040550,2,s,U[,0,,,160,119,24
462040560,2,s,h,0,,,143,132,11
462040570,2,s,h{,0,,,241,203,32
462040580,2,s,,0,,,9,9,-
462040590,2,s,ΔV_k,0,,,4,4,-
462040600,2,s,V,0,,,11,7,4
462040610,2,s,,1,,0370,30,29,1
462040620,2,s,،,0,,,93,82,9
462040630,2,s,˒,0,,,237,136,57
462040640,2,s,R,0,,,132,73,19
462040650,2,s,,0,,,156,140,15
462040660,2,s,,0,,,237,210,24
462040670,2,s,R{,0,,,209,177,24
462040680,2,s,R,1,,0940,154,141,13
462040690,2,s,쒬,0,,,46,45,1
462040700,2,s,R㒬,0,,,38,38,-
462040710,2,s,R,0,,,6,6,-
462040720,2,s,cz쒬,0,,,153,145,5
462040730,2,s,R,0,,,89,46,4
462040740,2,s,R,0,,,27,25,-
462040750,2,s,L,0,,,61,59,1
462040760,2,s,~{,0,,,166,159,6
462040770,2,s,~쒬,1,,0830,19,10,-
462040780,2,s,~,0,,,24,24,-
462040790,2,s,˒,0,,,7,4,-
462040800,2,s,,0,,,141,133,8
462040810,2,s,ʕ{,0,,,124,118,3
462040820,2,s,ʕ{,0,,,152,110,9
462040830,2,s,mcY,2,0770,,X,X,X
462040840,2,s,k,0,,,17,15,-
462040850,2,s,򐼒,0,,,169,161,8
462040860,2,s,򓌒,1,,0870,120,116,4
462040870,2,s,ڂ̒,2,0860,,X,X,X
462040880,2,s,쒬,0,,,50,50,-
462040890,2,s,˒,0,,,13,13,-
462040900,2,s,,0,,,92,88,3
462040910,2,s,,0,,,54,54,-
462040920,2,s,܂⒬,0,,,60,57,2
462040930,2,s,,0,,,36,34,2
462040940,2,s,,2,0680,,X,X,X
46206,1,vs,,0,,,9080,7061,1162
462060010,2,vs,ߌ,0,,,117,47,68
462060020,2,vs,ے,0,,,195,106,80
462060030,2,vs,`,0,,,42,36,4
462060040,2,vs,{,0,,,136,98,32
462060050,2,vs,,0,,,64,35,21
462060060,2,vs,l,0,,,67,66,-
462060070,2,vs,Օ,0,,,120,64,47
462060080,2,vs,h,0,,,54,45,7
462060090,2,vs,e{,0,,,1775,1567,141
462060100,2,vs,V,0,,,49,40,9
462060110,2,vs,۔,0,,,25,19,6
462060120,2,vs,,0,,,861,826,18
462060130,2,vs,,0,,,566,485,12
462060141,2,vs,ߒ,0,,,355,137,162
46206014101,3,vs,ߒ꒚,0,,,226,103,103
46206014102,3,vs,ߒ񒚖,0,,,129,34,59
462060142,2,vs,l,0,,,183,94,25
46206014201,3,vs,l꒚,0,,,25,18,7
46206014202,3,vs,l񒚖,0,,,158,76,18
462060143,2,vs,g,0,,,1138,825,200
462060150,2,vs,R,0,,,519,476,40
462060160,2,vs,ߐ,0,,,401,370,18
462060170,2,vs,Ԑ,1,,0200,1793,1161,241
462060180,2,vs,c,0,,,189,176,8
462060190,2,vs,܌,0,,,431,388,23
462060200,2,vs,C,2,0170,,X,X,X
46208,1,os,,0,,,22110,15968,3743
462080010,2,os,Β,0,,,586,260,253
46208001001,3,os,Β,0,,,82,33,46
46208001002,3,os,Β,0,,,504,227,207
462080020,2,os,I,0,,,1051,675,191
462080030,2,os,{,0,,,421,261,138
462080040,2,os,],0,,,234,163,62
462080050,2,os,쌴,0,,,1844,1146,562
462080060,2,os,R[h0060̌v,0,,,3274,2098,698
46208006001,3,os,a,0,,,2695,1680,586
46208006002,3,os,쌴,0,,,579,418,112
462080070,2,os,R[h0070̌v,0,,,1381,1185,181
46208007001,3,os,,0,,,209,198,8
46208007002,3,os,,0,,,313,259,51
46208007003,3,os,_,0,,,255,195,56
46208007004,3,os,m,0,,,533,467,62
46208007005,3,os,Yc,0,,,71,66,4
462080080,2,os,R[h0080̌v,0,,,529,418,42
46208008001,3,os,Zg,0,,,365,338,22
46208008002,3,os,_,0,,,164,80,20
462080090,2,os,R[h0090̌v,0,,,886,551,136
46208009001,3,os,ămÒ,0,,,113,83,26
46208009002,3,os,I,0,,,403,183,34
46208009003,3,os,ămÒ,0,,,75,66,8
46208009004,3,os,ămÒ,0,,,180,148,25
46208009005,3,os,ămÒ,0,,,115,71,43
462080100,2,os,R[h0100̌v,0,,,1311,986,136
46208010001,3,os,,0,,,87,82,3
46208010002,3,os,I,0,,,769,571,95
46208010003,3,os,,0,,,398,287,27
46208010004,3,os,I,0,,,57,46,11
462080110,2,os,Β,0,,,400,176,197
462080120,2,os,,0,,,155,126,24
462080130,2,os,Zc,0,,,163,103,42
462080140,2,os,,0,,,396,371,13
462080150,2,os,R[h0150̌v,0,,,284,273,7
46208015001,3,os,I,0,,,51,46,2
46208015002,3,os,,0,,,37,35,2
46208015003,3,os,I,0,,,41,40,-
46208015004,3,os,I,0,,,155,152,3
462080160,2,os,,0,,,171,164,6
462080170,2,os,,0,,,249,226,8
462080180,2,os,R[h0180̌v,0,,,1066,584,208
46208018001,3,os,{,0,,,151,37,4
46208018002,3,os,[,0,,,154,119,33
46208018003,3,os,[,0,,,761,428,171
462080190,2,os,{,0,,,393,366,21
462080200,2,os,,1,,020001;020002,392,330,41
46208020001,3,os,,2,0200,,X,X,X
46208020002,3,os,,2,0200,,X,X,X
462080210,2,os,㖼,0,,,816,635,31
462080220,2,os,,0,,,871,716,58
462080230,2,os,v,0,,,1168,955,172
462080240,2,os,Ĉ,0,,,1094,748,168
462080250,2,os,,0,,,522,466,45
462080260,2,os,},0,,,363,312,43
462080270,2,os,㐅,0,,,537,354,131
462080280,2,os,,0,,,675,492,120
462080290,2,os,],0,,,878,828,9
46210,1,whs,,0,,,17923,13537,2897
462100010,2,whs,̕l,0,,,1108,646,413
46210001001,3,whs,̕l꒚,0,,,228,111,103
46210001002,3,whs,̕l񒚖,0,,,159,98,60
46210001003,3,whs,̕lO,0,,,222,133,79
46210001004,3,whs,̕ll,0,,,182,121,56
46210001005,3,whs,̕lܒ,0,,,150,108,28
46210001006,3,whs,̕lZ,0,,,167,75,87
462100070,2,whs,,0,,,582,359,192
46210007001,3,whs,꒚,0,,,110,58,48
46210007002,3,whs,񒚖,0,,,104,76,26
46210007003,3,whs,O,0,,,127,88,37
46210007004,3,whs,l,0,,,241,137,81
462100110,2,whs,喴,0,,,941,572,339
46210011001,3,whs,喴꒚,0,,,214,153,59
46210011002,3,whs,喴񒚖,0,,,195,139,53
46210011003,3,whs,喴O,0,,,242,127,109
46210011004,3,whs,喴l,0,,,202,97,90
46210011005,3,whs,喴ܒ,0,,,88,56,28
462100160,2,whs,\,0,,,1979,1216,488
462100170,2,whs,\,0,,,1284,828,384
462100180,2,whs,,0,,,1990,1409,298
462100190,2,whs,,0,,,2248,1682,227
462100200,2,whs,{,0,,,453,411,33
462100210,2,whs,q,0,,,237,225,10
462100220,2,whs,V,0,,,347,288,16
462100230,2,whs,rc,0,,,533,492,21
462100240,2,whs,R앟,0,,,456,375,42
462100250,2,whs,,0,,,424,376,40
462100260,2,whs,R쐬,0,,,1024,823,142
462100270,2,whs,RR,0,,,403,320,72
462100280,2,whs,R쏬,0,,,432,384,27
462100290,2,whs,R쉪,0,,,499,449,36
462100300,2,whs,Rl,0,,,142,133,7
462100310,2,whs,R엘i,0,,,389,365,10
462100320,2,whs,V,0,,,29,28,1
462100330,2,whs,,0,,,23,23,-
462100340,2,whs,Jc,0,,,586,570,14
462100350,2,whs,J\,0,,,907,747,57
462100360,2,whs,J,0,,,169,164,5
462100370,2,whs,JK,0,,,738,652,23
46213,1,V\s,,0,,,7212,5195,1096
462130010,2,V\s,V\,0,,,134,87,41
462130020,2,V\s,V\,0,,,134,77,40
462130030,2,V\s,V\,0,,,144,105,34
462130040,2,V\s,V\,0,,,209,162,43
462130050,2,V\s,V\,0,,,274,105,86
462130060,2,V\s,V\,0,,,340,196,97
462130070,2,V\s,V\,0,,,547,231,96
462130080,2,V\s,V\,0,,,126,77,46
462130090,2,V\s,V\,0,,,372,228,108
462130100,2,V\s,V\,0,,,255,170,66
462130110,2,V\s,V\,0,,,629,496,83
462130120,2,V\s,V\,0,,,324,50,20
462130130,2,V\s,V\,0,,,271,243,14
462130140,2,V\s,V\,0,,,513,397,101
462130150,2,V\s,V\,0,,,556,389,97
462130160,2,V\s,,0,,,537,496,28
462130170,2,V\s,Ɋ,0,,,195,182,10
462130180,2,V\s,[,0,,,188,170,6
462130190,2,V\s,a,0,,,580,529,35
462130200,2,V\s,,0,,,151,138,6
462130210,2,V\s,,0,,,50,49,1
462130220,2,V\s,,0,,,49,43,4
462130230,2,V\s,Óc,0,,,196,172,8
462130240,2,V\s,Zg,0,,,438,403,26
462130250,2,V\s,V\,0,,,-,-,-
46214,1,s,,0,,,6885,5488,617
462140010,2,s,,0,,,319,283,16
462140020,2,s,,0,,,209,199,4
462140030,2,s,[,0,,,255,236,7
462140040,2,s,C,0,,,462,411,22
462140050,2,s,,0,,,329,303,17
462140060,2,s,s,0,,,759,618,55
462140070,2,s,s,0,,,1064,845,158
462140080,2,s,㒬,0,,,91,77,13
462140090,2,s,,0,,,61,53,6
462140100,2,s,,0,,,125,88,22
462140110,2,s,쏼,0,,,90,39,7
462140120,2,s,{,0,,,97,58,21
462140130,2,s,,0,,,108,64,29
462140140,2,s,{,0,,,64,49,13
462140150,2,s,h,0,,,102,71,29
462140160,2,s,э],0,,,374,75,37
462140170,2,s,{,0,,,431,293,29
462140180,2,s,V䓰,0,,,135,130,5
462140190,2,s,,0,,,172,160,5
462140200,2,s,s,0,,,49,44,4
462140210,2,s,{,0,,,355,322,13
462140220,2,s,A,0,,,558,521,25
462140230,2,s,V,0,,,508,447,23
462140240,2,s,ʒ,0,,,168,102,57
46214024001,3,s,ʒP,0,,,-,-,-
46214024002,3,s,ʒQ,0,,,-,-,-
46214024003,3,s,ʒR,0,,,168,102,57
46215,1,Fs,,0,,,39520,27212,8149
462150010,2,Fs,c,0,,,148,86,59
462150020,2,Fs,c,0,,,132,72,51
462150030,2,Fs,c{,0,,,172,110,49
462150040,2,Fs,c{,0,,,122,74,46
462150050,2,Fs,_c,0,,,87,22,60
462150060,2,Fs,ᏼ,0,,,39,23,14
462150070,2,Fs,J,0,,,154,87,60
462150080,2,Fs,J,0,,,215,123,84
462150090,2,Fs,␅,0,,,220,149,64
462150100,2,Fs,{,0,,,724,486,92
462150110,2,Fs,{蒬,0,,,1438,883,499
462150120,2,Fs,ڒ,0,,,804,437,195
462150130,2,Fs,RV,0,,,58,52,4
462150140,2,Fs,i쒬,0,,,96,91,4
462150150,2,Fs,؏ꒃ,0,,,62,59,2
462150160,2,Fs,q,0,,,285,164,121
462150170,2,Fs,],0,,,209,179,30
462150180,2,Fs,s,0,,,193,184,9
462150190,2,Fs,R,0,,,420,349,7
462150200,2,Fs,ǒ,0,,,265,196,68
462150210,2,Fs,GV钬,0,,,914,569,227
462150221,2,Fs,,0,,,219,134,80
462150222,2,Fs,,0,,,3252,1710,1180
462150230,2,Fs,n꒬,0,,,169,51,73
462150240,2,Fs,ǒ,0,,,145,106,36
462150250,2,Fs,a,0,,,78,37,37
462150260,2,Fs,VC,0,,,745,599,137
462150270,2,Fs,팳,0,,,113,112,1
462150280,2,Fs,,0,,,278,252,7
462150290,2,Fs,vZ,0,,,29,27,2
462150300,2,Fs,t,0,,,59,36,22
462150310,2,Fs,剤,0,,,112,64,43
462150320,2,Fs,Ԗؒ,0,,,164,74,79
462150330,2,Fs,召H,0,,,771,418,310
462150340,2,Fs,,0,,,620,409,190
462150350,2,Fs,ˉ,0,,,1803,1037,567
462150360,2,Fs,{,0,,,1576,721,537
462150370,2,Fs,ܑ㒬,0,,,1317,743,276
462150380,2,Fs,,0,,,502,306,131
462150390,2,Fs,,0,,,736,461,211
462150400,2,Fs,c蒬,0,,,587,435,139
462150410,2,Fs,,0,,,442,375,17
462150420,2,Fs,q,0,,,224,194,5
462150430,2,Fs,,0,,,170,162,7
462150440,2,Fs,ԒÒ,0,,,137,132,5
462150450,2,Fs,`,0,,,179,171,6
462150460,2,Fs,S,0,,,860,724,111
462150470,2,Fs,i,0,,,1459,997,356
462150480,2,Fs,v蒬,0,,,139,121,8
462150490,2,Fs,c,0,,,143,131,11
462150500,2,Fs,],0,,,584,493,18
462150510,2,Fs,l,0,,,109,108,1
462150520,2,Fs,cC,0,,,444,334,32
462150530,2,Fs,钬,0,,,709,463,150
462150540,2,Fs,z,0,,,269,250,2
462150550,2,Fs,㒬,0,,,542,454,43
462150560,2,Fs,c,0,,,249,229,4
462150570,2,Fs,,0,,,194,164,17
462150580,2,Fs,召H,0,,,520,282,223
462150590,2,Fs,c,0,,,226,67,114
462150600,2,Fs,,0,,,1239,542,587
46215060001,3,Fs,P,0,,,417,213,177
46215060002,3,Fs,Q,0,,,235,59,133
46215060003,3,Fs,R,0,,,226,120,97
46215060004,3,Fs,S,0,,,236,71,137
46215060005,3,Fs,T,0,,,125,79,43
462150610,2,Fs,es,0,,,1416,1098,176
462150620,2,Fs,eV,0,,,1139,1001,65
462150630,2,Fs,eq,0,,,100,92,3
462150640,2,Fs,c,0,,,981,776,62
462150650,2,Fs,YV,0,,,981,869,31
462150660,2,Fs,,0,,,1262,1067,46
462150670,2,Fs,,0,,,157,151,1
462150680,2,Fs,,0,,,83,76,4
462150690,2,Fs,,0,,,154,135,2
462150700,2,Fs,Rc,0,,,194,183,4
462150710,2,Fs,쐣,0,,,276,246,11
462150720,2,Fs,V@,0,,,300,261,5
462150730,2,Fs,V@ac,0,,,446,368,5
462150740,2,Fs,V@,0,,,323,275,11
462150750,2,Fs,V@,0,,,132,114,2
462150760,2,Fs,V@,0,,,312,269,8
462150770,2,Fs,,0,,,516,405,47
462150780,2,Fs,㍙,0,,,250,137,20
462150790,2,Fs,㍙,0,,,29,15,2
462150800,2,Fs,㍙],0,,,77,65,4
462150810,2,Fs,㍙,0,,,135,121,3
462150820,2,Fs,㍙,0,,,80,76,-
462150830,2,Fs,㍙,0,,,83,69,5
462150840,2,Fs,㍙KVY,0,,,31,31,-
462150850,2,Fs,XY,0,,,20,14,-
462150860,2,Fs,l,0,,,323,171,47
462150870,2,Fs,XY,0,,,75,68,5
462150880,2,Fs,,0,,,101,65,5
462150890,2,Fs,ЖY,0,,,86,78,2
462150900,2,Fs,,0,,,351,245,32
462150910,2,Fs,ac,0,,,202,123,21
462150920,2,Fs,ac,1,,0930,35,28,-
462150930,2,Fs,ac,2,0920,,X,X,X
46216,1,us,,0,,,19406,15046,2656
462160010,2,us,ɏW@J,0,,,1461,952,381
462160020,2,us,ɏW@c,0,,,249,232,15
462160030,2,us,ɏW@і,0,,,239,199,16
462160040,2,us,ɏW@Ï,0,,,69,69,-
462160050,2,us,ɏW@V,0,,,84,82,2
462160060,2,us,ɏW@d,0,,,670,420,191
462160061,2,us,ɏW@d,0,,,361,105,248
46216006101,3,us,ɏW@d꒚,0,,,160,47,113
46216006102,3,us,ɏW@d񒚖,0,,,78,26,47
46216006103,3,us,ɏW@dO,0,,,123,32,88
462160070,2,us,ɏW@q,0,,,766,497,173
462160071,2,us,ɏW@q,0,,,80,63,17
462160080,2,us,ɏW@,0,,,176,151,25
462160090,2,us,ɏW@S,0,,,1208,674,355
46216009000,3,us,ɏW@S,0,,,1021,606,241
46216009001,3,us,ɏW@SP,0,,,139,42,94
46216009002,3,us,ɏW@SQ,0,,,48,26,20
462160100,2,us,ɏW@y,0,,,153,133,8
462160110,2,us,ɏW@,0,,,142,127,2
462160120,2,us,ɏW@|VR,0,,,113,106,7
462160130,2,us,ɏW@_a,0,,,133,126,7
462160140,2,us,ɏW@c,0,,,828,770,53
462160150,2,us,ɏW@_a,0,,,280,220,37
462160160,2,us,ɏW@K,0,,,59,57,1
462160170,2,us,ɏW@c,0,,,115,110,3
462160180,2,us,ɏW@e,0,,,69,65,4
462160190,2,us,ɏW@~,0,,,2075,1698,77
46216019001,3,us,ɏW@~P,0,,,803,600,52
46216019002,3,us,ɏW@~Q,0,,,758,735,17
46216019003,3,us,ɏW@~R,0,,,514,363,8
462160200,2,us,s{,0,,,601,567,15
462160210,2,us,s,0,,,1300,967,171
462160220,2,us,sc,0,,,1895,1367,423
462160230,2,us,sɍc,0,,,587,530,26
462160240,2,us,sR,0,,,219,165,29
462160250,2,us,s_V,0,,,48,46,2
462160260,2,us,s_V,0,,,36,31,3
462160270,2,us,s{c,0,,,11,11,-
462160280,2,us,se,0,,,17,17,-
462160290,2,us,g_V,0,,,40,38,2
462160300,2,us,gRc,0,,,64,53,-
462160310,2,us,gu,0,,,1411,1178,60
462160320,2,us,gg,0,,,540,470,18
462160330,2,us,㒬,1,,0420,1305,964,166
462160340,2,us,㒬,0,,,333,266,49
462160350,2,us,㒬cK,0,,,170,159,9
462160360,2,us,㒬oq,0,,,211,198,10
462160370,2,us,㒬VY,0,,,48,48,-
462160380,2,us,㒬ac,0,,,263,232,8
462160390,2,us,㒬,0,,,370,339,25
462160400,2,us,㒬ig,0,,,534,476,13
462160410,2,us,㒬ig,0,,,73,68,5
462160420,2,us,㒬VY,2,0330,,X,X,X
462160430,2,us,㒬ig,0,,,-,-,-
46217,1,]s,,0,,,15959,13289,1301
462170011,2,]s,g㒬,0,,,440,313,119
46217001101,3,]s,g㒬P,0,,,48,39,9
46217001102,3,]s,g㒬Q,0,,,59,52,6
46217001103,3,]s,g㒬R,0,,,40,36,4
46217001104,3,]s,g㒬S,0,,,56,48,4
46217001105,3,]s,g㒬T,0,,,102,58,42
46217001106,3,]s,g㒬U,0,,,69,44,24
46217001107,3,]s,g㒬V,0,,,66,36,30
462170012,2,]s,gV,0,,,2174,1617,325
462170020,2,]s,gV,0,,,1254,1177,52
462170030,2,]s,g,0,,,654,590,30
462170040,2,]s,gzK,0,,,1469,1210,177
462170050,2,]s,g[,0,,,1362,1231,70
462170060,2,]s,gV,0,,,73,50,20
46217006001,3,]s,gVP,0,,,36,26,9
46217006002,3,]s,gVQ,0,,,37,24,11
462170070,2,]s,g{,0,,,55,42,13
46217007001,3,]s,g{P,0,,,39,30,9
46217007002,3,]s,g{Q,0,,,16,12,4
462170080,2,]s,gh,0,,,52,43,7
46217008001,3,]s,ghP,0,,,26,23,2
46217008002,3,]s,ghQ,0,,,26,20,5
462170090,2,]s,,0,,,1784,1251,159
462170100,2,]s,⌳,0,,,969,856,56
462170110,2,]s,{c,0,,,399,344,10
462170120,2,]s,{c,0,,,70,68,1
462170130,2,]s,Pg,0,,,111,95,2
462170140,2,]s,V,0,,,237,226,-
462170150,2,]s,,0,,,1034,884,91
462170160,2,]s,rJ,0,,,55,55,-
462170170,2,]s,얓,0,,,1403,1211,74
462170180,2,]s,k,0,,,820,735,38
462170190,2,]s,,0,,,1544,1291,57
46218,1,s,,0,,,53043,33479,14132
462180010,2,s,dv,0,,,1063,695,170
462180020,2,s,,0,,,13,3,10
462180031,2,s,P,0,,,169,103,62
462180032,2,s,P,0,,,200,137,58
462180040,2,s,Sc,0,,,1082,1007,67
462180050,2,s,䖾,0,,,31,30,1
462180060,2,s,쌴,0,,,186,179,3
462180070,2,s,㏬,0,,,590,334,106
462180080,2,s,g,0,,,838,260,189
462180090,2,s,R,0,,,200,105,92
462180100,2,s,R,0,,,139,111,27
462180110,2,s,,0,,,4445,2003,2075
46218011001,3,s,P,0,,,909,400,490
46218011002,3,s,Q,0,,,414,188,145
46218011003,3,s,R,0,,,1039,484,519
46218011004,3,s,S,0,,,881,420,428
46218011005,3,s,T,0,,,514,261,214
46218011006,3,s,U,0,,,688,250,279
462180120,2,s,,0,,,4,4,-
46218012000,3,s,,0,,,4,4,-
46218012003,3,s,,0,,,-,-,-
462180130,2,s,{,0,,,235,72,50
46218013000,3,s,{,0,,,235,72,50
46218013001,3,s,{,0,,,-,-,-
462180151,2,s,V,0,,,839,547,278
46218015101,3,s,VP,0,,,563,415,136
46218015102,3,s,VQ,0,,,276,132,142
462180152,2,s,V,0,,,704,409,257
462180160,2,s,,0,,,15,5,10
462180170,2,s,,0,,,2109,1249,737
46218017000,3,s,,2,017001,,X,X,X
46218017001,3,s,P,1,,017000,691,464,214
46218017002,3,s,Q,0,,,616,311,213
46218017003,3,s,R,0,,,802,474,310
462180180,2,s,L,0,,,2559,1326,856
46218018000,3,s,L,0,,,8,8,-
46218018001,3,s,LP,0,,,636,288,335
46218018002,3,s,LQ,0,,,1078,486,286
46218018003,3,s,LR,0,,,515,311,154
46218018004,3,s,LS,0,,,322,233,81
462180190,2,s,,0,,,473,363,86
462180200,2,s,,0,,,524,389,24
462180210,2,s,,0,,,423,308,19
462180220,2,s,~,0,,,745,622,41
462180230,2,s,,0,,,655,581,68
462180241,2,s,쌴eNmp[N,0,,,-,-,-
462180242,2,s,쌴ꕶ̐X,0,,,-,-,-
462180243,2,s,Vi,0,,,191,182,6
462180250,2,s,,0,,,401,237,141
462180260,2,s,,1,,0270,280,21,239
462180270,2,s,k,2,0260,,X,X,X
462180280,2,s,{,0,,,609,298,288
462180290,2,s,Ԓ,0,,,772,214,438
462180300,2,s,ؒ,0,,,853,402,424
462180310,2,s,ؓ,0,,,171,88,81
462180320,2,s,VFs,0,,,97,52,42
462180330,2,s,,0,,,2320,1246,844
46218033001,3,s,P,0,,,776,284,479
46218033002,3,s,Q,0,,,623,261,157
46218033003,3,s,R,0,,,459,317,138
46218033004,3,s,S,0,,,319,256,60
46218033005,3,s,T,0,,,143,128,10
462180340,2,s,,0,,,813,276,511
462180350,2,s,aӒL,0,,,752,571,55
46218035001,3,s,aӒL쐣|,0,,,47,47,-
46218035002,3,s,aӒL쉺Lؖ,0,,,118,114,4
46218035003,3,s,aӒLΌ,0,,,85,75,4
46218035004,3,s,aӒLΌ,0,,,92,76,11
46218035005,3,s,aӒLi,0,,,41,41,-
46218035006,3,s,aӒL],0,,,167,93,21
46218035012,3,s,aӒL˖k,0,,,148,124,14
46218035013,3,s,aӒL,0,,,54,1,1
462180360,2,s,aӒ|q,0,,,411,363,13
46218036005,3,s,aӒ|qi,0,,,14,14,-
46218036006,3,s,aӒ|q],0,,,49,47,2
46218036007,3,s,aӒ|q΃P,0,,,156,116,9
46218036008,3,s,aӒ|q,0,,,101,97,2
46218036009,3,s,aӒ|q{,0,,,41,40,-
46218036010,3,s,aӒ|q{v,0,,,39,39,-
46218036024,3,s,aӒ|q,0,,,11,10,-
462180370,2,s,aӒO,0,,,145,140,5
46218037010,3,s,aӒO{v,0,,,27,26,1
46218037011,3,s,aӒOO,0,,,118,114,4
462180380,2,s,aӒ[,0,,,1397,926,301
46218038012,3,s,aӒ[˖k,0,,,54,47,6
46218038014,3,s,aӒ[K,0,,,92,88,2
46218038015,3,s,aӒ[,0,,,92,89,2
46218038016,3,s,aӒ[Ε,0,,,182,140,42
46218038017,3,s,aӒ[[,0,,,232,176,53
46218038018,3,s,aӒ[ʗ,0,,,185,97,28
46218038019,3,s,aӒ[_n,0,,,261,179,74
46218038020,3,s,aӒ[˓,0,,,299,110,94
462180390,2,s,aӒX,0,,,563,430,70
46218039018,3,s,aӒXʗ,0,,,37,35,1
46218039021,3,s,aӒX,0,,,345,215,68
46218039022,3,s,aӒX\O,0,,,111,110,1
46218039023,3,s,aӒXK,0,,,70,70,-
462180400,2,s,쒬m,0,,,576,522,22
462180410,2,s,쒬m,0,,,1049,700,44
462180420,2,s,쒬m,0,,,287,258,6
462180430,2,s,qhEc,0,,,715,543,59
462180440,2,s,qÐ,0,,,230,222,5
462180450,2,s,q㒆Ð,0,,,206,186,8
462180460,2,s,qO̓,0,,,318,298,5
462180470,2,s,qV,0,,,322,297,11
462180480,2,s,q,0,,,219,208,6
462180490,2,s,q,0,,,1097,724,115
462180500,2,s,c,0,,,1308,1151,76
462180510,2,s,E,0,,,338,297,22
462180520,2,s,k,0,,,148,93,7
462180530,2,s,i,0,,,262,231,20
462180540,2,s,ll,0,,,324,284,12
462180550,2,s,lvc,0,,,134,125,8
462180560,2,s,lc,0,,,1247,930,174
462180570,2,s,l^F,0,,,1808,1168,524
462180580,2,s,l,0,,,36,36,-
462180590,2,s,lZg,0,,,2544,1252,1098
462180600,2,s,l,0,,,1364,537,771
462180610,2,s,lRc,0,,,605,319,119
462180620,2,s,l,0,,,1003,451,344
462180630,2,s,lP,0,,,1291,703,457
462180640,2,s,l,0,,,771,501,129
462180650,2,s,l,0,,,294,260,28
462180660,2,s,li,0,,,951,858,72
462180670,2,s,l×,0,,,210,193,9
462180680,2,s,l_{,0,,,969,664,288
46218068001,3,s,l_{꒚,0,,,155,105,44
46218068002,3,s,l_{񒚖,0,,,196,121,73
46218068003,3,s,l_{O,0,,,131,96,33
46218068004,3,s,l_{l,0,,,207,153,51
46218068005,3,s,l_{ܒ,0,,,130,89,38
46218068006,3,s,l_{Z,0,,,150,100,49
462180690,2,s,lP,0,,,655,335,300
46218069001,3,s,lP꒚,0,,,200,115,73
46218069002,3,s,lP񒚖,0,,,225,114,109
46218069003,3,s,lPO,0,,,230,106,118
462180700,2,s,l,0,,,224,138,81
462180710,2,s,li,0,,,322,201,116
46218071001,3,s,li꒚,0,,,162,123,36
46218071002,3,s,li񒚖,0,,,160,78,80
462180720,2,s,lRc,0,,,1042,636,364
46218072001,3,s,lRc꒚,0,,,154,78,71
46218072002,3,s,lRc񒚖,0,,,240,151,83
46218072003,3,s,lRcO,0,,,400,238,134
46218072004,3,s,lRcl,0,,,248,169,76
462180730,2,s,RR,0,,,1455,1184,77
462180740,2,s,Rn,0,,,78,76,-
462180750,2,s,R,0,,,330,320,7
462180760,2,s,R,0,,,295,290,4
46219,1,ؖs,,0,,,12008,8932,1868
462190010,2,ؖs,x,0,,,121,110,4
462190021,2,ؖs,㖼,0,,,441,393,25
462190022,2,ؖs,͓,0,,,74,67,6
462190023,2,ؖs,,0,,,571,445,15
46219002300,3,ؖs,,0,,,571,445,15
46219002301,3,ؖs,,0,,,-,-,-
462190024,2,ؖs,ѓc,0,,,512,438,60
462190060,2,ؖs,r,0,,,141,123,4
462190070,2,ؖs,H,0,,,540,492,16
462190080,2,ؖs,,0,,,135,86,43
462190090,2,ؖs,,0,,,115,74,38
462190100,2,ؖs,Ya,0,,,114,101,9
462190110,2,ؖs,匴,0,,,124,93,28
462190120,2,ؖs,q,0,,,171,129,41
462190130,2,ؖs,t,0,,,254,136,112
462190140,2,ؖs,,0,,,85,64,17
462190150,2,ؖs,kl,0,,,117,103,11
462190160,2,ؖs,h,0,,,128,103,23
462190170,2,ؖs,,0,,,109,71,35
462190180,2,ؖs,,0,,,69,60,9
462190190,2,ؖs,a,0,,,200,137,60
462190200,2,ؖs,,0,,,119,72,39
462190210,2,ؖs,V,0,,,110,96,4
462190220,2,ؖs,Zg,0,,,294,189,80
462190230,2,ؖs,,0,,,122,97,23
462190240,2,ؖs,,0,,,120,103,13
462190250,2,ؖs,l,0,,,100,85,5
462190260,2,ؖs,o,0,,,263,164,69
462190270,2,ؖs,Β,0,,,149,99,50
462190280,2,ؖs,`,0,,,59,55,3
462190290,2,ؖs,{l,0,,,151,139,10
462190300,2,ؖs,,0,,,129,95,29
462190310,2,ؖs,Z,0,,,165,76,36
462190320,2,ؖs,蒬,0,,,106,72,32
462190330,2,ؖs,,0,,,90,61,27
462190340,2,ؖs,lc,0,,,62,52,2
462190350,2,ؖs,ؒ,0,,,63,59,3
462190360,2,ؖs,V,0,,,99,93,5
462190370,2,ؖs,c,0,,,233,83,24
462190380,2,ؖs,c,0,,,163,87,73
462190390,2,ؖs,,0,,,169,148,13
462190400,2,ؖs,,0,,,399,271,96
462190410,2,ؖs,F,2,053002,,X,X,X
462190420,2,ؖs,܂{,2,053002,,X,X,X
462190431,2,ؖs,,0,,,638,375,144
46219043101,3,ؖs,P,0,,,261,120,27
46219043102,3,ؖs,Q,0,,,170,82,85
46219043103,3,ؖs,R,0,,,103,85,17
46219043104,3,ؖs,S,0,,,104,88,15
462190432,2,ؖs,,0,,,495,405,31
462190440,2,ؖs,,0,,,245,211,7
462190450,2,ؖs,k,0,,,672,533,57
462190460,2,ؖs,,0,,,519,437,53
462190470,2,ؖs,b{,0,,,168,126,37
462190480,2,ؖs,Ђ΂肪u,0,,,199,51,12
462190490,2,ؖs,Ɠ,0,,,548,353,105
462190500,2,ؖs,ʕ{,0,,,194,145,45
462190510,2,ؖs,[,0,,,212,159,34
462190520,2,ؖs,C,0,,,17,16,1
46219052000,3,ؖs,C,0,,,-,-,-
46219052001,3,ؖs,C,0,,,17,16,1
462190530,2,ؖs,쌳,0,,,184,154,29
46219053000,3,ؖs,쌳,2,053002,,X,X,X
46219053002,3,ؖs,쌳,1,,0410;0420;053000,184,154,29
462190540,2,ؖs,],0,,,206,164,27
462190550,2,ؖs,[c,0,,,13,13,-
462190560,2,ؖs,[c,1,,056002;056003,12,11,1
46219056002,3,ؖs,[c,2,0560,,X,X,X
46219056003,3,ؖs,[c,2,0560,,X,X,X
462190570,2,ؖs,쉺,0,,,5,4,1
462190580,2,ؖs,lP,0,,,219,127,78
462190590,2,ؖs,O,0,,,9,3,1
462190600,2,ؖs,FR,0,,,37,34,2
46219060000,3,ؖs,FR,0,,,27,24,2
46219060002,3,ؖs,FR,0,,,10,10,-
462190610,2,ؖs,R,0,,,34,33,1
462190620,2,ؖs,R,0,,,94,77,3
462190630,2,ؖs,ڃP,0,,,102,80,7
46220,1,삳܎s,,0,,,15114,11858,1881
462200010,2,삳܎s,cn,0,,,146,81,62
462200020,2,삳܎s,c,0,,,810,441,331
46220002000,3,삳܎s,c,0,,,7,1,6
46220002001,3,삳܎s,cP,0,,,116,41,68
46220002002,3,삳܎s,cQ,0,,,197,93,97
46220002003,3,삳܎s,cR,0,,,187,124,53
46220002004,3,삳܎s,cS,0,,,166,101,58
46220002005,3,삳܎s,cT,0,,,137,81,49
462200030,2,삳܎s,씨,0,,,1170,853,243
462200040,2,삳܎s,c{,0,,,337,196,108
462200050,2,삳܎s,T,0,,,159,82,70
462200060,2,삳܎s,c,0,,,1041,754,187
462200070,2,삳܎s,Rc,0,,,506,399,27
462200080,2,삳܎s,Ê,0,,,633,579,5
462200090,2,삳܎s,vR,0,,,830,622,135
462200100,2,삳܎s,{,0,,,325,260,28
462200110,2,삳܎s,,0,,,323,231,23
462200120,2,삳܎s,m,0,,,709,546,85
462200130,2,삳܎s,,0,,,910,781,58
462200140,2,삳܎s,c[,0,,,136,67,21
462200150,2,삳܎s,cn[j[,0,,,206,88,1
462200160,2,삳܎s,cn,0,,,123,86,33
462200170,2,삳܎s,c{,0,,,340,158,160
462200220,2,삳܎s,ЉY,0,,,680,597,24
462200230,2,삳܎s,Ԑ,0,,,283,249,11
462200240,2,삳܎s,ЉY,0,,,238,209,12
462200250,2,삳܎s,ЉY,0,,,-,-,-
462200260,2,삳܎s,Y,0,,,919,816,30
46220026001,3,삳܎s,Yl,0,,,58,57,-
46220026002,3,삳܎s,Y,0,,,47,43,3
46220026003,3,삳܎s,YV,0,,,137,124,3
46220026004,3,삳܎s,YL,0,,,39,28,1
46220026005,3,삳܎s,YؘA,0,,,66,44,2
46220026006,3,삳܎s,YVcR,0,,,42,22,1
46220026007,3,삳܎s,Y,0,,,64,55,9
46220026008,3,삳܎s,Y,0,,,20,18,2
46220026009,3,삳܎s,Yic,0,,,68,56,-
46220026010,3,삳܎s,Y,0,,,25,25,-
46220026011,3,삳܎s,Yē,0,,,57,56,1
46220026012,3,삳܎s,Yv,0,,,26,26,-
46220026013,3,삳܎s,Y,0,,,51,49,2
46220026014,3,삳܎s,Y؏,0,,,76,76,-
46220026015,3,삳܎s,YzH,0,,,75,71,4
46220026016,3,삳܎s,Y,0,,,68,66,2
46220026017,3,삳܎s,YHړ,0,,,-,-,-
462200450,2,삳܎s,vu,0,,,263,245,13
462200460,2,삳܎s,H,0,,,49,43,5
462200470,2,삳܎s,,0,,,500,475,16
462200480,2,삳܎s,V,0,,,703,636,15
462200490,2,삳܎s,,0,,,429,332,49
462200500,2,삳܎s,,0,,,162,160,2
462200510,2,삳܎s,r,0,,,174,170,3
462200520,2,삳܎s,,0,,,302,278,10
462200530,2,삳܎s,,0,,,209,196,2
462200540,2,삳܎s,Ԑ,0,,,136,103,31
462200550,2,삳܎s,{,0,,,626,477,59
462200560,2,삳܎s,VR,0,,,180,172,8
462200570,2,삳܎s,Ö,0,,,218,190,8
462200580,2,삳܎s,YV,0,,,161,117,5
462200590,2,삳܎s,,0,,,178,169,1
46221,1,uzus,,0,,,13687,10359,2099
462210010,2,uzus,q,0,,,742,589,73
462210020,2,uzus,q,0,,,973,568,309
462210030,2,uzus,H,0,,,606,551,16
462210040,2,uzus,c,0,,,408,367,14
462210050,2,uzus,Rd,0,,,368,336,9
462210060,2,uzus,_,0,,,642,596,26
462210070,2,uzus,ɍc,0,,,769,724,13
462210081,2,uzus,uzu,0,,,1102,611,373
46221008101,3,uzus,uzuPځiP`j,0,,,278,195,79
46221008102,3,uzus,uzuQځiQ`j,0,,,405,222,142
46221008103,3,uzus,uzuRځiR`j,0,,,419,194,152
462210082,2,uzus,uzu,0,,,1359,842,370
462210090,2,uzus,,0,,,1735,1343,325
46221009000,3,uzus,,0,,,1708,1334,320
46221009001,3,uzus,,0,,,27,9,5
462210100,2,uzus,y,0,,,2454,1552,509
462210110,2,uzus,Vq,0,,,488,469,12
462210120,2,uzus,cVY,0,,,240,232,6
462210130,2,uzus,Ĉ,0,,,116,107,7
462210140,2,uzus,V,0,,,737,634,18
462210150,2,uzus,ז,0,,,470,402,15
462210160,2,uzus,쌩,0,,,478,436,4
46222,1,s,,0,,,19293,9714,5423
462220010,2,s,l,0,,,230,72,141
462220020,2,s,Ve,0,,,285,152,116
462220030,2,s,M,0,,,169,53,109
462220040,2,s,v,0,,,227,109,108
462220050,2,s,,0,,,364,214,137
462220060,2,s,K,0,,,267,129,122
462220070,2,s,䍪,0,,,503,283,210
462220080,2,s,ic,0,,,217,103,66
462220090,2,s,L,0,,,264,83,166
462220100,2,s,`,0,,,306,100,182
462220110,2,s,ɒÕ,0,,,459,208,232
462220120,2,s,΋,0,,,375,172,194
462220130,2,s,v,0,,,382,182,193
462220140,2,s,Óc,0,,,362,182,177
462220150,2,s,^Ò,0,,,683,232,143
462220160,2,s,c,0,,,678,294,173
462220170,2,s,t,0,,,541,94,51
462220180,2,s,,0,,,551,220,207
462220190,2,s,,0,,,351,164,156
462220200,2,s,l,0,,,632,212,346
462220210,2,s,F,0,,,976,173,96
462220220,2,s,l,0,,,1019,391,552
462220230,2,s,l,0,,,384,178,181
462220330,2,s,厚ԕ,0,,,67,48,6
462220340,2,s,厚L,0,,,33,23,5
462220351,2,s,,0,,,221,87,42
462220352,2,s,厚F,0,,,405,290,60
462220361,2,s,Y㒬,0,,,600,357,189
462220362,2,s,厚Y,0,,,70,43,23
462220371,2,s,L,1,,0372,458,319,132
462220372,2,s,厚L,2,0371,,X,X,X
462220373,2,s,a,0,,,305,213,64
462220381,2,s,,0,,,178,115,26
462220382,2,s,厚,0,,,307,75,56
462220390,2,s,厚,0,,,76,60,5
462220400,2,s,厚m,0,,,116,100,8
462220420,2,s,厚h,0,,,304,251,39
462220430,2,s,厚m,0,,,106,88,17
462220440,2,s,厚茴,0,,,45,32,-
462220450,2,s,厚,0,,,226,179,19
462220460,2,s,厚,0,,,46,40,1
462220470,2,s,厚,0,,,23,17,1
462220480,2,s,厚,0,,,52,41,3
462220490,2,s,厚ɒÕ,0,,,33,30,3
462220500,2,s,厚,0,,,85,41,2
462220520,2,s,厚,0,,,59,43,7
462220530,2,s,l,0,,,578,110,31
462220540,2,s,,0,,,602,292,53
462220550,2,s,m,0,,,248,149,87
462220560,2,s,mV,0,,,678,405,200
462220570,2,s,厚,0,,,70,41,5
462220580,2,s,厚,0,,,44,33,2
462220590,2,s,厚a,0,,,27,13,5
462220600,2,s,厚,0,,,86,60,7
462220610,2,s,厚,0,,,20,16,-
462220620,2,s,厚,0,,,70,52,8
462220630,2,s,厚,0,,,14,12,-
462220640,2,s,厚Ό,0,,,13,8,-
462220650,2,s,厚,0,,,75,49,10
46222065001,3,s,厚,0,,,42,35,2
46222065002,3,s,厚,0,,,6,4,1
46222065003,3,s,厚,0,,,27,10,7
462220660,2,s,厚R,0,,,120,85,11
462220670,2,s,厚s,0,,,81,55,3
462220680,2,s,厚m,0,,,80,61,9
462220690,2,s,厚m,0,,,153,127,10
462220700,2,s,厚p,0,,,72,59,5
462220710,2,s,厚},0,,,281,232,29
462220720,2,s,厚ӗ,0,,,94,50,-
462220730,2,s,厚{,0,,,176,151,10
462220740,2,s,厚Fh,0,,,139,108,12
462220750,2,s,厚,0,,,87,66,3
462220760,2,s,厚a,0,,,58,49,4
462220770,2,s,厚ߓc,0,,,194,151,18
462220780,2,s,厚,0,,,140,126,9
462220790,2,s,厚p,0,,,108,84,15
462220800,2,s,厚쐣,0,,,191,167,11
462220810,2,s,厚ԕ,0,,,124,102,11
462220820,2,s,厚Ov,0,,,204,93,24
462220830,2,s,厚v,0,,,168,85,22
462220840,2,s,厚,0,,,240,116,40
462220850,2,s,厚,0,,,18,15,3
46223,1,Bs,,0,,,15047,12366,1591
462230010,2,Bs,qV,0,,,1286,1032,135
462230020,2,Bs,S,0,,,786,653,69
462230030,2,Bs,,0,,,575,505,46
462230040,2,Bs,ʕ{,0,,,1430,1237,83
462230050,2,Bs,ʕ{,0,,,746,698,27
462230060,2,Bs,R[h0060̌v,0,,,181,162,5
46223006001,3,Bs,S,0,,,159,141,4
46223006002,3,Bs,i,0,,,22,21,1
462230070,2,Bs,R[h0070̌v,0,,,1997,1341,287
46223007001,3,Bs,S,0,,,1691,1055,271
46223007002,3,Bs,n,0,,,164,159,3
46223007003,3,Bs,i,0,,,142,127,13
462230080,2,Bs,R[h0080̌v,0,,,449,396,26
46223008001,3,Bs,i,0,,,291,244,21
46223008002,3,Bs,ʕ{,0,,,158,152,5
462230090,2,Bs,ʕ{,0,,,375,340,11
462230100,2,Bs,R[h0100̌v,0,,,687,571,62
46223010001,3,Bs,,0,,,335,301,33
46223010002,3,Bs,,0,,,352,270,29
462230110,2,Bs,R[h0110̌v,0,,,661,601,33
46223011001,3,Bs,ʕ{,0,,,78,77,1
46223011002,3,Bs,ʕ{,1,,011003,475,417,32
46223011003,3,Bs,ʕ{,2,011002,,X,X,X
46223011004,3,Bs,,0,,,108,107,-
462230120,2,Bs,R[h0120̌v,0,,,493,454,17
46223012001,3,Bs,ʕ{,0,,,308,275,12
46223012002,3,Bs,,0,,,185,179,5
462230130,2,Bs,R,0,,,1052,725,239
462230140,2,Bs,cc,0,,,730,512,203
462230150,2,Bs,ic,0,,,344,284,54
462230160,2,Bs,Rc,0,,,369,334,31
462230170,2,Bs,Rc,0,,,206,168,28
462230180,2,Bs,Rc,0,,,434,381,40
462230190,2,Bs,{ʕ{,0,,,110,104,6
462230200,2,Bs,c,0,,,335,301,16
462230210,2,Bs,{,0,,,204,185,15
462230220,2,Bs,,0,,,93,87,5
462230230,2,Bs,c,0,,,123,100,19
462230240,2,Bs,Y,0,,,303,233,59
462230250,2,Bs,,0,,,288,263,15
462230260,2,Bs,,0,,,375,310,36
462230270,2,Bs,_a,0,,,144,133,10
462230280,2,Bs,Óa,0,,,102,94,8
462230290,2,Bs,,0,,,169,162,6
46224,1,ɍs,,0,,,11895,9298,1467
462240010,2,ɍs,,0,,,1837,1036,451
462240020,2,ɍs,,0,,,160,97,46
462240030,2,ɍs,c,0,,,528,410,101
462240040,2,ɍs,؃m,0,,,124,115,5
462240050,2,ɍs,,0,,,298,256,30
462240060,2,ɍs,,0,,,352,277,50
462240070,2,ɍs,ڊ,0,,,145,119,10
462240080,2,ɍs,c,0,,,340,235,88
462240090,2,ɍs,,0,,,345,234,33
462240100,2,ɍs,哇,0,,,245,194,47
462240110,2,ɍs,a,0,,,494,420,49
462240120,2,ɍs,,0,,,119,92,20
462240130,2,ɍs,gc,0,,,147,140,5
462240140,2,ɍs,{l,0,,,239,222,1
462240150,2,ɍs,],0,,,380,352,16
462240160,2,ɍs,j,0,,,331,313,7
462240170,2,ɍs,c,0,,,147,133,2
462240180,2,ɍs,␣,0,,,42,40,1
462240190,2,ɍs,,0,,,128,122,4
462240200,2,ɍs,,0,,,31,30,1
462240210,2,ɍs,R,0,,,538,474,21
462240220,2,ɍs,،,0,,,503,450,28
462240230,2,ɍs,,0,,,328,212,39
462240240,2,ɍs,,0,,,47,38,-
462240250,2,ɍs,o,0,,,219,202,4
462240260,2,ɍs,㒬,0,,,292,183,62
462240270,2,ɍs,HY,0,,,433,354,42
462240280,2,ɍs,Hrc,0,,,402,387,11
462240290,2,ɍs,H,0,,,185,166,14
462240300,2,ɍs,Hk,0,,,397,321,31
462240310,2,ɍs,H,0,,,195,188,4
462240320,2,ɍs,HO,0,,,812,636,81
462240330,2,ɍs,H,0,,,128,118,8
462240340,2,ɍs,HԖk,0,,,168,139,22
462240350,2,ɍs,Hd,0,,,340,240,67
462240360,2,ɍs,Hc,0,,,224,184,29
462240370,2,ɍs,HsR,0,,,252,169,37
46225,1,ǎs,,0,,,30873,21866,6315
462250010,2,ǎs,y,0,,,2253,1371,546
462250020,2,ǎs,,0,,,221,157,55
462250030,2,ǎs,Vx,0,,,168,108,40
462250040,2,ǎs,zK,0,,,239,109,116
462250050,2,ǎs,,0,,,236,144,46
462250060,2,ǎs,{,0,,,256,169,83
462250070,2,ǎs,`,0,,,164,112,46
462250080,2,ǎs,ؓc,0,,,3089,2047,632
462250090,2,ǎs,э],0,,,300,194,89
462250100,2,ǎs,V,0,,,768,421,83
462250110,2,ǎs,ʕ{,0,,,270,260,6
462250120,2,ǎs,ʕ{AӐ,0,,,78,78,-
462250130,2,ǎs,Rc,0,,,578,484,30
462250140,2,ǎs,؎R,0,,,286,249,22
462250150,2,ǎs,{,0,,,522,297,208
462250161,2,ǎs,,0,,,810,597,201
46225016101,3,ǎs,P,0,,,315,205,106
46225016102,3,ǎs,Q,0,,,314,241,69
46225016103,3,ǎs,R,0,,,181,151,26
462250162,2,ǎs,ݓc,0,,,3969,2364,1317
462250170,2,ǎs,{,0,,,270,150,109
462250180,2,ǎs,ݓc,0,,,5051,3503,1242
46225018000,3,ǎs,ݓc,0,,,4878,3359,1217
46225018001,3,ǎs,ݓc,0,,,173,144,25
462250190,2,ǎs,,0,,,3165,2381,639
462250200,2,ǎs,r,0,,,562,415,135
462250210,2,ǎs,ir,0,,,392,288,90
462250220,2,ǎs,e,0,,,731,509,206
462250230,2,ǎs,D,0,,,408,379,22
462250240,2,ǎs,OE,0,,,225,201,18
462250250,2,ǎs,q,0,,,343,297,38
462250260,2,ǎs,i,0,,,56,52,2
462250270,2,ǎs,c,0,,,201,131,6
462250280,2,ǎs,Ö,0,,,69,65,3
462250290,2,ǎs,L,0,,,70,68,2
462250300,2,ǎs,[,0,,,18,18,-
462250310,2,ǎs,Zg,0,,,91,85,5
462250320,2,ǎs,t,0,,,147,135,12
462250330,2,ǎs,,0,,,268,210,6
462250340,2,ǎs,㖼,0,,,174,169,4
462250350,2,ǎs,R,0,,,79,50,2
462250360,2,ǎs,kR,0,,,141,129,3
462250370,2,ǎs,ؒÎu,0,,,57,56,1
462250380,2,ǎs,,0,,,1362,1162,113
46225038001,3,ǎs,ǂP,0,,,565,441,53
46225038002,3,ǎs,ǂQ,0,,,225,205,16
46225038003,3,ǎs,ǂR,0,,,273,246,21
46225038004,3,ǎs,ǂS,0,,,299,270,23
462250390,2,ǎs,v,0,,,571,463,54
462250400,2,ǎs,Ċ,0,,,217,179,8
462250410,2,ǎs,,0,,,145,126,3
462250420,2,ǎs,Y,0,,,132,115,2
462250430,2,ǎs,k,0,,,215,192,5
462250440,2,ǎs,j,0,,,103,100,2
462250450,2,ǎs,v,0,,,74,74,-
462250460,2,ǎs,v,0,,,351,325,19
462250470,2,ǎs,v,0,,,378,249,22
462250480,2,ǎs,v,0,,,441,277,17
462250490,2,ǎs,j,0,,,66,62,2
462250500,2,ǎs,j,0,,,43,41,2
462250510,2,ǎs,Ċ,0,,,50,49,1
46303,1,SO,,0,,,195,79,3
463030010,2,SO,厚,0,,,96,46,1
463030020,2,SO,厚,0,,,58,25,1
463030030,2,SO,厚|,0,,,41,8,1
46304,1,S\,,0,,,378,208,19
463040010,2,S\,厚V,0,,,81,48,4
463040020,2,S\,厚zKV,0,,,33,15,-
463040030,2,S\,厚V,0,,,87,58,7
463040040,2,S\,厚,0,,,28,10,-
463040050,2,S\,厚,0,,,72,37,6
463040060,2,S\,厚,0,,,38,22,-
463040070,2,S\,厚Γ,0,,,39,18,2
463040080,2,S\,厚gJ,0,,,-,-,-
463040090,2,S\,厚֓,0,,,-,-,-
463040100,2,S\,厚m,0,,,-,-,-
463040110,2,S\,厚,0,,,-,-,-
46392,1,FSܒ,,0,,,9422,7540,1015
463920010,2,FSܒ,{V鉮n,0,,,1461,915,276
463920020,2,FSܒ,Ջ,0,,,1336,909,250
463920030,2,FSܒ,g,0,,,196,170,16
463920040,2,FSܒ,D,0,,,647,439,132
463920050,2,FSܒ,A,0,,,92,86,1
463920060,2,FSܒ,,0,,,277,255,8
463920070,2,FSܒ,c,0,,,446,352,74
463920080,2,FSܒ,L,0,,,624,536,68
463920090,2,FSܒ,R,0,,,309,232,23
463920100,2,FSܒ,vx,0,,,257,240,6
463920110,2,FSܒ,n,0,,,314,301,12
463920120,2,FSܒ,j,0,,,172,163,3
463920130,2,FSܒ,,0,,,128,122,2
463920140,2,FSܒ,_q,0,,,450,385,28
463920150,2,FSܒ,ߓc,0,,,388,347,12
463920160,2,FSܒ,,0,,,607,526,62
463920170,2,FSܒ,,0,,,250,218,7
463920180,2,FSܒ,,0,,,615,565,18
463920190,2,FSܒ,i,0,,,423,383,10
463920200,2,FSܒ,Ð,0,,,430,396,7
46404,1,oS,,0,,,4083,3685,188
464040010,2,oS,q,0,,,287,260,7
464040020,2,oS,Y,0,,,287,283,3
464040030,2,oS,Y,0,,,272,259,10
464040040,2,oS,鑃,0,,,736,590,91
464040050,2,oS,쏰,0,,,467,431,16
464040060,2,oS,R,0,,,384,360,13
464040070,2,oS,,0,,,559,509,13
464040080,2,oS,V,0,,,354,332,9
464040090,2,oS,w],0,,,257,213,11
464040100,2,oS,,0,,,276,260,8
464040110,2,oS,R,0,,,204,188,7
46452,1,ǌSN,,0,,,4275,3422,255
464520010,2,ǌSN,؏,0,,,1261,901,131
464520020,2,ǌSN,ĉi,0,,,285,237,33
464520030,2,ǌSN,t,0,,,109,97,12
464520040,2,ǌSN,c,0,,,133,131,2
464520050,2,ǌSN,k,0,,,403,335,11
464520060,2,ǌSN,P,0,,,243,230,2
464520070,2,ǌSN,Kc,0,,,308,272,10
464520080,2,ǌSN,ߊ,0,,,188,152,8
464520090,2,ǌSN,Ð,0,,,342,232,6
464520100,2,ǌSN,쐼,0,,,673,522,31
464520110,2,ǌSN,Y,0,,,196,186,6
464520120,2,ǌSN,ʎ᎛,0,,,134,127,3
46468,1,]S蒬,,0,,,5940,5063,537
464680010,2,]S蒬,,0,,,993,896,52
464680020,2,]S蒬,,0,,,223,213,3
464680030,2,]S蒬,ʕ{,0,,,116,107,7
464680040,2,]S蒬,h,0,,,956,692,165
464680050,2,]S蒬,ig,0,,,1097,1029,53
464680060,2,]S蒬,igC,0,,,432,352,24
464680070,2,]S蒬,_,0,,,472,354,86
464680080,2,]S蒬,_́Cv,0,,,260,236,19
464680090,2,]S蒬,䖓,0,,,341,319,14
464680100,2,]S蒬,_́CHc,0,,,1050,865,114
46482,1,̑Sǒ,,0,,,2740,2420,116
464820010,2,̑Sǒ,O,0,,,423,400,15
464820020,2,̑Sǒ,rV,0,,,726,571,65
464820030,2,̑Sǒ,쐼,0,,,295,249,9
464820040,2,̑Sǒ,V쐼,0,,,402,372,6
464820050,2,̑Sǒ,쓌,0,,,894,828,21
46490,1,̑Sэ],,0,,,3406,2872,180
464900010,2,̑Sэ],錳,0,,,939,751,72
464900020,2,̑Sэ],n,0,,,709,550,54
464900030,2,̑Sэ],_,0,,,706,645,18
464900040,2,̑Sэ],c[,0,,,610,503,26
464900050,2,̑Sэ],c쌴,0,,,442,423,10
46491,1,̑S,,0,,,3503,2990,221
464910010,2,̑S,k,0,,,952,737,111
464910020,2,̑S,,0,,,455,358,39
464910030,2,̑S,R{,0,,,304,264,20
464910040,2,̑S,ӓc,0,,,256,247,4
464910050,2,̑S,艡ʕ{,0,,,388,369,11
464910060,2,̑S,ɍ~,0,,,511,421,26
464910070,2,̑S,n,0,,,284,265,7
464910080,2,̑S,S,0,,,254,237,2
464910090,2,̑S,Ӓ,0,,,99,92,1
46492,1,̑S̕t,,0,,,6886,5958,439
464920010,2,̑S̕t,Vx,0,,,1590,1323,130
464920020,2,̑S̕t,Oc,0,,,1564,1224,145
464920030,2,̑S̕t,c,0,,,1084,1025,44
464920040,2,̑S̕t,xR,0,,,261,223,27
464920050,2,̑S̕t,{,0,,,191,180,8
464920060,2,̑S̕t,,0,,,250,232,3
464920070,2,̑S̕t,g,0,,,375,361,8
464920080,2,̑S̕t,k,0,,,513,426,25
464920090,2,̑S̕t,,0,,,723,658,45
464920100,2,̑S̕t,ݗ,0,,,335,306,4
46501,1,FьSq,,0,,,3691,2776,494
465010010,2,FьSq,q,0,,,77,74,2
465010020,2,FьSq,[,0,,,355,298,18
465010030,2,FьSq,c,0,,,378,336,32
465010040,2,FьSq,,0,,,1999,1315,378
465010050,2,FьSq,v,0,,,256,208,14
465010060,2,FьSq,c,0,,,181,156,11
465010070,2,FьSq,,0,,,445,389,39
46502,1,FьSq,,0,,,2679,1964,318
465020010,2,FьSq,R,0,,,195,175,13
465020020,2,FьSq,si,0,,,211,178,18
465020030,2,FьSq,,0,,,100,85,4
465020040,2,FьSq,V,0,,,377,338,23
465020050,2,FьSq,C,0,,,126,111,5
465020060,2,FьSq,,0,,,294,251,22
465020070,2,FьSq,J,0,,,176,137,12
465020080,2,FьSq,㒆,0,,,1200,689,221
46505,1,FьSv,,0,,,5982,3988,872
465050010,2,FьSv,,0,,,170,123,28
465050020,2,FьSv,c,0,,,192,134,38
465050030,2,FьSv,,0,,,64,45,10
465050040,2,FьSv,,0,,,205,137,41
465050050,2,FьSv,{VY,0,,,1402,730,240
465050060,2,FьSv,uˎq,0,,,159,126,15
465050070,2,FьSv,ꖩ,0,,,346,281,39
465050080,2,FьSv,gc,0,,,89,83,5
465050090,2,FьSv,ic,0,,,234,186,29
465050100,2,FьSv,iǕ,0,,,-,-,-
465050110,2,FьSv,{VY,0,,,-,-,-
465050120,2,FьSv,Ds,0,,,179,130,32
46505012001,3,FьSv,Ds,0,,,101,75,20
46505012002,3,FьSv,Dsiv,0,,,78,55,12
465050130,2,FьSv,[,0,,,1303,729,217
46505013001,3,FьSv,[,0,,,476,201,49
46505013002,3,FьSv,[,0,,,274,165,61
46505013003,3,FьSv,[tq,0,,,425,266,84
46505013004,3,FьSv,[,0,,,128,97,23
465050140,2,FьSv,,0,,,204,159,25
46505014001,3,FьSv,,0,,,128,99,17
46505014002,3,FьSv,,0,,,76,60,8
465050150,2,FьSv,,0,,,217,175,26
465050160,2,FьSv,V,0,,,371,261,41
465050170,2,FьSv,,0,,,127,97,15
465050180,2,FьSv,,0,,,254,203,29
465050190,2,FьSv,,0,,,99,78,12
465050200,2,FьSv,,0,,,112,98,8
465050210,2,FьSv,I,0,,,255,213,22
465050220,2,FьSv,{VYx,0,,,-,-,-
46523,1,哇Sa,,0,,,704,455,50
465230010,2,哇Sa,厚,0,,,47,28,2
465230020,2,哇Sa,厚p,0,,,45,25,-
465230030,2,哇Sa,厚Öv,0,,,67,51,4
465230040,2,哇Sa,厚v,0,,,58,38,4
465230050,2,哇Sa,厚al,0,,,112,77,5
465230060,2,哇Sa,厚I,0,,,131,88,11
465230070,2,哇Sa,厚v,0,,,39,33,-
465230080,2,哇Sa,厚ˉ~,0,,,52,20,11
465230090,2,哇Sa,厚,0,,,95,61,13
465230100,2,哇Sa,厚uˊ,0,,,4,3,-
465230110,2,哇Sa,厚,0,,,54,31,-
46524,1,哇SF,,0,,,847,599,98
465240010,2,哇SF,厚p,0,,,220,159,20
465240020,2,哇SF,厚p,0,,,53,42,7
465240030,2,哇SF,厚{,0,,,62,29,2
465240040,2,哇SF,厚A,0,,,21,15,6
465240050,2,哇SF,厚,0,,,76,45,12
465240060,2,哇SF,厚O,0,,,18,14,4
465240070,2,哇SF,厚c,0,,,51,37,8
465240080,2,哇SF,厚,0,,,31,20,8
465240090,2,哇SF,厚,0,,,28,22,4
465240100,2,哇SF,厚F,0,,,45,39,3
465240110,2,哇SF,厚vu,0,,,21,11,3
465240120,2,哇SF,厚,0,,,31,27,2
465240130,2,哇SF,厚,0,,,122,96,7
465240140,2,哇SF,厚c,0,,,68,43,12
465240900,2,哇SF,厚,0,,,-,-,-
46525,1,哇S˓,,0,,,4342,2584,838
465250010,2,哇S˓,厚Ì,0,,,228,190,28
465250020,2,哇S˓,厚,0,,,1524,835,369
465250030,2,哇S˓,厚Ðm,0,,,1835,958,339
465250040,2,哇S˓,厚v,0,,,272,207,46
465250050,2,哇S˓,厚ԕx,0,,,375,305,46
465250060,2,哇S˓,厚,0,,,56,51,5
465250070,2,哇S˓,厚^H,0,,,52,38,5
46527,1,哇S,,0,,,2388,1577,354
465270010,2,哇S,H,0,,,106,87,9
465270020,2,哇S,,0,,,78,60,6
465270030,2,哇S,Ón,0,,,102,80,14
465270040,2,哇S,~,0,,,80,61,6
465270050,2,哇S,؉,0,,,65,52,6
465270060,2,哇S,,0,,,102,65,17
465270070,2,哇S,v,0,,,32,20,7
465270080,2,哇S,,0,,,109,77,14
465270090,2,哇S,,0,,,17,8,9
465270100,2,哇S,Y,0,,,179,122,20
465270110,2,哇S,叟,0,,,304,180,69
465270120,2,哇S,,0,,,35,27,1
465270130,2,哇S,,0,,,208,118,60
465270140,2,哇S,ˌ,0,,,56,40,9
465270150,2,哇S,ˌ,0,,,107,80,4
465270160,2,哇S,ˌ,0,,,69,53,11
465270170,2,哇S,L,0,,,110,78,14
465270180,2,哇S,Ԕ,0,,,258,181,49
465270190,2,哇S,,0,,,126,82,8
465270200,2,哇S,ʗ,0,,,245,106,21
46529,1,哇SE,,0,,,3348,2412,454
465290010,2,哇SE,厚p,0,,,588,333,131
465290020,2,哇SE,厚ԘA,0,,,519,274,71
465290030,2,哇SE,厚,0,,,288,184,51
465290040,2,哇SE,厚r,0,,,235,193,18
465290050,2,哇SE,厚vËv,0,,,66,49,11
465290060,2,哇SE,厚ÓS,0,,,185,166,12
465290070,2,哇SE,厚Y,0,,,51,48,3
465290080,2,哇SE,厚,0,,,69,56,13
465290090,2,哇SE,厚H,0,,,49,44,5
465290100,2,哇SE,厚Rc,0,,,11,11,-
465290110,2,哇SE,厚v,0,,,38,34,2
465290120,2,哇SE,厚,0,,,18,15,1
465290130,2,哇SE,厚,0,,,31,28,3
465290140,2,哇SE,厚r,0,,,54,37,16
465290150,2,哇SE,厚,0,,,22,17,5
465290160,2,哇SE,厚F,0,,,40,27,4
465290170,2,哇SE,厚咩,0,,,37,32,5
465290180,2,哇SE,厚,0,,,8,8,-
465290190,2,哇SE,厚,0,,,65,56,8
465290200,2,哇SE,厚ɍ,0,,,20,17,2
465290210,2,哇SE,厚Ɏv,0,,,50,44,6
465290220,2,哇SE,厚,0,,,196,159,25
465290230,2,哇SE,厚uˉ,0,,,221,183,17
465290240,2,哇SE,厚v,0,,,86,76,4
465290250,2,哇SE,厚,0,,,91,54,18
465290260,2,哇SE,厚,0,,,55,43,2
465290270,2,哇SE,厚,0,,,44,36,2
465290280,2,哇SE,厚Ó,0,,,52,49,2
465290290,2,哇SE,厚`,0,,,37,35,-
465290300,2,哇SE,厚ԗǎ,0,,,78,67,10
465290310,2,哇SE,厚Y,0,,,44,37,7
46530,1,哇SV,,0,,,4860,3061,958
465300010,2,哇SV,T,0,,,2369,1194,696
46530001001,3,哇SV,TÓ,0,,,810,385,229
46530001002,3,哇SV,TÒ,0,,,422,253,120
46530001003,3,哇SV,TÖk,0,,,469,263,108
46530001004,3,哇SV,TÓ,0,,,649,279,236
46530001005,3,哇SV,TÓ쌴,0,,,19,14,3
465300050,2,哇SV,,1,,0060,115,90,16
465300060,2,哇SV,,2,0050,,X,X,X
465300070,2,哇SV,匴,0,,,75,50,22
465300080,2,哇SV,T,0,,,597,273,73
465300090,2,哇SV,a,0,,,134,120,14
465300100,2,哇SV,c,0,,,98,91,3
465300110,2,哇SV,V,0,,,216,175,33
46530011001,3,哇SV,V,0,,,200,159,33
46530011002,3,哇SV,V숮Pu,0,,,16,16,-
465300120,2,哇SV,vu,0,,,75,73,2
465300140,2,哇SV,,0,,,448,374,52
46530014001,3,哇SV,Ԓr,0,,,104,88,10
46530014002,3,哇SV,Ԕ,0,,,107,82,17
46530014003,3,哇SV,ԑ哖,0,,,118,100,10
46530014004,3,哇SV,ԉԎ,0,,,119,104,15
465300180,2,哇SV,ԓ,0,,,330,281,18
46530018001,3,哇SV,ԓO,0,,,133,114,11
46530018002,3,哇SV,ԓV,0,,,57,46,4
46530018003,3,哇SV,ԓԓ,0,,,140,121,3
465300210,2,哇SV,,0,,,84,83,-
465300220,2,哇SV,R,0,,,201,159,17
46530022001,3,哇SV,Rl,0,,,18,17,-
46530022002,3,哇SV,R`,0,,,107,75,13
46530022003,3,哇SV,R,0,,,53,46,2
46530022004,3,哇SV,RR,0,,,23,21,2
465300260,2,哇SV,,0,,,42,41,1
465300270,2,哇SV,X,0,,,57,42,11
465300280,2,哇SV,_V,0,,,19,15,-
46531,1,哇SV钬,,0,,,2588,1990,214
465310010,2,哇SV钬,厚^,0,,,110,102,5
465310020,2,哇SV钬,厚,0,,,249,229,15
465310030,2,哇SV钬,厚,0,,,122,109,7
465310040,2,哇SV钬,厚O,0,,,115,98,13
465310050,2,哇SV钬,厚O,0,,,151,78,17
465310060,2,哇SV钬,厚,0,,,409,308,41
465310070,2,哇SV钬,厚V,0,,,298,222,28
465310080,2,哇SV钬,厚y,0,,,427,255,45
465310090,2,哇SV钬,厚v,0,,,261,209,13
465310100,2,哇SV钬,厚Ð,0,,,42,38,4
465310110,2,哇SV钬,厚,0,,,221,184,14
465310120,2,哇SV钬,厚,0,,,25,25,-
465310130,2,哇SV钬,厚ؖ,0,,,122,105,8
465310140,2,哇SV钬,厚ؖ,0,,,36,28,4
46532,1,哇Sɐ咬,,0,,,2874,2311,260
465320010,2,哇Sɐ咬,厚O,0,,,162,137,19
465320020,2,哇Sɐ咬,厚,0,,,41,31,4
465320030,2,哇Sɐ咬,厚ڎv,0,,,194,177,10
465320040,2,哇Sɐ咬,厚ʓ,0,,,290,236,24
465320050,2,哇Sɐ咬,厚×,0,,,52,39,4
465320060,2,哇Sɐ咬,厚,0,,,128,104,14
465320070,2,哇Sɐ咬,厚ɐ,0,,,898,639,121
465320080,2,哇Sɐ咬,厚O,0,,,181,158,10
465320090,2,哇Sɐ咬,厚n,0,,,62,50,5
465320100,2,哇Sɐ咬,厚R,0,,,13,13,-
465320110,2,哇Sɐ咬,厚,0,,,114,104,7
465320120,2,哇Sɐ咬,厚d,0,,,18,18,-
465320130,2,哇Sɐ咬,厚ؔV,0,,,113,96,13
465320140,2,哇Sɐ咬,厚cz,0,,,287,220,18
465320150,2,哇Sɐ咬,厚茴,0,,,99,97,-
465320160,2,哇Sɐ咬,厚ؖ,0,,,142,119,4
465320170,2,哇Sɐ咬,厚,0,,,80,73,7
46533,1,哇Sa,,0,,,2819,1941,437
465330010,2,哇Sa,厚a,0,,,699,339,139
465330020,2,哇Sa,厚a,0,,,116,101,5
465330030,2,哇Sa,厚Xm,0,,,277,163,89
465330040,2,哇Sa,厚Xm,0,,,71,54,4
465330050,2,哇Sa,厚,0,,,252,139,45
465330060,2,哇Sa,厚o,0,,,95,76,13
465330070,2,哇Sa,厚ɉ,0,,,20,17,1
465330080,2,哇Sa,厚lz,0,,,96,85,6
465330090,2,哇Sa,厚,0,,,394,334,34
465330100,2,哇Sa,厚,0,,,94,81,13
465330110,2,哇Sa,厚,0,,,77,72,3
465330120,2,哇Sa,厚ʏ,0,,,157,118,28
465330130,2,哇Sa,厚,0,,,70,57,9
465330140,2,哇Sa,厚F,0,,,38,31,2
465330150,2,哇Sa,厚×,0,,,61,43,15
465330160,2,哇Sa,厚,0,,,97,68,8
465330180,2,哇Sa,厚,0,,,52,44,4
465330190,2,哇Sa,厚i,0,,,50,39,7
465330200,2,哇Sa,厚mu,0,,,24,24,-
465330210,2,哇Sa,厚JR,0,,,32,20,5
465330220,2,哇Sa,厚㗖,0,,,47,36,7
46534,1,哇Sm,,0,,,2637,1846,380
465340010,2,哇Sm,厚m,0,,,559,209,152
465340020,2,哇Sm,厚q,0,,,111,104,6
465340030,2,哇Sm,厚Ê,0,,,20,18,2
465340040,2,哇Sm,厚,0,,,50,43,5
465340050,2,哇Sm,厚Zg,0,,,154,127,17
465340060,2,哇Sm,厚,0,,,135,117,12
465340070,2,哇Sm,厚cF,0,,,289,235,26
465340080,2,哇Sm,厚,0,,,29,27,1
465340090,2,哇Sm,厚,0,,,62,41,10
465340100,2,哇Sm,厚V,0,,,67,60,5
465340110,2,哇Sm,厚vu,0,,,37,30,6
465340120,2,哇Sm,厚ԗ,0,,,33,33,-
465340130,2,哇Sm,厚ƒ,0,,,48,46,2
465340140,2,哇Sm,厚],0,,,88,68,8
465340150,2,哇Sm,厚㕽,0,,,144,123,20
465340160,2,哇Sm,厚,0,,,83,46,12
465340170,2,哇Sm,厚,0,,,39,38,1
465340180,2,哇Sm,厚,0,,,141,122,17
465340190,2,哇Sm,厚,0,,,64,53,11
465340200,2,哇Sm,厚o,0,,,309,197,33
465340210,2,哇Sm,厚m,0,,,175,109,34
465340220,2,哇Sm,厚㕽,0,,,-,-,-
46535,1,哇S^_,,0,,,2046,1502,294
465350010,2,哇S^_,厚,0,,,734,422,182
465350020,2,哇S^_,厚,0,,,201,169,11
465350030,2,哇S^_,厚ߊ,0,,,279,209,31
465350040,2,哇S^_,厚ߊ,0,,,85,62,5
465350050,2,哇S^_,厚ߊ,0,,,136,124,9
465350060,2,哇S^_,厚,0,,,144,126,13
465350070,2,哇S^_,厚,0,,,142,104,16
465350080,2,哇S^_,厚,0,,,101,83,13
465350090,2,哇S^_,厚×,0,,,224,203,14
